0 0.30357142857142855 0.21395348837209302 0.06944444444444445 0.08837209302325581
0 0.47619047619047616 0.27906976744186046 0.06746031746031746 0.08372093023255814
0 0.498015873015873 0.19534883720930232 0.07341269841269842 0.08372093023255814
1 0.8412698412698413 0.16279069767441862 0.037698412698412696 0.09069767441860466
0 0.5505952380952381 0.336046511627907 0.06944444444444445 0.07906976744186046
0 0.5029761904761905 0.05232558139534884 0.06547619047619048 0.08837209302325581
0 0.7380952380952381 0.9116279069767442 0.07341269841269842 0.08837209302325581
0 0.3819444444444444 0.6965116279069767 0.05952380952380952 0.07906976744186046
0 0.3343253968253968 0.6511627906976745 0.07142857142857142 0.07906976744186046
0 0.22718253968253968 0.5244186046511627 0.08928571428571429 0.10232558139534884
0 0.12301587301587301 0.5151162790697674 0.08531746031746032 0.09767441860465116
0 0.2837301587301587 0.027906976744186046 0.0873015873015873 0.05581395348837209
0 0.1775793650793651 0.023255813953488372 0.08928571428571429 0.046511627906976744
1 0.7906746031746031 0.641860465116279 0.04563492063492063 0.1744186046511628
1 0.7698412698412699 0.8430232558139535 0.03373015873015873 0.08837209302325581
1 0.12400793650793651 0.7476744186046511 0.03571428571428571 0.14186046511627906
1 0.18253968253968253 0.18953488372093022 0.027777777777777776 0.05813953488372093
1 0.1746031746031746 0.27325581395348836 0.023809523809523808 0.06046511627906977
0 0.8779761904761905 0.08837209302325581 0.07142857142857142 0.08372093023255814
0 0.8263888888888888 0.08139534883720931 0.06944444444444445 0.08372093023255814
0 0.8412698412698413 0.3744186046511628 0.07539682539682539 0.08837209302325581
0 0.35714285714285715 0.19651162790697674 0.07142857142857142 0.07906976744186046
0 0.7876984126984127 0.9186046511627907 0.07738095238095238 0.08604651162790698
