0 0.7132936507936508 0.7697674418604651 0.06547619047619048 0.08372093023255814
0 0.5367063492063492 0.7186046511627907 0.06349206349206349 0.08139534883720931
0 0.5198412698412699 0.8034883720930233 0.06944444444444445 0.07906976744186046
1 0.17956349206349206 0.8651162790697674 0.031746031746031744 0.09069767441860466
0 0.4593253968253968 0.6674418604651163 0.06746031746031746 0.07441860465116279
0 0.5238095238095238 0.9465116279069767 0.061507936507936505 0.08372093023255814
0 0.23809523809523808 0.10930232558139535 0.06944444444444445 0.08372093023255814
0 0.6061507936507936 0.2941860465116279 0.05555555555555555 0.07441860465116279
0 0.6567460317460317 0.336046511627907 0.06944444444444445 0.07441860465116279
0 0.7698412698412699 0.45348837209302323 0.08531746031746032 0.09534883720930233
0 0.8759920634920635 0.45465116279069767 0.08134920634920635 0.09302325581395349
0 0.7440476190476191 0.9616279069767442 0.08333333333333333 0.07674418604651163
0 0.8501984126984127 0.963953488372093 0.08531746031746032 0.07209302325581396
1 0.2013888888888889 0.3825581395348837 0.03571428571428571 0.1744186046511628
1 0.21031746031746032 0.17906976744186046 0.02976190476190476 0.08837209302325581
1 0.8601190476190477 0.22209302325581395 0.027777777777777776 0.13953488372093023
1 0.8353174603174603 0.7837209302325582 0.023809523809523808 0.05813953488372093
1 0.8373015873015873 0.7 0.01984126984126984 0.05813953488372093
0 0.14781746031746032 0.9418604651162791 0.06746031746031746 0.07906976744186046
0 0.19940476190476192 0.9441860465116279 0.06547619047619048 0.07906976744186046
0 0.16765873015873015 0.6534883720930232 0.07142857142857142 0.08372093023255814
0 0.6607142857142857 0.7906976744186046 0.06944444444444445 0.07441860465116279
0 0.1875 0.1058139534883721 0.07341269841269842 0.08139534883720931
