1 0.9329896907216495 0.6508771929824562 0.061855670103092786 0.09649122807017543
1 0.9110824742268041 0.7403508771929824 0.06443298969072164 0.1
0 0.9574742268041238 0.5771929824561404 0.07731958762886598 0.07368421052631578
0 0.8505154639175257 0.55 0.12371134020618557 0.07368421052631578
0 0.7255154639175257 0.27280701754385966 0.09536082474226804 0.06666666666666667
0 0.32216494845360827 0.4587719298245614 0.15206185567010308 0.09473684210526316
0 0.49871134020618557 0.3333333333333333 0.09020618556701031 0.06315789473684211
0 0.13917525773195877 0.3447368421052632 0.1211340206185567 0.08421052631578947
0 0.06443298969072164 0.48596491228070177 0.12886597938144329 0.08421052631578947
1 0.9742268041237113 0.42543859649122806 0.05154639175257732 0.12456140350877193
