1 0.04252577319587629 0.3868421052631579 0.04639175257731959 0.09473684210526316
1 0.04896907216494845 0.2956140350877193 0.04896907216494845 0.09824561403508772
0 0.030927835051546393 0.4614035087719298 0.061855670103092786 0.07017543859649122
0 0.14304123711340205 0.4789473684210526 0.1134020618556701 0.06491228070175438
0 0.3170103092783505 0.743859649122807 0.08505154639175258 0.05964912280701754
0 0.6842783505154639 0.5263157894736842 0.13917525773195877 0.08421052631578947
0 0.5309278350515464 0.6649122807017543 0.07989690721649484 0.05789473684210526
0 0.8853092783505154 0.624561403508772 0.10824742268041238 0.07543859649122807
0 0.9368556701030928 0.4763157894736842 0.12628865979381443 0.07543859649122807
1 0.03221649484536082 0.6140350877192983 0.04896907216494845 0.12280701754385964
