1 0.6633333333333333 0.7 0.02666666666666667 0.07555555555555556
1 0.49333333333333335 0.43 0.085 0.035555555555555556
1 0.32 0.43 0.085 0.03111111111111111
1 0.665 0.3322222222222222 0.02 0.07777777777777778
1 0.6625 0.034444444444444444 0.021666666666666667 0.06888888888888889
0 0.5158333333333334 0.9833333333333333 0.065 0.03333333333333333
0 0.5741666666666667 0.7677777777777778 0.058333333333333334 0.09111111111111111
0 0.4 0.7611111111111111 0.04666666666666667 0.06666666666666667
0 0.6833333333333333 0.4922222222222222 0.065 0.08
0 0.5933333333333334 0.4111111111111111 0.055 0.07777777777777778
0 0.2825 0.17333333333333334 0.04666666666666667 0.057777777777777775
0 0.4175 0.024444444444444446 0.04833333333333333 0.04888888888888889
1 0.6616666666666666 0.9744444444444444 0.02666666666666667 0.051111111111111114
1 0.5966666666666667 0.5455555555555556 0.03833333333333333 0.028888888888888888
