1 0.34981666666666666 0.7175999999999999 0.05633333333333335 0.03617777777777772
1 0.552175 0.4908888888888889 0.027116666666666636 0.11404444444444443
1 0.552175 0.2600222222222222 0.02294999999999997 0.11404444444444443
1 0.6262416666666667 0.7196888888888889 0.05841666666666659 0.026444444444444395
1 0.8927499999999999 0.7183 0.13873333333333335 0.02922222222222217
1 0.9647333333333333 0.22247777777777777 0.026066666666666835 0.11126666666666665
0 0.12189166666666668 0.5208111111111111 0.05738333333333334 0.08762222222222224
0 0.2992166666666667 0.5993888888888889 0.06780000000000001 0.07788888888888885
0 0.3039166666666667 0.36711111111111117 0.050066666666666704 0.061200000000000046
0 0.5057583333333333 0.7447222222222222 0.05944999999999993 0.08762222222222212
0 0.566775 0.624411111111111 0.05841666666666659 0.07233333333333324
0 0.7446333333333333 0.20995555555555553 0.04276666666666661 0.061199999999999984
0 0.901625 0.1870111111111111 0.05424999999999992 0.07371111111111114
0 0.8599000000000001 0.3900666666666667 0.04379999999999996 0.06537777777777781
0 0.90105 0.3893666666666667 0.044966666666666696 0.06397777777777783
1 0.03530833333333334 0.42831111111111114 0.019816666666666666 0.08066666666666669
1 0.12971666666666667 0.7168999999999999 0.06466666666666665 0.03477777777777773
1 0.4661166666666667 0.6292888888888889 0.02189999999999998 0.0514666666666666
