1 0.3591666666666667 0.7288888888888889 0.035 0.08
1 0.49916666666666665 0.4288888888888889 0.08833333333333333 0.051111111111111114
1 0.6708333333333333 0.3977777777777778 0.08666666666666667 0.04666666666666667
1 0.31916666666666665 0.36444444444444446 0.028333333333333332 0.08
1 0.2891666666666667 0.06888888888888889 0.028333333333333332 0.07333333333333333
0 0.5341666666666667 0.9788888888888889 0.06833333333333333 0.042222222222222223
0 0.45416666666666666 0.7788888888888889 0.06666666666666667 0.1
0 0.6266666666666667 0.74 0.05333333333333334 0.07555555555555556
0 0.3175 0.5266666666666666 0.07333333333333333 0.09111111111111111
0 0.3983333333333333 0.4288888888888889 0.06333333333333334 0.08666666666666667
0 0.6816666666666666 0.13666666666666666 0.051666666666666666 0.06666666666666667
0 0.5316666666666666 0.021111111111111112 0.05333333333333334 0.042222222222222223
1 0.3875 0.9855555555555555 0.03166666666666667 0.028888888888888888
1 0.4091666666666667 0.5633333333333334 0.041666666666666664 0.035555555555555556
