0 0.562807881773399 0.7793764988009593 0.0603448275862069 0.1223021582733813
0 0.6490147783251231 0.5311750599520384 0.06157635467980296 0.11990407673860912
0 0.6373152709359606 0.6247002398081535 0.06527093596059114 0.11750599520383694
0 0.49507389162561577 0.38489208633093525 0.06280788177339902 0.11990407673860912
0 0.6810344827586207 0.7158273381294964 0.054187192118226604 0.11031175059952038
0 0.5548029556650246 0.8609112709832134 0.05788177339901478 0.11270983213429256
1 0.1933497536945813 0.08513189448441247 0.04433497536945813 0.17026378896882494
1 0.27401477832512317 0.013189448441247002 0.10467980295566502 0.026378896882494004
1 0.4014778325123153 0.03237410071942446 0.05665024630541872 0.06474820143884892
1 0.5763546798029556 0.1079136690647482 0.07758620689655173 0.07673860911270983
1 0.7512315270935961 0.18345323741007194 0.07635467980295567 0.07913669064748201
1 0.14470443349753695 0.4844124700239808 0.03571428571428571 0.1510791366906475
0 0.18842364532019704 0.30335731414868106 0.06280788177339902 0.12470023980815348
0 0.14532019704433496 0.29256594724220625 0.0603448275862069 0.12709832134292565
0 0.5092364532019704 0.6534772182254197 0.06280788177339902 0.10071942446043165
