0 0.6102216748768473 0.7170263788968825 0.05788177339901478 0.11750599520383694
0 0.6447044334975369 0.4244604316546763 0.059113300492610835 0.11510791366906475
0 0.6514778325123153 0.5203836930455635 0.06280788177339902 0.11510791366906475
0 0.47413793103448276 0.39688249400479614 0.0603448275862069 0.11510791366906475
0 0.708743842364532 0.5755395683453237 0.05295566502463054 0.10551558752997602
0 0.6176108374384236 0.7985611510791367 0.05665024630541872 0.11031175059952038
1 0.1330049261083744 0.3057553956834532 0.03940886699507389 0.2182254196642686
1 0.1939655172413793 0.17386091127098321 0.10344827586206896 0.0815347721822542
1 0.32142857142857145 0.13189448441247004 0.05665024630541872 0.06235011990407674
1 0.4987684729064039 0.0803357314148681 0.07635467980295567 0.06954436450839328
1 0.6761083743842364 0.03237410071942446 0.07635467980295567 0.06474820143884892
1 0.16564039408866996 0.7326139088729017 0.03201970443349754 0.1510791366906475
0 0.1730295566502463 0.5335731414868106 0.0603448275862069 0.11990407673860912
0 0.1311576354679803 0.552757793764988 0.059113300492610835 0.1223021582733813
0 0.5369458128078818 0.6366906474820144 0.06157635467980296 0.09592326139088729
