0 0.5910467980295566 0.748273381294964 0.05071428571428565 0.10292565947242197
0 0.6492610837438424 0.47010791366906474 0.05142857142857142 0.10011990407673861
0 0.6474753694581281 0.5653717026378897 0.05500000000000003 0.09875299760191841
0 0.48248152709359604 0.39014388489208635 0.05355911330049262 0.10153477218225428
0 0.6999753694581281 0.6383932853717027 0.04571428571428558 0.09458033573141493
0 0.5924753694581281 0.830959232613909 0.049285714285714266 0.09611510791366916
1 0.15321428571428572 0.196810551558753 0.022142857142857148 0.21280575539568347
1 0.22427955665024632 0.08484412470023982 0.1014162561576355 0.050071942446043155
1 0.35355911330049256 0.08206235011990408 0.052857142857142804 0.04729016786570743
1 0.532832512315271 0.0848441247002398 0.07428571428571434 0.04729016786570743
1 0.7121182266009852 0.0890167865707434 0.07285714285714295 0.050071942446043155
1 0.15107142857142858 0.6279616306954436 0.020714285714285723 0.14604316546762586
0 0.1742857142857143 0.4339448441247002 0.05285714285714287 0.10568345323741006
0 0.1310714285714286 0.4395083932853717 0.050714285714285726 0.10846522781774584
0 0.5249815270935961 0.6460431654676259 0.05570197044334978 0.07928057553956828
