0 0.3357731958762886 0.5716567695961995 0.05553608247422681 0.06397862232779097
0 0.6098273195876289 0.6105997624703088 0.055530927835051556 0.06953681710213772
0 0.6720025773195876 0.6085124703087886 0.054324742268041175 0.06815320665083134
0 0.6870927835051547 0.5327137767220902 0.04346391752577328 0.05007125890736338
0 0.6726056701030928 0.39850059382422803 0.055530927835051556 0.07093230403800478
0 0.6152603092783505 0.22325712589073637 0.054324742268041175 0.07093230403800478
0 0.6671726804123712 0.21978028503562944 0.05191237113402064 0.06675771971496434
0 0.6683788659793815 0.16206057007125887 0.05191237113402064 0.07927553444180523
0 0.6164664948453608 0.15788598574821852 0.05915979381443298 0.07371733966745843
0 0.2391881443298969 0.08556413301662708 0.053118556701030904 0.06814726840855106
1 0.1721855670103093 0.819916864608076 0.04708247422680414 0.029204275534441708
1 0.21745876288659793 0.8192220902612827 0.05553608247422681 0.03338479809976235
1 0.5754201030927835 0.819916864608076 0.054324742268041175 0.029204275534441708
1 0.618278350515464 0.8206146080760096 0.036216494845360936 0.03059976247030891
1 0.6671752577319587 0.8199198337292161 0.032597938144329784 0.031989311163895424
1 0.7106340206185566 0.8185243467933492 0.056742268041237075 0.031989311163895424
1 0.723311855670103 0.1919625890736342 0.055530927835051556 0.030599762470308774
1 0.5621391752577319 0.18918052256532067 0.05432989690721654 0.030593824228028494
1 0.38587628865979384 0.11198931116389549 0.0325979381443299 0.02920427553444181
1 0.33214948453608245 0.11407660332541567 0.07968041237113398 0.03337885985748217
1 0.16494072164948453 0.11268705463182897 0.10020103092783504 0.03337885985748217
1 0.09733247422680413 0.11268705463182897 0.0374278350515464 0.03337885985748217
0 0.22289175257731958 0.9061490498812351 0.05915463917525773 0.07093230403800464
0 0.1685618556701031 0.7420338479809977 0.04467010309278349 0.05702494061757732
0 0.16675 0.6516300475059382 0.050706185567010315 0.05702494061757732
0 0.21866494845360826 0.7448129453681711 0.05312371134020616 0.05980403800475061
0 0.33456443298969074 0.6870961995249406 0.05070618556701025 0.06675771971496441
