0 0.41829896907216496 0.6790380047505938 0.061855670103092786 0.07125890736342043
0 0.41829896907216496 0.36104513064133015 0.06649484536082474 0.07185273159144893
0 0.42757731958762885 0.290083135391924 0.0654639175257732 0.07007125890736342
0 0.4945876288659794 0.2820665083135392 0.04845360824742268 0.055819477434679333
0 0.6085051546391752 0.31502375296912116 0.06752577319587628 0.07244655581947744
0 0.7525773195876289 0.4020190023752969 0.06752577319587628 0.07066508313539192
0 0.7618556701030927 0.3429334916864608 0.0634020618556701 0.06769596199524941
0 0.8115979381443299 0.34887173396674587 0.07474226804123711 0.06947743467933491
0 0.8087628865979382 0.4085510688836104 0.07061855670103093 0.07660332541567696
0 0.8252577319587628 0.8488717339667459 0.0654639175257732 0.0688836104513064
1 0.18453608247422681 0.8358076009501187 0.030927835051546393 0.057007125890736345
1 0.19046391752577319 0.7841448931116389 0.03556701030927835 0.06769596199524941
1 0.23376288659793815 0.3747030878859858 0.031443298969072164 0.06532066508313539
1 0.2381443298969072 0.3257125890736342 0.030927835051546393 0.04513064133016627
1 0.24484536082474226 0.26989311163895485 0.031443298969072164 0.040973871733966744
1 0.25128865979381443 0.22030878859857483 0.034536082474226806 0.0688836104513064
1 0.7925257731958762 0.28236342042755347 0.03350515463917526 0.06769596199524941
1 0.7755154639175258 0.4667458432304038 0.032989690721649485 0.06591448931116389
1 0.820360824742268 0.6778503562945368 0.0288659793814433 0.040973871733966744
1 0.8121134020618557 0.7390142517814727 0.03814432989690722 0.09560570071258907
1 0.7927835051546391 0.9302256532066508 0.040721649484536084 0.11817102137767221
1 0.7845360824742268 0.9919833729216152 0.032989690721649485 0.016033254156769598
0 0.11623711340206186 0.7672209026128266 0.06804123711340206 0.07660332541567696
0 0.25103092783505154 0.8494655581947743 0.05463917525773196 0.05819477434679335
0 0.3286082474226804 0.8625296912114014 0.05515463917525773 0.06472684085510688
0 0.25463917525773194 0.7918646080760094 0.05824742268041237 0.06828978622327792
0 0.3185567010309278 0.666270783847981 0.0634020618556701 0.06591448931116389
