0 0.520618556701031 0.7007125890736342 0.06752577319587628 0.07779097387173396
0 0.6195876288659794 0.40409738717339666 0.07216494845360824 0.07897862232779097
0 0.6329896907216495 0.33402612826603323 0.07061855670103093 0.07719714964370546
0 0.572680412371134 0.2986935866983373 0.05257731958762887 0.060570071258907364
0 0.45618556701030927 0.28236342042755347 0.0731958762886598 0.07957244655581948
0 0.2948453608247423 0.30433491686460806 0.07268041237113403 0.07779097387173396
0 0.30438144329896905 0.24524940617577198 0.06855670103092784 0.07422802850356294
0 0.25618556701030926 0.23010688836104512 0.07938144329896907 0.07719714964370546
0 0.24020618556701032 0.28711401425178146 0.07628865979381444 0.08432304038004751
0 0.08788659793814432 0.6912114014251781 0.07061855670103093 0.07600950118764846
1 0.6899484536082474 0.9438836104513064 0.03608247422680412 0.05938242280285035
1 0.7005154639175257 0.8931116389548693 0.041237113402061855 0.07007125890736342
1 0.7876288659793814 0.49287410926365793 0.03762886597938144 0.06769596199524941
1 0.7987113402061856 0.44536817102137766 0.034536082474226806 0.04809976247030879
1 0.8097938144329897 0.3904394299287411 0.03505154639175258 0.043942992874109264
1 0.8193298969072165 0.3417458432304038 0.040721649484536084 0.07125890736342043
1 0.2945876288659794 0.1760688836104513 0.039690721649484534 0.06947743467933491
1 0.25309278350515463 0.3554038004750594 0.03917525773195876 0.06769596199524941
1 0.14561855670103094 0.5338479809976246 0.032474226804123714 0.04334916864608076
1 0.1342783505154639 0.5941211401425178 0.04742268041237113 0.09738717339667459
1 0.09278350515463918 0.7808788598574822 0.052061855670103095 0.11995249406175772
1 0.07654639175257733 0.8562945368171021 0.03711340206185567 0.0498812351543943
0 0.775 0.9079572446555819 0.07371134020618557 0.0831353919239905
0 0.6237113402061856 0.9290380047505938 0.058762886597938144 0.06413301662707839
0 0.5471649484536083 0.9091448931116389 0.060309278350515465 0.07007125890736342
0 0.6381443298969072 0.873812351543943 0.0634020618556701 0.07363420427553444
0 0.6175257731958763 0.7301068883610451 0.06804123711340206 0.07244655581947744
