1 0.09472490073737946 0.22355507088331517 0.01758366420873511 0.09487459105779716
1 0.4492342597844583 0.15921483097055616 0.023255813953488372 0.17557251908396945
1 0.46511627906976744 0.5136314067611778 0.0238230289279637 0.17448200654307525
1 0.47362450368689735 0.7006543075245365 0.01588201928530913 0.06870229007633588
1 0.33976176971072036 0.8358778625954199 0.035734543391945546 0.029443838604143947
1 0.18037436188315373 0.8653217011995638 0.04878048780487805 0.04252998909487459
1 0.033465683494044246 0.9378407851690295 0.01871809415768576 0.07197382769901854
1 0.6123085649461146 0.13576881134133043 0.019285309132161088 0.0916030534351145
1 0.6211003970504821 0.3276990185387132 0.018150879183210438 0.09814612868047982
1 0.63471355643789 0.61886586695747 0.019852524106636415 0.0916030534351145
1 0.6880317640385706 0.7802617230098147 0.03800340328984685 0.03707742639040349
1 0.871242200794101 0.7470010905125409 0.05048213272830403 0.03816793893129771
1 0.9875212705615428 0.5507088331515813 0.018150879183210438 0.05888767720828789
1 0.9824163357912649 0.4312977099236641 0.016449234259784458 0.09269356597600872
1 0.9744753261486103 0.2535441657579062 0.01588201928530913 0.064340239912759
1 0.9676687464549064 0.11177753544165758 0.021554169030062395 0.183206106870229
0 0.2504254112308565 0.306979280261723 0.046511627906976744 0.1025081788440567
0 0.46937039137833236 0.2742639040348964 0.05388542257515598 0.08833151581243184
0 0.22546795235394215 0.435659760087241 0.052750992626205334 0.08942202835332606
0 0.21242200794100966 0.6095965103598692 0.05161656267725468 0.09487459105779716
0 0.2827566647759501 0.7982551799345693 0.05388542257515598 0.0916030534351145
0 0.37889960294951786 0.7911668484187568 0.04310833806012479 0.07415485278080698
0 0.262620533182076 0.8833151581243184 0.055019852524106634 0.11450381679389313
0 0.14237095859330687 0.95092693565976 0.05048213272830403 0.08942202835332606
0 0.7685762904140669 0.22300981461286803 0.049347702779353374 0.10359869138495092
0 0.8142370958593307 0.3031624863685932 0.05672149744753262 0.09378407851690294
0 0.8196256381168463 0.4531079607415485 0.052750992626205334 0.08942202835332606
0 0.7458876914350538 0.430752453653217 0.049914917753828704 0.08942202835332606
0 0.7830402722631877 0.5534351145038168 0.049347702779353374 0.1025081788440567
