1 0.1089818491208168 0.1563958560523446 0.013743618831537163 0.0931842966194111
1 0.4649035734543392 0.15222464558342422 0.015195689166193967 0.1738495092693566
1 0.4645433919455474 0.5075845147219192 0.01591605218377762 0.17246455834242091
1 0.4645433919455474 0.6953435114503816 0.01302325581395351 0.06676117775354419
1 0.32492342597844587 0.8073064340239914 0.03472490073737948 0.023642311886586765
1 0.16504821327283042 0.8100872410032716 0.04774815655133297 0.03476553980370786
1 0.015300623936471924 0.8580643402399127 0.015910380034032896 0.06954198473282441
1 0.6283947816222349 0.15570338058887678 0.015190017016449347 0.08900763358778627
1 0.6283976176971072 0.3483315158124319 0.013743618831537163 0.09596510359869138
1 0.628757799205899 0.6411014176663032 0.01591605218377762 0.08900763358778614
1 0.6746937039137834 0.8107797164667394 0.03689733408962007 0.03058887677208283
1 0.8588031764038571 0.807998909487459 0.04918888258650017 0.03058887677208283
1 0.9832331253545094 0.6320556161395856 0.01591605218377762 0.05702290076335874
1 0.9835933068633013 0.512453653217012 0.012302892796369855 0.09040348964013084
1 0.9839534883720931 0.3344220283533261 0.01302325581395351 0.06258451472191928
1 0.9835933068633013 0.19116684841875684 0.013743618831537163 0.18220283533260637
0 0.2601786727169597 0.2662704471101417 0.042682926829268296 0.09596510359869136
0 0.47973340896199657 0.2697546346782988 0.050640952921157105 0.0806652126499455
0 0.22943278502552467 0.3900599781897492 0.049188882586500296 0.08206106870229007
0 0.20845433919455472 0.5611286804798254 0.04774248440158818 0.08762268266085056
0 0.26994327850255245 0.7607088331515812 0.050640952921157105 0.08344601962922571
0 0.3661599546228021 0.7697491821155944 0.040510493477027835 0.06815703380588876
0 0.246069200226886 0.842071973827699 0.050640952921157105 0.10708833151581248
0 0.12345433919455473 0.8893620501635768 0.04702212138400452 0.08206106870229007
0 0.7803148043108338 0.2690567066521265 0.04557572319909241 0.09597600872410035
0 0.8219115144639818 0.35667393675027265 0.05353374929098134 0.08484187568157028
0 0.8204622802041973 0.506886586695747 0.049194554736245046 0.08206106870229007
0 0.7481225184344867 0.4721155943293348 0.04629608621667606 0.08205016357688115
0 0.7795887691435054 0.6007688113413304 0.04557572319909241 0.09458015267175575
