1 0.6837776517300057 0.47546346782988 0.09132161089052751 0.05016357688113413
1 0.5002836074872377 0.4312977099236641 0.09075439591605218 0.05125408942202835
1 0.40357345433919456 0.4083969465648855 0.035734543391945546 0.03271537622682661
1 0.3624503686897334 0.128680479825518 0.016449234259784458 0.06870229007633588
1 0.6619398752127056 0.787350054525627 0.04821327283040272 0.04034896401308615
1 0.5626772546795236 0.7639040348964014 0.05104934770277935 0.03816793893129771
1 0.4115144639818491 0.7284623773173392 0.04821327283040272 0.04143947655398037
1 0.31820760068065795 0.7955288985823337 0.02041973908111174 0.07415485278080698
0 0.6500283607487237 0.07197382769901854 0.05445263754963131 0.09051254089422028
0 0.6213840045377198 0.48964013086150493 0.0476460578559274 0.10577971646673937
0 0.5876347135564379 0.030534351145038167 0.04367555303460011 0.03707742639040349
0 0.3933635847986387 0.04143947655398037 0.049347702779353374 0.08287895310796074
0 0.37691435053885425 0.21155943293347873 0.03970504821327283 0.08505997818974918
0 0.3533749290981282 0.014176663031624863 0.05899035734543392 0.028353326063249727
0 0.4844015882019285 0.9634678298800436 0.046511627906976744 0.07306434023991276
