1 0.27231329690346084 0.6890547263681592 0.04189435336976321 0.06716417910447761
1 0.2814207650273224 0.777363184079602 0.052823315118397086 0.13930348258706468
1 0.37340619307832423 0.8681592039800995 0.12568306010928962 0.06467661691542288
1 0.4599271402550091 0.8482587064676617 0.06557377049180328 0.05472636815920398
1 0.7103825136612022 0.7848258706467661 0.18214936247723132 0.08706467661691543
1 0.8342440801457195 0.48009950248756217 0.03825136612021858 0.07213930348258707
1 0.51183970856102 0.07213930348258707 0.051001821493624776 0.14427860696517414
1 0.5573770491803278 0.43407960199004975 0.04189435336976321 0.06716417910447761
1 0.5865209471766849 0.6741293532338308 0.060109289617486336 0.19154228855721392
1 0.20309653916211293 0.16293532338308458 0.04735883424408015 0.1044776119402985
0 0.8269581056466302 0.7810945273631841 0.07468123861566485 0.11194029850746269
0 0.6247723132969034 0.19900497512437812 0.07285974499089254 0.09950248756218906
0 0.6092896174863388 0.12686567164179105 0.07285974499089254 0.10199004975124377
0 0.4007285974499089 0.5360696517412935 0.06739526411657559 0.09701492537313433
0 0.3570127504553734 0.6169154228855721 0.07103825136612021 0.09950248756218906
0 0.33515482695810567 0.5049751243781094 0.06557377049180328 0.08706467661691543
0 0.31602914389799636 0.35696517412935325 0.06557377049180328 0.08706467661691543
0 0.31876138433515483 0.2898009950248756 0.061930783242258654 0.0845771144278607
0 0.4198542805100182 0.32338308457711445 0.06375227686703097 0.09203980099502487
0 0.39162112932604737 0.14054726368159204 0.06375227686703097 0.08706467661691543
0 0.1703096539162113 0.10074626865671642 0.07103825136612021 0.07213930348258707
0 0.22859744990892533 0.5261194029850746 0.06739526411657559 0.08706467661691543
0 0.5182149362477231 0.8582089552238806 0.0692167577413479 0.09950248756218906
