1 0.604735883424408 0.8345771144278606 0.04553734061930783 0.04975124378109453
1 0.6703096539162113 0.8345771144278606 0.09836065573770492 0.05472636815920398
1 0.7486338797814208 0.722636815920398 0.030965391621129327 0.16666666666666666
1 0.7468123861566485 0.6032338308457711 0.030965391621129327 0.08706467661691543
1 0.7358834244080146 0.25497512437810943 0.03825136612021858 0.2462686567164179
1 0.5318761384335154 0.046019900497512436 0.04918032786885246 0.04477611940298507
1 0.08743169398907104 0.21019900497512436 0.04189435336976321 0.19651741293532338
1 0.09198542805100182 0.3781094527363184 0.03642987249544627 0.06965174129353234
1 0.17577413479052822 0.42412935323383083 0.1384335154826958 0.05223880597014925
1 0.46083788706739526 0.4129353233830846 0.04553734061930783 0.04975124378109453
1 0.6375227686703097 0.4079601990049751 0.1384335154826958 0.05721393034825871
1 0.21493624772313297 0.8544776119402985 0.07285974499089254 0.05223880597014925
1 0.09927140255009108 0.5870646766169154 0.04007285974499089 0.0945273631840796
1 0.10018214936247723 0.7661691542288557 0.03460837887067395 0.14925373134328357
0 0.7495446265938069 0.09701492537313433 0.07468123861566485 0.08955223880597014
0 0.2987249544626594 0.2898009950248756 0.06375227686703097 0.08955223880597014
0 0.24408014571949 0.3009950248756219 0.06739526411657559 0.08706467661691543
0 0.5127504553734062 0.6393034825870647 0.06375227686703097 0.08208955223880597
0 0.5646630236794171 0.7101990049751243 0.06557377049180328 0.0845771144278607
0 0.4808743169398907 0.7238805970149254 0.056466302367941715 0.07960199004975124
0 0.37067395264116576 0.7288557213930348 0.056466302367941715 0.07960199004975124
0 0.3224043715846995 0.7164179104477612 0.0546448087431694 0.07462686567164178
0 0.36065573770491804 0.5833333333333334 0.060109289617486336 0.07711442786069651
0 0.22495446265938068 0.5970149253731343 0.056466302367941715 0.07711442786069651
0 0.15482695810564662 0.8893034825870647 0.06557377049180328 0.09203980099502487
0 0.4808743169398907 0.8718905472636815 0.056466302367941715 0.08208955223880597
0 0.7622950819672131 0.5248756218905473 0.06557377049180328 0.08208955223880597
