1 0.40375227686703097 0.8401119402985076 0.04378870673952645 0.04728855721393033
1 0.3380601092896175 0.8422014925373135 0.09571948998178509 0.048681592039801116
1 0.2565846994535519 0.7337189054726367 0.026466302367941664 0.16549751243781088
1 0.25607468123861565 0.6148134328358209 0.029526411657559162 0.0834577114427861
1 0.25760473588342436 0.2657089552238806 0.03258652094717666 0.24480099502487557
1 0.45670309653916213 0.04665422885572139 0.04786885245901634 0.0431094527363184
1 0.9053187613843351 0.18991293532338308 0.03664845173041895 0.19330845771144273
1 0.9042987249544626 0.3582089552238806 0.03460837887067395 0.06815920398009945
1 0.8223132969034608 0.4096641791044776 0.13748633879781424 0.045895522388059676
1 0.5371584699453551 0.4117537313432836 0.04378870673952635 0.04728855721393033
1 0.3599635701275046 0.41384328358208955 0.13748633879781424 0.04868159203980098
1 0.7943169398907104 0.840808457711443 0.07129326047358832 0.048681592039801116
1 0.9027777777777778 0.5689054726368159 0.037686703096539265 0.09179104477611935
1 0.9063296903460838 0.7476243781094528 0.03054644808743166 0.14604477611940309
0 0.2402914389799636 0.10993781094527363 0.07333333333333332 0.08624378109452736
0 0.695528233151184 0.2803233830845771 0.061111111111111026 0.0876119402985075
0 0.7500091074681239 0.2886567164179104 0.06621129326047363 0.0848258706467662
0 0.4913296903460838 0.6391417910447761 0.062112932604735924 0.07927860696517414
0 0.4404098360655737 0.7128606965174129 0.06417122040072858 0.08203980099502492
0 0.5249453551912568 0.7225995024875622 0.05397085610200363 0.07649253731343283
0 0.6344171220400728 0.7225995024875622 0.05499089253187624 0.07649253731343283
0 0.6833060109289618 0.707997512437811 0.052950819672131236 0.07231343283582102
0 0.6410382513661202 0.5765547263681592 0.05803278688524593 0.07370646766169153
0 0.7775045537340619 0.5835199004975125 0.05398907103825134 0.07370646766169153
0 0.8549089253187614 0.8728109452736319 0.06417122040072863 0.09039800995024884
0 0.5279963570127505 0.8700248756218906 0.05398907103825134 0.07925373134328362
0 0.23876138433515479 0.5376243781094527 0.0641530054644809 0.07927860696517414
