1 0.6093581081081081 0.24200421940928268 0.0417567567567568 0.11405063291139245
0 0.2276689189189189 0.5020815752461323 0.06013513513513515 0.05007032348804504
0 0.34376689189189186 0.6815049226441631 0.07516891891891891 0.05563994374120949
0 0.5458868243243243 0.7823347398030942 0.06515202702702712 0.06258790436005626
0 0.4105827702702703 0.7823347398030942 0.07849662162162167 0.06815752461322086
0 0.2894847972972973 0.8122362869198312 0.07015202702702698 0.05007032348804488
1 0.3011739864864865 0.1613361462728551 0.09353040540540541 0.027819971870604785
1 0.5158108108108108 0.16341772151898734 0.1353040540540541 0.034767932489451495
1 0.6085219594594594 0.42142053445850913 0.04008445945945949 0.09457102672292547
0 0.6369172297297298 0.3470112517580872 0.08353040540540549 0.06535864978902957
1 0.3161993243243243 0.7593881856540083 0.09020270270270267 0.03059071729957806
0 0.3938851351351351 0.44784106891701825 0.0718243243243243 0.0556258790436005
0 0.21180743243243247 0.3317088607594937 0.06513513513513516 0.05981715893108294
0 0.32455236486486483 0.3212798874824191 0.07015202702702698 0.052855133614627264
0 0.39221283783783784 0.5618917018284106 0.06847972972972977 0.0584106891701828
