1 0.8268581081081081 0.47468354430379744 0.14358108108108109 0.06188466947960619
0 0.43158783783783783 0.7194092827004219 0.07432432432432433 0.06188466947960619
0 0.25084459459459457 0.5822784810126582 0.08277027027027027 0.07313642756680731
0 0.18243243243243243 0.3952180028129395 0.08783783783783784 0.06751054852320675
0 0.14949324324324326 0.5042194092827004 0.09797297297297297 0.07876230661040788
0 0.08530405405405406 0.5942334739803095 0.07601351351351351 0.06891701828410689
1 0.8471283783783784 0.7426160337552743 0.05574324324324324 0.08157524613220815
1 0.8961148648648649 0.5682137834036568 0.07432432432432433 0.11814345991561181
1 0.6182432432432432 0.4317862165963432 0.11993243243243243 0.05485232067510549
0 0.7119932432432432 0.4268635724331927 0.0945945945945946 0.0829817158931083
1 0.15287162162162163 0.5857946554149086 0.057432432432432436 0.08016877637130802
0 0.5346283783783784 0.5984528832630098 0.08277027027027027 0.07172995780590717
0 0.6258445945945946 0.7735583684950773 0.08614864864864864 0.06751054852320675
0 0.6655405405405406 0.6849507735583685 0.07939189189189189 0.07032348804500703
0 0.40202702702702703 0.5724331926863573 0.08614864864864864 0.07032348804500703
