1 0.8631805157593123 0.5833333333333334 0.050143266475644696 0.09360730593607305
1 0.7492836676217765 0.8618721461187214 0.14613180515759314 0.04337899543378995
1 0.20415472779369628 0.8202054794520548 0.1489971346704871 0.04452054794520548
0 0.5737822349570201 0.1815068493150685 0.09169054441260745 0.0821917808219178
0 0.4835243553008596 0.9200913242009132 0.10458452722063037 0.07876712328767123
0 0.3452722063037249 0.3224885844748858 0.11031518624641834 0.0821917808219178
0 0.25787965616045844 0.4058219178082192 0.09025787965616046 0.07191780821917808
0 0.24426934097421205 0.4948630136986301 0.09025787965616046 0.0684931506849315
0 0.4677650429799427 0.6073059360730594 0.09598853868194843 0.07534246575342465
0 0.6547277936962751 0.6261415525114156 0.07306590257879657 0.06621004566210045
0 0.6045845272206304 0.7208904109589042 0.10601719197707736 0.0776255707762557
0 0.38968481375358166 0.6740867579908676 0.1017191977077364 0.08105022831050228
0 0.46060171919770776 0.8618721461187214 0.0988538681948424 0.08789954337899543
0 0.2800859598853868 0.15924657534246575 0.09025787965616046 0.07990867579908675
1 0.4383954154727794 0.19748858447488585 0.17191977077363896 0.0502283105022831
1 0.7227793696275072 0.2146118721461187 0.16475644699140402 0.0502283105022831
