1 0.5594555873925502 0.7973744292237442 0.11604584527220631 0.03538812785388128
1 0.920487106017192 0.7414383561643836 0.045845272206303724 0.11529680365296803
1 0.9348137535816619 0.3047945205479452 0.04871060171919771 0.11757990867579908
0 0.09383954154727794 0.519406392694064 0.0988538681948424 0.0684931506849315
0 0.9892550143266475 0.5365296803652968 0.02148997134670487 0.0776255707762557
0 0.2979942693409742 0.3561643835616438 0.09742120343839542 0.08447488584474885
0 0.41189111747851004 0.2973744292237443 0.08595988538681948 0.0684931506849315
0 0.5243553008595988 0.2973744292237443 0.08166189111747851 0.0684931506849315
0 0.6375358166189111 0.488013698630137 0.09025787965616046 0.0730593607305936
0 0.6382521489971347 0.6375570776255708 0.08022922636103152 0.0547945205479452
0 0.7628939828080229 0.6095890410958904 0.09169054441260745 0.08105022831050228
0 0.7299426934097422 0.4337899543378995 0.09598853868194843 0.0776255707762557
0 0.9512893982808023 0.511986301369863 0.09742120343839542 0.07420091324200913
0 0.10243553008595989 0.2842465753424658 0.09598853868194843 0.0684931506849315
1 0.1310888252148997 0.4143835616438356 0.054441260744985676 0.13470319634703196
1 0.1174785100286533 0.6415525114155252 0.054441260744985676 0.12899543378995434
