1 0.21789473684210525 0.26692307692307693 0.24421052631578946 0.046153846153846156
1 0.6557894736842105 0.24461538461538462 0.1705263157894737 0.046153846153846156
1 0.7768421052631579 0.23923076923076922 0.09052631578947369 0.038461538461538464
0 0.7263157894736842 0.7992307692307692 0.0863157894736842 0.06615384615384616
0 0.8515789473684211 0.6384615384615384 0.09473684210526316 0.06615384615384616
0 0.7894736842105263 0.5146153846153846 0.09263157894736843 0.06769230769230769
0 0.6926315789473684 0.5546153846153846 0.08842105263157894 0.06461538461538462
0 0.7063157894736842 0.46 0.09052631578947369 0.07076923076923076
0 0.8631578947368421 0.7807692307692308 0.08210526315789474 0.05692307692307692
0 0.2431578947368421 0.7292307692307692 0.09473684210526316 0.06769230769230769
0 0.24105263157894738 0.7838461538461539 0.10105263157894737 0.07384615384615385
0 0.7315789473684211 0.9484615384615385 0.0968421052631579 0.06923076923076923
0 0.7347368421052631 0.6592307692307692 0.09473684210526316 0.06769230769230769
0 0.38 0.23307692307692307 0.09263157894736843 0.06769230769230769
0 0.8505263157894737 0.21384615384615385 0.0968421052631579 0.06769230769230769
1 0.5705263157894737 0.5223076923076924 0.05473684210526316 0.04923076923076923
1 0.8821052631578947 0.9176923076923077 0.10736842105263159 0.03538461538461538
1 0.5915789473684211 0.8392307692307692 0.061052631578947365 0.14153846153846153
1 0.6568421052631579 0.9284615384615384 0.07157894736842105 0.026153846153846153
1 0.3589473684210526 0.9423076923076923 0.21052631578947367 0.04153846153846154
1 0.18 0.946923076923077 0.07789473684210527 0.02923076923076923
1 0.11578947368421053 0.8676923076923077 0.06526315789473684 0.14615384615384616
1 0.09263157894736843 0.5461538461538461 0.04842105263157895 0.05076923076923077
1 0.08210526315789474 0.3776923076923077 0.05473684210526316 0.1523076923076923
