1 0.23473684210526316 0.7438461538461538 0.1031578947368421 0.18
1 0.12842105263157894 0.4323076923076923 0.09052631578947369 0.12923076923076923
1 0.1 0.34615384615384615 0.06736842105263158 0.07076923076923076
0 0.8642105263157894 0.2853846153846154 0.1031578947368421 0.07230769230769231
0 0.6252631578947369 0.2230769230769231 0.10526315789473684 0.07846153846153846
0 0.4694736842105263 0.28923076923076924 0.10526315789473684 0.07692307692307693
0 0.54 0.3523076923076923 0.10105263157894737 0.07384615384615385
0 0.4105263157894737 0.35923076923076924 0.10947368421052632 0.07692307692307693
0 0.8157894736842105 0.19 0.08842105263157894 0.06769230769230769
0 0.8536842105263158 0.6446153846153846 0.10736842105263159 0.07846153846153846
0 0.9273684210526316 0.6369230769230769 0.11578947368421053 0.08461538461538462
0 0.6736842105263158 0.3030769230769231 0.10736842105263159 0.07846153846153846
0 0.16105263157894736 0.6330769230769231 0.10526315789473684 0.07692307692307693
0 0.05368421052631579 0.2976923076923077 0.10736842105263159 0.08
1 0.5178947368421053 0.4453846153846154 0.07578947368421053 0.046153846153846156
1 0.9094736842105263 0.38076923076923075 0.1368421052631579 0.05692307692307692
1 0.9789473684210527 0.72 0.042105263157894736 0.05846153846153846
1 0.6336842105263157 0.7853846153846153 0.07578947368421053 0.043076923076923075
1 0.4073684210526316 0.8223076923076923 0.21052631578947367 0.06615384615384616
