1 0.7654947368421053 0.2559230769230769 0.24172631578947354 0.036153846153846154
1 0.32680000000000003 0.2510538461538462 0.16749473684210528 0.04032307692307689
1 0.20498947368421053 0.24966153846153846 0.08753684210526312 0.0347692307692308
0 0.2954 0.8073846153846154 0.08183157894736844 0.06258461538461539
0 0.15931578947368422 0.6516153846153846 0.09134736842105265 0.06258461538461531
0 0.2116526315789474 0.5257384615384616 0.08945263157894738 0.06396923076923083
0 0.31157894736842107 0.5619076923076923 0.08374736842105257 0.061199999999999956
0 0.2915894736842105 0.4680230769230769 0.08566315789473684 0.06813846153846148
0 0.15835789473684211 0.7948615384615384 0.07802105263157895 0.05424615384615383
0 0.772157894736842 0.7190692307692308 0.09134736842105261 0.06398461538461543
0 0.7788105263157895 0.774 0.09707368421052634 0.07092307692307687
0 0.30110526315789476 0.9569 0.0932421052631579 0.0667538461538463
0 0.2773157894736842 0.6676076923076923 0.09134736842105261 0.06398461538461543
0 0.6008631578947369 0.2288076923076923 0.08753684210526325 0.06536923076923078
0 0.12981052631578946 0.2274076923076923 0.09326315789473685 0.06536923076923078
1 0.4314736842105263 0.5243538461538462 0.049473684210526316 0.0472923076923077
1 0.14884210526315791 0.9318538461538463 0.10467368421052631 0.030600000000000155
1 0.43243157894736844 0.8421538461538461 0.05138947368421058 0.1404615384615384
1 0.37342105263157893 0.9339461538461538 0.07042105263157893 0.023646153846153678
1 0.6722315789473684 0.9360307692307693 0.2074526315789473 0.03338461538461546
1 0.8520842105263158 0.933946153846154 0.07612631578947361 0.026415384615384726
1 0.9101368421052631 0.8525846153846155 0.055178947368421126 0.1446461538461538
1 0.9101368421052631 0.5306153846153846 0.043768421052631505 0.048676923076923055
1 0.9082421052631579 0.36162307692307694 0.043768421052631505 0.1502
