0 0.8813465783664459 0.5442386831275721 0.03863134657836645 0.07613168724279835
1 0.8653421633554084 0.823045267489712 0.04525386313465784 0.0411522633744856
1 0.9266004415011038 0.4269547325102881 0.02097130242825607 0.02880658436213992
1 0.9094922737306843 0.41872427983539096 0.019867549668874173 0.02880658436213992
1 0.8923841059602649 0.4156378600823045 0.02207505518763797 0.03292181069958848
1 0.8432671081677704 0.4002057613168724 0.019867549668874173 0.02880658436213992
1 0.8250551876379691 0.39609053497942387 0.02207505518763797 0.03292181069958848
1 0.8068432671081678 0.39094650205761317 0.02097130242825607 0.02880658436213992
1 0.7235099337748344 0.24691358024691357 0.03532008830022075 0.03909465020576132
1 0.6942604856512141 0.2417695473251029 0.03421633554083885 0.0411522633744856
1 0.6633554083885209 0.23148148148148148 0.033112582781456956 0.037037037037037035
1 0.6313465783664459 0.22119341563786007 0.03642384105960265 0.03909465020576132
1 0.4707505518763797 0.4063786008230453 0.013245033112582781 0.0411522633744856
1 0.4795805739514349 0.2911522633744856 0.025386313465783666 0.1337448559670782
1 0.056291390728476824 0.7037037037037037 0.01545253863134658 0.05555555555555555
1 0.061258278145695365 0.654320987654321 0.01545253863134658 0.053497942386831275
1 0.06512141280353201 0.6059670781893004 0.017660044150110375 0.053497942386831275
1 0.0684326710816777 0.5555555555555556 0.016556291390728478 0.059670781893004114
1 0.05518763796909492 0.49794238683127573 0.029801324503311258 0.02263374485596708
1 0.045805739514348784 0.44135802469135804 0.017660044150110375 0.053497942386831275
1 0.04966887417218543 0.39300411522633744 0.016556291390728478 0.051440329218107
1 0.05573951434878587 0.34670781893004116 0.017660044150110375 0.053497942386831275
1 0.059602649006622516 0.29732510288065844 0.018763796909492272 0.06172839506172839
1 0.0728476821192053 0.14094650205761317 0.02207505518763797 0.15020576131687244
1 0.28642384105960267 0.11419753086419752 0.04415011037527594 0.037037037037037035
1 0.2433774834437086 0.10185185185185185 0.04856512141280353 0.03909465020576132
1 0.19922737306843266 0.08950617283950617 0.04966887417218543 0.043209876543209874
1 0.15562913907284767 0.07510288065843622 0.04746136865342163 0.03909465020576132
1 0.11258278145695365 0.06275720164609054 0.04746136865342163 0.037037037037037035
0 0.869757174392936 0.6718106995884774 0.039735099337748346 0.07407407407407407
0 0.8912803532008831 0.6131687242798354 0.037527593818984545 0.06378600823045268
0 0.7908388520971302 0.4454732510288066 0.04856512141280353 0.07818930041152264
0 0.7058498896247241 0.815843621399177 0.03863134657836645 0.07407407407407407
0 0.6644591611479028 0.7911522633744856 0.04746136865342163 0.07818930041152264
0 0.5242825607064018 0.51440329218107 0.046357615894039736 0.09259259259259259
0 0.5573951434878587 0.5257201646090535 0.04525386313465784 0.08641975308641975
0 0.6793598233995585 0.602880658436214 0.04415011037527594 0.0720164609053498
0 0.6975717439293598 0.47016460905349794 0.039735099337748346 0.07407407407407407
0 0.5656732891832229 0.4218106995884774 0.04525386313465784 0.07613168724279835
0 0.5331125827814569 0.4063786008230453 0.04966887417218543 0.0720164609053498
0 0.1672185430463576 0.676954732510288 0.03642384105960265 0.05761316872427984
0 0.2588300220750552 0.5833333333333334 0.029801324503311258 0.05555555555555555
0 0.2643487858719647 0.6234567901234568 0.029801324503311258 0.05555555555555555
0 0.23841059602649006 0.7170781893004116 0.026490066225165563 0.051440329218107
0 0.2097130242825607 0.7057613168724279 0.033112582781456956 0.06378600823045268
0 0.3079470198675497 0.7067901234567902 0.037527593818984545 0.06995884773662552
0 0.31236203090507725 0.661522633744856 0.03532008830022075 0.06790123456790123
0 0.32229580573951433 0.5452674897119342 0.03532008830022075 0.07407407407407407
0 0.29911699779249445 0.24279835390946503 0.023178807947019868 0.047325102880658436
0 0.2803532008830022 0.2366255144032922 0.024282560706401765 0.047325102880658436
1 0.3934878587196468 0.7078189300411523 0.04966887417218543 0.03292181069958848
1 0.5154525386313465 0.823045267489712 0.016556291390728478 0.051440329218107
1 0.5204194260485652 0.7808641975308642 0.017660044150110375 0.04526748971193416
1 0.5242825607064018 0.7407407407407407 0.018763796909492272 0.047325102880658436
1 0.5259381898454746 0.698559670781893 0.016556291390728478 0.051440329218107
1 0.7135761589403974 0.9547325102880658 0.04415011037527594 0.03497942386831276
1 0.7444812362030905 0.8240740740740741 0.019867549668874173 0.047325102880658436
1 0.7853200883002207 0.7983539094650206 0.05077262693156733 0.037037037037037035
