1 0.3454746136865342 0.8930041152263375 0.017660044150110375 0.06378600823045268
1 0.34492273730684325 0.8374485596707819 0.019867549668874173 0.06172839506172839
1 0.34216335540838855 0.7808641975308642 0.017660044150110375 0.059670781893004114
1 0.3394039735099338 0.720164609053498 0.017660044150110375 0.06584362139917696
1 0.45253863134657835 0.43724279835390945 0.02207505518763797 0.0205761316872428
1 0.3901766004415011 0.4444444444444444 0.0717439293598234 0.03497942386831276
1 0.31236203090507725 0.06995884773662552 0.016556291390728478 0.0823045267489712
0 0.6506622516556292 0.9094650205761317 0.037527593818984545 0.06584362139917696
0 0.6412803532008831 0.831275720164609 0.03863134657836645 0.0823045267489712
0 0.5055187637969095 0.5462962962962963 0.046357615894039736 0.08024691358024691
0 0.5082781456953642 0.6090534979423868 0.04304635761589404 0.07818930041152264
0 0.5391832229580574 0.8425925925925926 0.03532008830022075 0.07818930041152264
0 0.46688741721854304 0.8641975308641975 0.03642384105960265 0.06995884773662552
0 0.45253863134657835 0.6152263374485597 0.037527593818984545 0.07818930041152264
0 0.4470198675496689 0.5534979423868313 0.03532008830022075 0.08847736625514403
0 0.565121412803532 0.059670781893004114 0.02869757174392936 0.053497942386831275
0 0.5860927152317881 0.07304526748971193 0.02869757174392936 0.053497942386831275
0 0.6390728476821192 0.03292181069958848 0.025386313465783666 0.04526748971193416
0 0.6346578366445916 0.00411522633744856 0.03090507726269316 0.00823045267489712
0 0.6274834437086093 0.16152263374485595 0.03532008830022075 0.06584362139917696
0 0.6026490066225165 0.16563786008230452 0.03421633554083885 0.06172839506172839
0 0.5397350993377483 0.17386831275720166 0.037527593818984545 0.059670781893004114
0 0.380242825607064 0.10390946502057613 0.023178807947019868 0.03909465020576132
0 0.3780353200883002 0.06893004115226338 0.023178807947019868 0.0411522633744856
1 0.6203090507726269 0.31995884773662553 0.013245033112582781 0.09259259259259259
1 0.6716335540838853 0.5565843621399177 0.02759381898454746 0.026748971193415638
1 0.6484547461368654 0.5617283950617284 0.023178807947019868 0.02880658436213992
1 0.6263796909492274 0.565843621399177 0.024282560706401765 0.030864197530864196
1 0.6037527593818984 0.565843621399177 0.026490066225165563 0.02880658436213992
1 0.7235099337748344 0.934156378600823 0.01545253863134658 0.07818930041152264
1 0.6512141280353201 0.9742798353909465 0.023178807947019868 0.01646090534979424
