0 0.8804966887417218 0.4318312757201646 0.03282560706401767 0.06814814814814815
1 0.8879580573951436 0.7127777777777778 0.04326710816777047 0.029218106995884868
1 0.915187637969095 0.303179012345679 0.018653421633554185 0.02224279835390947
1 0.8976600441501104 0.30040123456790124 0.017902869757174422 0.025041152263374517
1 0.8805022075055188 0.3024794238683128 0.019392935982339887 0.02644032921810704
1 0.8305132450331126 0.3010905349794239 0.017913907284768233 0.023662551440329218
1 0.8126048565121412 0.3024794238683128 0.019403973509933694 0.02644032921810704
1 0.7943267108167771 0.3024794238683127 0.018653421633554185 0.023641975308641993
1 0.6999558498896247 0.18495884773662552 0.03282560706401767 0.027818930041152285
1 0.6697350993377483 0.18843621399176955 0.03207505518763791 0.03197530864197529
1 0.6391445916114791 0.18773662551440332 0.030584988962472446 0.027818930041152285
1 0.6066942604856512 0.1863477366255144 0.034315673289183134 0.027798353909465
1 0.46307395143487856 0.41583333333333333 0.009701986754966847 0.038950617283950634
1 0.46232891832229583 0.29901234567901236 0.014172185430463611 0.13074074074074074
1 0.07885209713024283 0.830298353909465 0.011192052980132434 0.05286008230452686
1 0.07959161147902871 0.7809156378600822 0.011192052980132434 0.05146090534979422
1 0.07922185430463576 0.7315534979423869 0.01343267108167769 0.05006172839506181
1 0.07847682119205297 0.6807818930041153 0.011942604856512135 0.057037037037037094
1 0.060568432671081675 0.627932098765432 0.028355408388520967 0.015288065843621296
1 0.0463962472406181 0.57369341563786 0.013432671081677706 0.048662551440329174
1 0.0463962472406181 0.5257098765432099 0.011931567328918325 0.050061728395061754
1 0.048631346578366444 0.4784259259259259 0.013421633554083882 0.0500617283950617
1 0.0482560706401766 0.42765432098765427 0.01417218543046358 0.057037037037037094
1 0.04788631346578366 0.2698045267489712 0.010452538631346577 0.14742798353909464
1 0.25678807947019866 0.1814814814814815 0.04326710816777041 0.023662551440329218
1 0.21314017660044152 0.18217078189300412 0.04700883002207509 0.025041152263374458
1 0.1683774834437086 0.18218106995884775 0.046997792494481216 0.027818930041152285
1 0.12435430463576158 0.1814814814814815 0.04550772626931568 0.02641975308641976
1 0.08071192052980132 0.18079218106995884 0.04625827814569536 0.025041152263374458
0 0.879751655629139 0.5618724279835392 0.034315673289183134 0.06674897119341575
0 0.8961699779249448 0.4978909465020577 0.03282560706401767 0.05561728395061723
0 0.7823896247240618 0.36089506172839503 0.042527593818984515 0.06537037037037033
0 0.7294205298013245 0.7524176954732511 0.03356512141280362 0.06676954732510297
0 0.6872682119205298 0.7398971193415639 0.04177704194260476 0.06674897119341575
0 0.5253752759381899 0.5069341563786008 0.04028697571743929 0.08205761316872427
0 0.5589403973509933 0.5083230452674897 0.04028697571743929 0.07648148148148146
0 0.6861479028697571 0.5493621399176954 0.039536423841059536 0.0611934156378601
0 0.6924889624724062 0.4130555555555555 0.03581677704194265 0.06397119341563781
0 0.5585706401766004 0.40331275720164605 0.03954746136865347 0.06674897119341563
0 0.52462472406181 0.39844650205761317 0.04476821192052974 0.0598148148148148
0 0.18590507726269317 0.7711934156378601 0.03282560706401767 0.04868312757201639
0 0.2687251655629139 0.6522736625514404 0.02685430463576157 0.05006172839506181
0 0.2776766004415011 0.6905144032921811 0.026854304635761602 0.04868312757201639
0 0.26014348785871966 0.7906584362139918 0.02313465783664457 0.045884773662551344
0 0.23067328918322297 0.7885802469135802 0.02834437086092716 0.05563786008230445
0 0.3280353200883002 0.7600617283950617 0.033576158940397303 0.0625925925925925
0 0.32840507726269313 0.7141666666666667 0.03133554083885208 0.05981481481481492
0 0.32841059602649003 0.5966460905349795 0.029845474613686494 0.06674897119341575
0 0.2795419426048565 0.30456790123456784 0.020143487858719646 0.04172839506172834
0 0.2612637969094923 0.303179012345679 0.020894039735099346 0.041707818930041114
1 0.4123399558498897 0.7364197530864197 0.04849889624724068 0.01806584362139912
1 0.5425275938189846 0.8150000000000001 0.011942604856512197 0.050082304526749034
1 0.5436479028697572 0.7718930041152263 0.01418322295805742 0.04172839506172834
1 0.5440176600441501 0.7308539094650207 0.014922737306843247 0.043106995884773756
1 0.5425331125827815 0.6884362139917695 0.01343267108167766 0.047283950617283986
1 0.7488189845474613 0.8866358024691359 0.04251655629139071 0.023641975308641993
1 0.768592715231788 0.748940329218107 0.016412803532008708 0.043106995884773756
1 0.8066390728476821 0.7120781893004117 0.04923841059602638 0.02226337448559681
