1 0.29533678756476683 0.1319358816276202 0.06606217616580311 0.029593094944512947
1 0.241580310880829 0.14118372379778052 0.05569948186528497 0.027127003699136867
1 0.19041450777202074 0.14734895191122072 0.06088082901554404 0.030826140567200986
1 0.3432642487046632 0.22133168927250307 0.04015544041450777 0.09124537607891492
1 0.36722797927461137 0.3723797780517879 0.025906735751295335 0.0468557336621455
1 0.38406735751295334 0.46177558569667077 0.025906735751295335 0.0468557336621455
1 0.40349740932642486 0.7348951911220715 0.06088082901554404 0.030826140567200986
1 0.3477979274611399 0.7453760789149199 0.06347150259067358 0.02836004932182491
1 0.44430051813471505 0.7836004932182491 0.03238341968911917 0.06041923551171394
1 0.452720207253886 0.8279901356350184 0.027202072538860103 0.03945745992601726
1 0.46243523316062174 0.8736128236744759 0.034974093264248704 0.06535141800246609
1 0.8134715025906736 0.2928483353884094 0.042746113989637305 0.10110974106041924
1 0.7817357512953368 0.13316892725030827 0.04404145077720207 0.0998766954377312
1 0.875 0.6152897657213316 0.027202072538860103 0.05425400739827373
1 0.8989637305699482 0.7614056720098644 0.03626943005181347 0.09247842170160296
0 0.4073834196891192 0.6960542540073983 0.07383419689119171 0.07274969173859433
0 0.3866580310880829 0.5826140567200987 0.06606217616580311 0.06658446362515413
0 0.6062176165803109 0.5437731196054254 0.07253886010362694 0.0690505548705302
0 0.5809585492227979 0.4309494451294698 0.06994818652849741 0.06535141800246609
0 0.5634715025906736 0.32675709001233044 0.07772020725388601 0.07274969173859433
0 0.508419689119171 0.24167694204685575 0.07512953367875648 0.06535141800246609
0 0.5440414507772021 0.1843403205918619 0.05958549222797927 0.05795314426633785
0 0.6308290155440415 0.22133168927250307 0.07383419689119171 0.07151664611590629
0 0.6489637305699482 0.3193588162762022 0.07512953367875648 0.06658446362515413
0 0.7338082901554405 0.5524044389642416 0.07124352331606218 0.06658446362515413
0 0.7642487046632125 0.47780517879161527 0.07901554404145078 0.0690505548705302
0 0.8691709844559585 0.45807644882860665 0.07772020725388601 0.06781750924784218
