1 0.9163471502590673 0.37200369913686804 0.020466321243523256 0.05981504315659678
1 0.9156152849740933 0.31984586929716396 0.019002590673575223 0.0500739827373613
1 0.9185362694300518 0.27117139334155366 0.02191709844559595 0.05563501849568435
1 0.8155375647668394 0.4012083847102343 0.09351036269430059 0.023649815043156535
1 0.6548121761658031 0.397731196054254 0.04674870466321247 0.01669543773119601
1 0.5598445595854922 0.397731196054254 0.046761658031088116 0.01669543773119601
1 0.27419689119170987 0.3685265104808878 0.021917098445595876 0.055622688039457475
1 0.2727396373056995 0.3142848335388409 0.01900259067357515 0.05840937114673243
1 0.21648963730569948 0.3984340320591862 0.061373056994818646 0.020863131935881577
1 0.16900259067357512 0.3991245376078915 0.03945595854922279 0.01948212083847097
1 0.12005829015544042 0.39982120838471025 0.06428756476683938 0.023637484586929665
1 0.659928756476684 0.8295807644882862 0.10374352331606214 0.023649815043156674
1 0.8301424870466322 0.8281935881627621 0.10227979274611404 0.026424167694204765
1 0.315110103626943 0.8316707768187424 0.05405440414507771 0.01668310727496914
1 0.16023316062176168 0.8288840937114673 0.09497409326424872 0.019469790382244098
0 0.3136528497409326 0.37895807644882856 0.06575129533678756 0.05981504315659678
0 0.434190414507772 0.37895807644882856 0.06136010362694301 0.05424167694204687
0 0.4363860103626943 0.5917509247842171 0.06282383419689119 0.059802712700369916
0 0.5576489637305699 0.5882737361282367 0.059909326424870464 0.05842170160295931
0 0.6686917098445596 0.5896670776818742 0.06575129533678756 0.06397040690505548
0 0.7658549222797926 0.5528113440197288 0.058445595854922136 0.06258939580764487
0 0.81845207253886 0.595924784217016 0.05260362694300505 0.04866831072749695
0 0.7658613989637306 0.6710295930949446 0.06428756476683951 0.05981504315659678
0 0.6613860103626943 0.6710295930949446 0.05989637305699483 0.06257706535141801
0 0.405699481865285 0.7099753390875462 0.05989637305699483 0.059802712700369916
0 0.4772927461139897 0.7516954377311961 0.06282383419689119 0.06536374845869296
0 0.4794818652849741 0.8532244143033293 0.061373056994818646 0.06536374845869296
