1 0.5906735751295337 0.9075215782983971 0.06476683937823834 0.025893958076448828
1 0.6444300518134715 0.9124537607891492 0.054404145077720206 0.02342786683107275
1 0.6949481865284974 0.9198520345252774 0.06088082901554404 0.027127003699136867
1 0.5699481865284974 0.8088779284833539 0.03367875647668394 0.09124537607891492
1 0.5906735751295337 0.657213316892725 0.023316062176165803 0.04562268803945746
1 0.6003886010362695 0.5672009864364982 0.023316062176165803 0.04562268803945746
1 0.6606217616580311 0.2996300863131936 0.06088082901554404 0.027127003699136867
1 0.7176165803108808 0.3039457459926017 0.06217616580310881 0.02466091245376079
1 0.6360103626943006 0.24229346485819975 0.02849740932642487 0.06041923551171394
1 0.6405440414507773 0.19728729963008632 0.02461139896373057 0.03945745992601726
1 0.6437823834196891 0.1504315659679408 0.031088082901554404 0.06411837237977805
1 0.13860103626943004 0.6171393341553637 0.034974093264248704 0.10110974106041924
1 0.12305699481865284 0.7786683107274969 0.03756476683937824 0.0998766954377312
1 0.17292746113989638 0.2903822441430333 0.023316062176165803 0.0530209617755857
1 0.19235751295336787 0.1436498150431566 0.031088082901554404 0.09124537607891492
0 0.6457253886010362 0.3360049321824908 0.06994818652849741 0.0690505548705302
0 0.633419689119171 0.45006165228113443 0.06347150259067358 0.06288532675709001
0 0.4106217616580311 0.43033292231812575 0.06865284974093264 0.06535141800246609
0 0.4015544041450777 0.5456226880394575 0.06735751295336788 0.06288532675709001
0 0.38924870466321243 0.6498150431565968 0.07383419689119171 0.0690505548705302
0 0.4170984455958549 0.7459926017262639 0.07124352331606218 0.06165228113440197
0 0.36593264248704666 0.7916152897657214 0.05569948186528497 0.055487053020961775
0 0.29404145077720206 0.7336621454993835 0.06994818652849741 0.06781750924784218
0 0.30440414507772023 0.6350184956843403 0.07253886010362694 0.06288532675709001
0 0.29015544041450775 0.3884093711467324 0.06865284974093264 0.06288532675709001
0 0.23963730569948186 0.4525277435265105 0.07512953367875648 0.06535141800246609
0 0.1327720207253886 0.4432799013563502 0.07512953367875648 0.06411837237977805
