0 0.34957789716039905 0.35861321776814736 0.08749040675364543 0.11592632719393282
0 0.3768227168073676 0.6874322860238353 0.059094397544128936 0.09100758396533044
0 0.272831926323868 0.3645720476706392 0.08979278587874137 0.1105092091007584
0 0.351880276285495 0.48212351029252437 0.06216423637759018 0.08884073672806067
0 0.35264773599386035 0.6088840736728061 0.06216423637759018 0.08884073672806067
1 0.6500383729854182 0.9555796316359697 0.22486569455103608 0.07150595882990249
0 0.5103607060629317 0.9734561213434453 0.059861857252494245 0.05308775731310943
0 0.5491174213353799 0.22643553629469124 0.06139677666922486 0.09317443120260022
0 0.5583269378357636 0.3304442036836403 0.0644666155026861 0.08450704225352113
0 0.4673829623944743 0.23022751895991334 0.06293169608595549 0.09209100758396534
