0 0.3921565617805065 0.7045124593716143 0.07783576362240979 0.11821235102925233
0 0.6261435149654643 0.6836511375947996 0.061082118188795026 0.07928494041170105
0 0.39215656178050656 0.8129956663055254 0.07389102072141215 0.1210075839653305
0 0.4798426707597851 0.7079902491874324 0.060099769762087446 0.08345612134344525
0 0.5694973138910207 0.7135536294691225 0.060099769762087446 0.08344528710725892
1 0.8300805832693784 0.31230227518959913 0.03940905602455864 0.3157204767063923
1 0.917766692248657 0.7538894907908993 0.03743668457406001 0.19193932827735655
1 0.03649654643131236 0.6210617551462622 0.03842670759785112 0.17941495124593712
0 0.8547122026093631 0.5097941495124594 0.07290867229470453 0.0820585048754063
1 0.03551419800460476 0.3303846153846154 0.03448196469685341 0.21836403033586135
0 0.30891020721412127 0.41660888407367286 0.06305448963929391 0.0820585048754063
0 0.38279739063699153 0.4089653304442037 0.05713737528779738 0.08622968580715062
0 0.3074290099769762 0.5320530877573132 0.062072141212586335 0.08484290357529788
