0 0.3607060629316961 0.6625135427952329 0.08749040675364543 0.11592632719393282
0 0.36339217191097467 0.3315276273022752 0.059094397544128936 0.09100758396533044
0 0.283960092095165 0.6684723726977249 0.08979278587874137 0.1105092091007584
0 0.3537989255564083 0.5395449620801733 0.06216423637759018 0.08884073672806067
0 0.34535686876438987 0.4133261105092091 0.06216423637759018 0.08884073672806067
1 0.6151189562547966 0.030335861321776816 0.22486569455103608 0.06067172264355363
0 0.4750575594781274 0.027085590465872156 0.059861857252494245 0.05417118093174431
0 0.569071373752878 0.7648970747562297 0.06139677666922486 0.09317443120260022
0 0.5706062931696086 0.6603466955579632 0.0644666155026861 0.08450704225352113
0 0.4873369148119724 0.7730227518959913 0.06293169608595549 0.09209100758396534
