1 0.375968992248062 0.8936605316973415 0.03617571059431524 0.21267893660531698
1 0.35335917312661497 0.6840490797546013 0.03488372093023256 0.18609406952965235
1 0.32235142118863047 0.4110429447852761 0.03359173126614987 0.15950920245398773
1 0.29651162790697677 0.1656441717791411 0.041343669250646 0.2310838445807771
1 0.6873385012919897 0.07770961145194274 0.03875968992248062 0.1554192229038855
1 0.7164082687338501 0.31390593047034765 0.031007751937984496 0.14314928425357873
1 0.7441860465116279 0.5736196319018405 0.037467700258397935 0.20449897750511248
1 0.7680878552971576 0.7862985685071575 0.04263565891472868 0.2249488752556237
0 0.39405684754521964 0.7975460122699386 0.046511627906976744 0.07770961145194274
0 0.5949612403100775 0.7433537832310838 0.037467700258397935 0.06748466257668712
0 0.5064599483204134 0.7075664621676891 0.041343669250646 0.07157464212678936
0 0.6479328165374677 0.9192229038854806 0.046511627906976744 0.06952965235173825
0 0.2990956072351421 0.310838445807771 0.05167958656330749 0.07566462167689161
0 0.5594315245478036 0.017382413087934562 0.05167958656330749 0.034764826175869123
0 0.6602067183462532 0.20961145194274028 0.05167958656330749 0.07157464212678936
0 0.7151162790697675 0.19222903885480572 0.05167958656330749 0.07157464212678936
