1 0.3798449612403101 0.1032719836400818 0.03875968992248062 0.2065439672801636
1 0.355297157622739 0.3118609406952965 0.037467700258397935 0.18609406952965235
1 0.3210594315245478 0.5838445807770961 0.03488372093023256 0.15950920245398773
1 0.29328165374677 0.8282208588957055 0.04392764857881137 0.2310838445807771
1 0.6821705426356589 0.9243353783231084 0.041343669250646 0.15132924335378323
1 0.7144702842377261 0.6922290388548057 0.03229974160206718 0.14314928425357873
1 0.7454780361757106 0.4325153374233129 0.040051679586563305 0.20245398773006135
1 0.7713178294573644 0.22085889570552147 0.04521963824289406 0.2249488752556237
0 0.39728682170542634 0.19938650306748465 0.04780361757105943 0.07770961145194274
0 0.5975452196382429 0.25869120654396727 0.037467700258397935 0.06748466257668712
0 0.5090439276485789 0.29243353783231085 0.041343669250646 0.0736196319018405
0 0.6524547803617571 0.08588957055214724 0.046511627906976744 0.06952965235173825
0 0.2971576227390181 0.6830265848670757 0.05167958656330749 0.07566462167689161
0 0.5542635658914729 0.9815950920245399 0.05167958656330749 0.03680981595092025
0 0.6569767441860465 0.7955010224948875 0.05167958656330749 0.07157464212678936
0 0.7112403100775194 0.8139059304703476 0.05167958656330749 0.07157464212678936
