0 0.15069767441860463 0.5570245398773006 0.04480620155038759 0.05425357873210628
1 0.12082687338501291 0.24130879345603273 0.152015503875969 0.029202453987730064
1 0.27415374677002585 0.23713701431492842 0.13882428940568478 0.02085889570552145
1 0.41079457364341093 0.2392229038854806 0.11686046511627912 0.025030674846625786
1 0.5856524547803618 0.23852760736196318 0.09928940568475456 0.026421267893660505
1 0.7460142118863049 0.24130879345603273 0.15112403100775199 0.026421267893660505
1 0.8953875968992248 0.2426993865030675 0.15289405684754512 0.02364008179959101
1 0.974031007751938 0.3191922290388548 0.014935400516795795 0.12656441717791408
1 0.9744702842377261 0.4478425357873211 0.01405684754521978 0.13907975460122698
1 0.9722739018087855 0.5368507157464212 0.014935400516795795 0.03615541922290384
1 0.9731524547803618 0.772597137014315 0.016692506459948415 0.19889570552147237
1 0.8953875968992248 0.8692638036809816 0.14762273901808784 0.025030674846625786
1 0.7508462532299741 0.869959100204499 0.14145994832041345 0.02364008179959089
1 0.5781847545219638 0.8706543967280164 0.08962532299741603 0.025030674846625786
1 0.4112273901808785 0.8678732106339468 0.1282945736434108 0.025030674846625786
1 0.2750322997416021 0.8685685071574641 0.14058139534883718 0.029202453987730005
1 0.05931524547803617 0.8671779141104293 0.03602067183462532 0.02642126789366045
0 0.33346899224806203 0.2830368098159509 0.043062015503875985 0.06259713701431496
0 0.33214470284237724 0.6057055214723926 0.03689922480620152 0.04867075664621667
0 0.36948966408268735 0.47427402862985685 0.03954780361757108 0.05562372188139057
0 0.16519379844961238 0.5389468302658487 0.03689922480620154 0.06537832310838451
0 0.21396640826873387 0.6571676891615542 0.03777777777777779 0.06259713701431496
0 0.16870801033591729 0.6578629856850715 0.03338501291989663 0.07233128834355829
0 0.14718346253229975 0.6780265848670757 0.034263565891472884 0.040347648261758726
0 0.05843669250645994 0.7232310838445808 0.028992248062015502 0.05284253578732113
0 0.6524354005167959 0.2197546012269939 0.039547803617571 0.0723108384458078
0 0.8439922480620154 0.49930470347648265 0.03426356589147284 0.06674846625766874
0 0.8510206718346254 0.6251738241308794 0.04480620155038768 0.06257668711656446
0 0.8439857881136951 0.678721881390593 0.04130490956072355 0.06676891615541918
0 0.8000516795865633 0.6808077709611451 0.03602067183462546 0.07372188139059295
0 0.6533139534883721 0.8004192229038855 0.03779069767441853 0.07094069529652362
0 0.6541925064599483 0.8887321063394684 0.0377906976744186 0.0723108384458078
