0 0.15673828125 0.3557942708333333 0.080078125 0.09375
1 0.97314453125 0.4235026041666667 0.04345703125 0.18098958333333334
1 0.948974609375 0.5950520833333334 0.0419921875 0.17708333333333334
1 0.198486328125 0.2236328125 0.04638671875 0.20442708333333334
0 0.7255859375 0.5384114583333334 0.08740234375 0.11328125
0 0.63037109375 0.4479166666666667 0.072265625 0.1015625
0 0.531494140625 0.5198567708333334 0.07177734375 0.10026041666666667
0 0.63427734375 0.673828125 0.07373046875 0.099609375
1 0.16455078125 0.4791666666666667 0.0400390625 0.16731770833333334
0 0.619873046875 0.7483723958333334 0.07470703125 0.09830729166666667
