0 0.647172236503856 0.9095330739299611 0.03598971722365039 0.0622568093385214
0 0.5700514138817481 0.5972762645914397 0.032133676092544985 0.06031128404669261
0 0.6446015424164524 0.6449416342412452 0.03598971722365039 0.06031128404669261
0 0.6741645244215938 0.5642023346303502 0.04498714652956298 0.058365758754863814
0 0.7557840616966581 0.5817120622568094 0.04884318766066838 0.08171206225680934
0 0.28406169665809766 0.5116731517509727 0.05269922879177378 0.07392996108949416
0 0.29884318766066836 0.05155642023346303 0.05269922879177378 0.07392996108949416
1 0.2551413881748072 0.958171206225681 0.019280205655526992 0.048638132295719845
1 0.2583547557840617 0.8784046692607004 0.016709511568123392 0.08949416342412451
1 0.2615681233933162 0.791828793774319 0.016709511568123392 0.08754863813229571
1 0.2699228791773779 0.5904669260700389 0.02699228791773779 0.10311284046692606
1 0.2731362467866324 0.41926070038910507 0.017994858611825194 0.08949416342412451
0 0.43637532133676094 0.014591439688715954 0.042416452442159386 0.029182879377431907
0 0.6098971722365039 0.027237354085603113 0.04884318766066838 0.042801556420233464
0 0.5681233933161953 0.07101167315175097 0.04755784061696658 0.08365758754863813
0 0.5347043701799485 0.008754863813229572 0.033419023136246784 0.01556420233463035
1 0.2763496143958869 0.3346303501945525 0.017994858611825194 0.08754863813229571
1 0.2795629820051414 0.1303501945525292 0.016709511568123392 0.10311284046692606
1 0.2866323907455013 0.0038910505836575876 0.015424164524421594 0.007782101167315175
0 0.5649100257069408 0.8521400778210116 0.03984575835475578 0.06031128404669261
1 0.7377892030848329 0.6731517509727627 0.014138817480719794 0.0622568093385214
1 0.7461439588688946 0.43093385214007784 0.011568123393316195 0.04085603112840467
1 0.7467866323907455 0.38132295719844356 0.014138817480719794 0.06614785992217899
1 0.7544987146529563 0.1517509727626459 0.017994858611825194 0.10700389105058365
1 0.756426735218509 0.08365758754863813 0.012853470437017995 0.033073929961089495
1 0.7577120822622108 0.0311284046692607 0.012853470437017995 0.023346303501945526
0 0.5629820051413882 0.9309338521400778 0.03984575835475578 0.06031128404669261
