0 0.352827763496144 0.09046692607003891 0.03598971722365039 0.0622568093385214
0 0.42994858611825193 0.4027237354085603 0.032133676092544985 0.06031128404669261
0 0.35539845758354754 0.3550583657587549 0.03598971722365039 0.06031128404669261
0 0.3258354755784062 0.4357976653696498 0.04498714652956298 0.058365758754863814
0 0.2442159383033419 0.4182879377431907 0.04884318766066838 0.08171206225680934
0 0.7159383033419023 0.4883268482490272 0.05269922879177378 0.07392996108949416
0 0.7011568123393316 0.9484435797665369 0.05269922879177378 0.07392996108949416
1 0.743573264781491 0.04085603112840467 0.019280205655526992 0.04669260700389105
1 0.7416452442159382 0.12159533073929961 0.016709511568123392 0.08949416342412451
1 0.7384318766066839 0.20817120622568094 0.016709511568123392 0.08754863813229571
1 0.7300771208226221 0.4095330739299611 0.02699228791773779 0.10311284046692606
1 0.7268637532133676 0.580739299610895 0.017994858611825194 0.08949416342412451
0 0.5610539845758354 0.9844357976653697 0.042416452442159386 0.0311284046692607
0 0.39010282776349614 0.9727626459143969 0.04884318766066838 0.042801556420233464
0 0.4318766066838046 0.9289883268482491 0.04755784061696658 0.08365758754863813
0 0.4640102827763496 0.9902723735408561 0.033419023136246784 0.017509727626459144
1 0.7236503856041131 0.6653696498054474 0.017994858611825194 0.08754863813229571
1 0.7204370179948586 0.8696498054474708 0.016709511568123392 0.10311284046692606
1 0.7133676092544987 0.9941634241245136 0.015424164524421594 0.011673151750972763
0 0.4350899742930591 0.14785992217898833 0.03984575835475578 0.06031128404669261
1 0.2622107969151671 0.32684824902723736 0.014138817480719794 0.0622568093385214
1 0.2538560411311054 0.5690661478599222 0.011568123393316195 0.04085603112840467
1 0.2532133676092545 0.6186770428015564 0.014138817480719794 0.06614785992217899
1 0.2455012853470437 0.8482490272373541 0.017994858611825194 0.10700389105058365
1 0.243573264781491 0.9163424124513618 0.012853470437017995 0.033073929961089495
1 0.2422879177377892 0.9678988326848249 0.012853470437017995 0.02529182879377432
0 0.4370179948586118 0.06906614785992218 0.03984575835475578 0.06031128404669261
