1 0.9034190231362468 0.14671206225680936 0.06064267352185098 0.018093385214007805
0 0.2376992287917738 0.7440661478599222 0.03951156812339333 0.05007782101167317
0 0.43938946015424163 0.610544747081712 0.038598971722365004 0.044513618677042795
0 0.41182519280205654 0.7253015564202335 0.038586118251927995 0.05145914396887168
0 0.4665038560411311 0.767023346303502 0.03583547557840616 0.06536964980544752
0 0.45960796915167096 0.8907976653696498 0.051452442159383 0.07093385214007789
0 0.48073907455012854 0.17383268482490272 0.045951156812339335 0.07509727626459142
0 0.7853470437017995 0.17244163424124512 0.04686375321336766 0.07511673151750975
1 0.1701606683804627 0.15505836575875487 0.058804627249357325 0.026420233463035042
1 0.2376992287917738 0.15505836575875487 0.05789203084832908 0.020856031128404666
1 0.29512853470437017 0.1543579766536965 0.056966580976863745 0.022256809338521397
1 0.427904884318766 0.15644941634241247 0.06706940874035983 0.034766536964980554
1 0.5409254498714653 0.15227626459143967 0.057892030848329 0.023657587548638125
0 0.830366323907455 0.38037937743190664 0.045025706940874 0.06258754863813233
0 0.8262339331619537 0.6411478599221789 0.04411311053984568 0.07233463035019445
0 0.7867223650385605 0.5806517509727627 0.053290488431876656 0.06815175097276259
0 0.8423136246786631 0.5284922178988326 0.04318766066838035 0.0500583657587549
0 0.8652827763496145 0.4721692607003891 0.03951156812339333 0.05145914396887157
1 0.5974357326478149 0.15366731517509727 0.056979434447300824 0.023638132295719854
1 0.7325064267352186 0.14740272373540855 0.0679948586118253 0.01947470817120621
1 0.8423200514138818 0.1508852140077821 0.05973007712082266 0.020875486381322937
0 0.2712403598971722 0.6167996108949416 0.038598971722365004 0.05702334630350184
1 0.39850257069408734 0.8685505836575875 0.04134961439588684 0.018073929961089422
1 0.5583868894601542 0.8685505836575875 0.026645244215938328 0.015311284046692616
1 0.5910025706940875 0.8671595330739299 0.044113110539845825 0.018093385214007694
1 0.7426156812339332 0.8664591439688716 0.06983290488431868 0.02225680933852151
1 0.7876478149100258 0.8657684824902724 0.022056555269922985 0.018073929961089422
1 0.8266966580976863 0.8650778210116732 0.024807197943444673 0.01669260700389113
1 0.8721786632390744 0.8657684824902724 0.06983290488431868 0.020875486381322993
0 0.058059125964010284 0.6042898832684824 0.045938303341902326 0.05702334630350184
0 0.12283419023136247 0.6154182879377431 0.04134961439588691 0.06535019455252924
0 0.21886246786632388 0.6174999999999999 0.036748071979434416 0.05842412451361862
1 0.11318766066838047 0.1571400778210117 0.06064267352185091 0.027821011673151774
