0 0.5573529411764706 0.9028006589785832 0.1264705882352941 0.06919275123558484
0 0.5352941176470588 0.7586490939044481 0.12352941176470589 0.06919275123558484
0 0.5088235294117647 0.627677100494234 0.1323529411764706 0.07248764415156507
0 0.5514705882352942 0.5098846787479407 0.1411764705882353 0.06919275123558484
0 0.788235294117647 0.5988467874794069 0.10588235294117647 0.06589785831960461
0 0.8808823529411764 0.42751235584843494 0.12941176470588237 0.07248764415156507
0 0.7147058823529412 0.39373970345963755 0.14411764705882352 0.07413509060955518
0 0.6544117647058824 0.18698517298187808 0.1264705882352941 0.07907742998352553
1 0.5426470588235294 0.8451400329489291 0.13529411764705881 0.04118616144975288
1 0.23970588235294119 0.4472817133443163 0.10588235294117647 0.10873146622734761
1 0.3191176470588235 0.2553542009884679 0.1 0.1186161449752883
1 0.8161764705882353 0.23393739703459637 0.14705882352941177 0.047775947281713346
1 0.48823529411764705 0.19357495881383854 0.21470588235294116 0.06260296540362438
0 0.18382352941176472 0.8220757825370676 0.11764705882352941 0.07084019769357495
0 0.3941176470588235 0.8484349258649094 0.14705882352941177 0.08237232289950576
