0 0.7173235294117648 0.8852471169686984 0.10676470588235297 0.05701812191103773
0 0.6378676470588235 0.7475535420098847 0.10179411764705887 0.05701812191103792
0 0.5608970588235295 0.6237726523887973 0.11173529411764709 0.05980230642504111
0 0.5546764705882353 0.5034678747940692 0.11917647058823524 0.05563426688632617
0 0.8203676470588236 0.560485996705107 0.08444117647058834 0.05563426688632617
0 0.8427058823529411 0.3810708401976936 0.10923529411764701 0.06118616144975286
0 0.6664264705882352 0.3699423393739703 0.12414705882352935 0.06120263591433275
0 0.5248823529411764 0.17522240527182867 0.10429411764705876 0.06675453047775949
1 0.6813235294117647 0.8310049423393739 0.12911764705882348 0.026425041186161388
1 0.2256764705882353 0.48190280065897856 0.0670588235294118 0.1015321252059308
1 0.22567647058823526 0.28440691927512357 0.05711764705882358 0.11543657331136736
1 0.7011764705882352 0.20095551894563424 0.13905882352941168 0.031993410214168065
1 0.36472058823529413 0.20234761120263592 0.20608823529411763 0.03754530477759471
0 0.3200294117647059 0.8532537067545304 0.09682352941176475 0.059818780889621
0 0.5373088235294118 0.8525617792421746 0.12414705882352935 0.06953871499176283
