0 0.801953125 0.5479604261796043 0.07853124999999998 0.05284627092846275
0 0.5892109375000001 0.8170776255707761 0.08139062500000005 0.06258751902587502
0 0.5835 0.7691019786910198 0.07853124999999998 0.05841704718417046
0 0.6013515625 0.7127701674277017 0.05139062499999998 0.07092846270928466
0 0.6056328125 0.6244520547945205 0.05139062499999998 0.05563165905631652
0 0.5984921875 0.4429528158295281 0.05710937499999993 0.06815829528158292
0 0.512109375 0.4234855403348554 0.04996875000000003 0.0625875190258752
0 0.636328125 0.29691780821917807 0.05568749999999998 0.06537290715372905
0 0.5763671875 0.2725799086757991 0.06710937500000007 0.04729071537290715
0 0.1523203125 0.2809208523592085 0.052828125000000004 0.06954337899543378
0 0.105203125 0.2788356164383562 0.055687500000000015 0.05980213089802134
1 0.046664062500000006 0.4241780821917808 0.052828125000000004 0.18080669710806696
1 0.9347343749999999 0.7002511415525114 0.03568749999999987 0.19054794520547955
1 0.9318828124999999 0.43113394216133943 0.029984375000000084 0.1891476407914764
1 0.9311640625000001 0.1724353120243531 0.037109375 0.18636225266362252
1 0.558515625 0.07438356164383561 0.14278125 0.04590563165905631
