0 0.8046875 0.5167427701674278 0.0828125 0.060882800608828
0 0.62265625 0.806697108066971 0.0875 0.0700152207001522
0 0.61171875 0.7595129375951294 0.084375 0.0654490106544901
0 0.62421875 0.7016742770167428 0.059375 0.076103500761035
0 0.61796875 0.6133942161339422 0.0578125 0.060882800608828
0 0.59140625 0.4330289193302892 0.065625 0.0745814307458143
0 0.50390625 0.4223744292237443 0.05625 0.0669710806697108
0 0.61328125 0.2838660578386606 0.0625 0.0715372907153729
0 0.5515625 0.2656012176560122 0.071875 0.0532724505327245
0 0.13046875 0.317351598173516 0.0609375 0.0745814307458143
0 0.08359375 0.319634703196347 0.0625 0.0654490106544901
1 0.04140625 0.4703196347031963 0.071875 0.1856925418569254
1 0.953125 0.654490106544901 0.05625 0.1933028919330289
1 0.92265625 0.3881278538812785 0.05 0.1902587519025875
1 0.89375 0.1308980213089802 0.0578125 0.1887366818873668
1 0.5125 0.07077625570776255 0.146875 0.0593607305936073
