0 0.575 0.21080669710806696 0.0609375 0.0806697108066971
0 0.83203125 0.441400304414003 0.0703125 0.0837138508371385
0 0.7828125 0.4421613394216134 0.065625 0.0806697108066971
0 0.7265625 0.4200913242009132 0.078125 0.0563165905631659
0 0.63671875 0.408675799086758 0.0625 0.0547945205479452
0 0.45 0.3995433789954338 0.075 0.0624048706240487
0 0.42265625 0.4817351598173516 0.06875 0.0532724505327245
0 0.30390625 0.3493150684931507 0.071875 0.060882800608828
0 0.27421875 0.4056316590563166 0.0546875 0.0700152207001522
0 0.2453125 0.8181126331811264 0.0765625 0.0578386605783866
0 0.2390625 0.8637747336377474 0.065625 0.0593607305936073
1 0.3828125 0.9330289193302892 0.190625 0.0669710806697108
1 0.7421875 0.0958904109589041 0.1984375 0.0517503805175038
1 0.46796875 0.0745814307458143 0.1953125 0.045662100456621
1 0.203125 0.0532724505327245 0.19375 0.0532724505327245
1 0.0703125 0.4063926940639269 0.059375 0.1415525114155251
