1 0.205078125 0.17447916666666666 0.03125 0.0859375
1 0.169677734375 0.3694661458333333 0.0341796875 0.091796875
1 0.401123046875 0.525390625 0.03662109375 0.029296875
1 0.584716796875 0.283203125 0.0205078125 0.040364583333333336
1 0.567138671875 0.3772786458333333 0.029296875 0.056640625
1 0.60986328125 0.33203125 0.04541015625 0.15234375
1 0.58203125 0.4755859375 0.029296875 0.08658854166666667
1 0.753173828125 0.642578125 0.03564453125 0.029296875
1 0.80615234375 0.66015625 0.0390625 0.033203125
1 0.9833984375 0.4339192708333333 0.033203125 0.126953125
0 0.177978515625 0.228515625 0.06689453125 0.07486979166666667
0 0.359619140625 0.2841796875 0.06396484375 0.078125
0 0.34619140625 0.3460286458333333 0.064453125 0.08203125
0 0.449951171875 0.2942708333333333 0.048828125 0.06315104166666667
0 0.44189453125 0.27734375 0.04736328125 0.057291666666666664
0 0.485595703125 0.2972005208333333 0.05078125 0.06640625
0 0.472900390625 0.4801432291666667 0.0498046875 0.06901041666666667
0 0.392333984375 0.4352213541666667 0.041015625 0.052734375
0 0.36669921875 0.4215494791666667 0.05078125 0.06640625
0 0.3486328125 0.5266927083333334 0.05029296875 0.06575520833333333
0 0.450927734375 0.5602213541666666 0.05908203125 0.072265625
0 0.44384765625 0.6471354166666666 0.05615234375 0.07161458333333333
0 0.649658203125 0.4348958333333333 0.0517578125 0.07877604166666667
0 0.68701171875 0.4495442708333333 0.052734375 0.0703125
0 0.769287109375 0.4814453125 0.044921875 0.059895833333333336
0 0.818603515625 0.4970703125 0.04638671875 0.059244791666666664
0 0.884033203125 0.7047526041666666 0.0546875 0.07486979166666667
