1 0.850830078125 0.2955729166666667 0.0185546875 0.083984375
1 0.844482421875 0.4957682291666667 0.02099609375 0.08919270833333333
1 0.58984375 0.5608723958333334 0.03466796875 0.020182291666666668
1 0.46337890625 0.2604166666666667 0.01513671875 0.037760416666666664
1 0.460693359375 0.357421875 0.02197265625 0.052083333333333336
1 0.428955078125 0.2978515625 0.0224609375 0.15169270833333334
1 0.42626953125 0.4462890625 0.0166015625 0.08528645833333333
1 0.227294921875 0.5439453125 0.03369140625 0.020182291666666668
1 0.172607421875 0.5413411458333334 0.03662109375 0.024088541666666668
1 0.045654296875 0.2581380208333333 0.02099609375 0.12565104166666666
0 0.86572265625 0.357421875 0.0595703125 0.060546875
0 0.679443359375 0.3440755208333333 0.0556640625 0.06510416666666667
0 0.6796875 0.4088541666666667 0.0556640625 0.06901041666666667
0 0.590576171875 0.3206380208333333 0.0419921875 0.053385416666666664
0 0.601806640625 0.3072916666666667 0.04150390625 0.047526041666666664
0 0.5556640625 0.310546875 0.0439453125 0.055989583333333336
0 0.530029296875 0.4908854166666667 0.0419921875 0.059895833333333336
0 0.616943359375 0.4775390625 0.03515625 0.044270833333333336
0 0.644287109375 0.4736328125 0.0439453125 0.055989583333333336
0 0.64013671875 0.5813802083333334 0.04296875 0.055989583333333336
0 0.53466796875 0.5758463541666666 0.05126953125 0.060546875
0 0.523681640625 0.662109375 0.04833984375 0.059895833333333336
0 0.36962890625 0.3824869791666667 0.04248046875 0.06966145833333333
0 0.33056640625 0.3828125 0.044921875 0.059895833333333336
0 0.2451171875 0.3831380208333333 0.03857421875 0.051432291666666664
0 0.1943359375 0.3802083333333333 0.0400390625 0.050130208333333336
0 0.088623046875 0.5556640625 0.0458984375 0.064453125
