1 0.5670194003527337 0.819883527454243 0.1781305114638448 0.029118136439267885
1 0.12081128747795414 0.444675540765391 0.10405643738977072 0.10316139767054909
1 0.1728395061728395 0.25374376039933444 0.09171075837742504 0.12063227953410982
1 0.36067019400352734 0.17928452579034942 0.24867724867724866 0.04492512479201331
1 0.753968253968254 0.2021630615640599 0.15696649029982362 0.04326123128119801
0 0.5961199294532628 0.8789517470881864 0.14638447971781304 0.0632279534109817
0 0.13403880070546736 0.8207154742096506 0.12698412698412698 0.0632279534109817
0 0.3862433862433862 0.8331946755407654 0.15343915343915343 0.07737104825291181
0 0.5379188712522046 0.7366888519134775 0.15343915343915343 0.0632279534109817
0 0.48059964726631393 0.6094009983361065 0.14462081128747795 0.06655574043261231
0 0.8033509700176367 0.5611480865224625 0.12698412698412698 0.05490848585690516
0 0.5070546737213404 0.4908485856905158 0.15343915343915343 0.064891846921797
0 0.8747795414462081 0.389351081530782 0.13756613756613756 0.07071547420965059
0 0.6666666666666666 0.3668885191347754 0.14638447971781304 0.064891846921797
0 0.5652557319223986 0.16555740432612312 0.16049382716049382 0.07154742096505824
