1 0.3512169312169312 0.8136564059900167 0.17396825396825394 0.019475873544093247
1 0.8907760141093475 0.4666472545757071 0.07961199294532625 0.09875207986688855
1 0.8878306878306879 0.27471713810316145 0.06190476190476194 0.11821963394342765
1 0.7212433862433862 0.18987104825291182 0.2417813051146385 0.03198835274542428
1 0.324673721340388 0.18987520798668886 0.15037037037037035 0.03477537437603994
0 0.30699294532627863 0.8706780366056573 0.13268077601410938 0.05563227953410973
0 0.7802204585537919 0.8393843594009984 0.11204585537918867 0.05702163061564066
0 0.5266490299823633 0.8373003327787021 0.13562610229276892 0.06954242928452582
0 0.4013403880070547 0.7329908485856905 0.13858906525573195 0.05563227953410973
0 0.4912698412698413 0.6099043261231282 0.1297354497354498 0.059808652246256325
0 0.1831569664902998 0.5431405990016639 0.1149911816578483 0.048677204658901824
0 0.4956878306878307 0.4902911813643926 0.13857142857142862 0.05702163061564057
0 0.15661375661375662 0.36859400998336106 0.12088183421516759 0.06397670549084856
0 0.3689153439153439 0.35816139767054905 0.13268077601410938 0.05702163061564057
0 0.5222222222222221 0.16414309484193013 0.14447971781305113 0.06397670549084856
