1 0.9326347305389222 0.42803030303030304 0.12425149700598802 0.025974025974025976
0 0.3458083832335329 0.6861471861471862 0.07035928143712575 0.05735930735930736
0 0.281437125748503 0.6861471861471862 0.0688622754491018 0.05519480519480519
0 0.20209580838323354 0.6385281385281385 0.07934131736526946 0.05194805194805195
0 0.09431137724550898 0.6423160173160173 0.06437125748502993 0.050865800865800864
0 0.0845808383233533 0.5643939393939394 0.0718562874251497 0.05194805194805195
1 0.9206586826347305 0.8122294372294372 0.08383233532934131 0.030303030303030304
1 0.8585329341317365 0.4301948051948052 0.04491017964071856 0.016233766233766232
1 0.3997005988023952 0.829004329004329 0.07784431137724551 0.02813852813852814
1 0.24625748502994013 0.8322510822510822 0.09580838323353294 0.027056277056277056
1 0.9767964071856288 0.8143939393939394 0.03293413173652695 0.01948051948051948
0 0.9738023952095808 0.691017316017316 0.05239520958083832 0.048701298701298704
0 0.968562874251497 0.6341991341991342 0.04640718562874251 0.04329004329004329
0 0.8615269461077845 0.6904761904761905 0.04640718562874251 0.04112554112554113
0 0.34880239520958084 0.5070346320346321 0.059880239520958084 0.03896103896103896
0 0.2155688622754491 0.5021645021645021 0.0688622754491018 0.0367965367965368
0 0.34805389221556887 0.5551948051948052 0.05688622754491018 0.04329004329004329
0 0.29416167664670656 0.5546536796536796 0.05688622754491018 0.03571428571428571
0 0.3562874251497006 0.599025974025974 0.05688622754491018 0.03896103896103896
