1 0.059880239520958084 0.5275974025974026 0.11976047904191617 0.031385281385281384
0 0.688622754491018 0.33116883116883117 0.0748502994011976 0.05952380952380952
0 0.7522455089820359 0.33766233766233766 0.07335329341317365 0.05735930735930736
0 0.8218562874251497 0.39285714285714285 0.08383233532934131 0.05519480519480519
0 0.9288922155688623 0.3998917748917749 0.0688622754491018 0.05411255411255411
0 0.9236526946107785 0.4778138528138528 0.07634730538922156 0.05519480519480519
1 0.14296407185628743 0.1488095238095238 0.08532934131736528 0.03463203463203463
1 0.1317365269461078 0.533008658008658 0.04640718562874251 0.0183982683982684
1 0.6624251497005988 0.18452380952380953 0.07934131736526946 0.031385281385281384
1 0.8151197604790419 0.19642857142857142 0.09730538922155689 0.031385281385281384
1 0.08832335329341318 0.1406926406926407 0.0344311377245509 0.020562770562770564
0 0.0658682634730539 0.262987012987013 0.059880239520958084 0.05194805194805195
0 0.06212574850299401 0.3198051948051948 0.05089820359281437 0.045454545454545456
0 0.17889221556886228 0.2748917748917749 0.05089820359281437 0.04329004329004329
0 0.6511976047904192 0.5081168831168831 0.06287425149700598 0.04220779220779221
0 0.782185628742515 0.5265151515151515 0.0718562874251497 0.04004329004329004
0 0.6609281437125748 0.4604978354978355 0.061377245508982034 0.046536796536796536
0 0.7140718562874252 0.466991341991342 0.059880239520958084 0.03896103896103896
0 0.6609281437125748 0.4166666666666667 0.059880239520958084 0.04220779220779221
