1 0.5845958083832336 0.18493506493506492 0.030778443113772373 0.08900432900432902
0 0.24791916167664668 0.6181709956709958 0.0769461077844311 0.0486796536796537
0 0.24984281437125747 0.664767316017316 0.07309880239520956 0.047283549783549844
0 0.3191017964071856 0.720400432900433 0.06925149700598801 0.05562770562770573
0 0.31717814371257486 0.7982846320346321 0.06926646706586824 0.04451298701298713
0 0.42491017964071853 0.80245670995671 0.06925149700598801 0.050064935064935055
1 0.0526497005988024 0.09241883116883116 0.03655688622754491 0.05975108225108226
1 0.05361526946107784 0.20650974025974025 0.038488023952095815 0.05977272727272729
1 0.5817065868263473 0.06393398268398269 0.025000000000000067 0.07232683982683984
1 0.583630239520958 0.2384848484848485 0.021152694610778438 0.031991341991341994
1 0.04880239520958084 0.5841017316017316 0.03655688622754491 0.05562770562770573
1 0.04976796407185628 0.6946699134199135 0.034625748502994005 0.06814935064935068
1 0.050726047904191614 0.12791125541125542 0.02884730538922155 0.01948051948051948
1 0.04880239520958084 0.16685064935064933 0.025000000000000005 0.022251082251082254
0 0.22002994011976046 0.11678571428571428 0.06733532934131738 0.04450216450216451
0 0.21906437125748499 0.1626839826839827 0.06540419161676646 0.03893939393939396
0 0.2979416167664671 0.16615800865800867 0.05770958083832337 0.031991341991341994
0 0.2238697604790419 0.24543290043290045 0.05579341317365267 0.031991341991341994
0 0.5480389221556886 0.12095238095238094 0.06925149700598801 0.047272727272727265
0 0.6057559880239521 0.12095779220779221 0.07309880239520965 0.050075757575757586
0 0.49513473053892215 0.6091341991341991 0.051946107784431206 0.041731601731601675
0 0.5066691616766467 0.7058008658008658 0.048098802395209576 0.0486796536796537
0 0.4287574850299401 0.6112175324675324 0.05772455089820351 0.040335497835497815
0 0.4316467065868263 0.6501677489177489 0.04808383233532935 0.040335497835497815
0 0.36815868263473056 0.6070508658008658 0.051946107784431164 0.040335497835497815
