1 0.41938405797101447 0.7345890410958904 0.07427536231884058 0.0273972602739726
1 0.20108695652173914 0.1386986301369863 0.13949275362318841 0.03424657534246575
0 0.3378623188405797 0.3304794520547945 0.06340579710144928 0.06164383561643835
0 0.7989130434782609 0.07363013698630137 0.07789855072463768 0.0684931506849315
1 0.782608695652174 0.711472602739726 0.13405797101449277 0.03424657534246575
1 0.2427536231884058 0.7448630136986302 0.13949275362318841 0.030821917808219176
1 0.720108695652174 0.1053082191780822 0.09963768115942029 0.03424657534246575
1 0.6032608695652174 0.1095890410958904 0.14855072463768115 0.03424657534246575
1 0.3713768115942029 0.12585616438356165 0.14130434782608695 0.03595890410958904
0 0.6630434782608695 0.8116438356164384 0.07608695652173914 0.06678082191780822
0 0.6766304347826086 0.7371575342465754 0.07246376811594203 0.0684931506849315
0 0.730072463768116 0.5565068493150684 0.07789855072463768 0.06678082191780822
0 0.6684782608695652 0.6138698630136986 0.07246376811594203 0.0684931506849315
0 0.5996376811594203 0.625 0.05434782608695652 0.05821917808219178
0 0.3903985507246377 0.5993150684931506 0.05253623188405797 0.05136986301369863
0 0.3496376811594203 0.5188356164383562 0.06340579710144928 0.06678082191780822
0 0.36684782608695654 0.4537671232876712 0.06159420289855073 0.05136986301369863
0 0.36231884057971014 0.398972602739726 0.06521739130434782 0.053082191780821915
0 0.27355072463768115 0.5273972602739726 0.06521739130434782 0.06678082191780822
0 0.266304347826087 0.3356164383561644 0.06159420289855073 0.05821917808219178
