1 0.5362318840579711 0.7440068493150684 0.07608695652173914 0.03767123287671233
1 0.8614130434782609 0.1934931506849315 0.13949275362318841 0.05650684931506849
0 0.6911231884057971 0.3595890410958904 0.07246376811594203 0.0702054794520548
0 0.28351449275362317 0.0351027397260274 0.08876811594202899 0.0702054794520548
1 0.18297101449275363 0.6618150684931506 0.13405797101449277 0.0547945205479452
1 0.7083333333333334 0.7833904109589042 0.13949275362318841 0.053082191780821915
1 0.35507246376811596 0.07534246575342465 0.10144927536231885 0.04965753424657534
1 0.4692028985507246 0.09845890410958905 0.14855072463768115 0.05650684931506849
1 0.6956521739130435 0.1523972602739726 0.1431159420289855 0.05821917808219178
0 0.2826086956521739 0.7808219178082192 0.08695652173913043 0.07705479452054795
0 0.2826086956521739 0.7046232876712328 0.08333333333333333 0.07705479452054795
0 0.26268115942028986 0.5179794520547946 0.08695652173913043 0.07705479452054795
0 0.3134057971014493 0.5847602739726028 0.08152173913043478 0.07876712328767123
0 0.3786231884057971 0.6061643835616438 0.06340579710144928 0.06506849315068493
0 0.5896739130434783 0.615582191780822 0.059782608695652176 0.05821917808219178
0 0.644927536231884 0.5428082191780822 0.07246376811594203 0.07534246575342465
0 0.6394927536231884 0.476027397260274 0.06884057971014493 0.059931506849315065
0 0.6539855072463768 0.4229452054794521 0.07246376811594203 0.06164383561643835
0 0.7182971014492754 0.5642123287671232 0.07608695652173914 0.07534246575342465
0 0.7608695652173914 0.3758561643835616 0.07065217391304347 0.06678082191780822
