1 0.5977898550724637 0.7287328767123288 0.07210144927536223 0.02226027397260274
1 0.7714130434782609 0.12024828767123287 0.13684782608695645 0.02642123287671234
0 0.649284420289855 0.31982876712328767 0.06034420289855062 0.05842465753424658
0 0.17033514492753624 0.09452054794520548 0.07356884057971017 0.06397260273972602
1 0.2336050724637681 0.7294263698630137 0.13242753623188408 0.026421232876712244
1 0.7743659420289855 0.7273373287671233 0.13684782608695645 0.02224315068493152
1 0.25052536231884054 0.1209417808219178 0.09858695652173916 0.027808219178082197
1 0.36750000000000005 0.11745719178082191 0.14713768115942033 0.02364726027397261
1 0.6007246376811594 0.11815924657534246 0.13978260869565212 0.027825342465753425
0 0.3608876811594203 0.821917808219178 0.07210144927536234 0.061198630136986315
0 0.3417481884057971 0.7482020547945205 0.06914855072463771 0.06397260273972605
0 0.2740670289855072 0.5715667808219178 0.07505434782608697 0.0611815068493151
0 0.3410144927536232 0.625111301369863 0.06768115942028988 0.06535958904109582
0 0.4094384057971015 0.6313784246575342 0.05148550724637684 0.05563356164383563
0 0.6169112318840579 0.5917380136986301 0.048568840579710046 0.048681506849314986
0 0.6514945652173914 0.5089811643835617 0.05885869565217393 0.06398972602739726
0 0.6294202898550725 0.445 0.05884057971014496 0.04729452054794522
0 0.6294202898550725 0.39075342465753427 0.06181159420289856 0.05006849315068495
0 0.7280072463768116 0.511763698630137 0.06181159420289856 0.06397260273972605
0 0.720643115942029 0.31982020547945206 0.05885869565217393 0.05563356164383563
