1 0.2594057971014493 0.8574719101123596 0.0832367149758454 0.02921348314606735
1 0.1106280193236715 0.8567766853932584 0.0631497584541063 0.02504213483146057
1 0.45315458937198067 0.25941713483146067 0.11098550724637687 0.02363764044943818
1 0.7865893719806764 0.26081460674157303 0.11385507246376804 0.026432584269662912
1 0.92531884057971 0.2622050561797753 0.06219323671497574 0.026432584269662912
1 0.9162318840579711 0.860252808988764 0.08036714975845417 0.026432584269662832
1 0.7765410628019324 0.8588623595505618 0.08419323671497594 0.023651685393258313
1 0.439280193236715 0.8574719101123596 0.07749758454106284 0.02087078651685379
0 0.29145893719806765 0.4687429775280899 0.053584541062801964 0.06953651685393257
0 0.15368115942028987 0.645372191011236 0.049758454106280194 0.05285112359550561
0 0.10297101449275363 0.7114325842696628 0.03635748792270531 0.06258426966292127
