0 0.3943298969072165 0.8300884955752212 0.0731958762886598 0.12212389380530973
1 0.6603092783505154 0.9469026548672567 0.05257731958762887 0.10619469026548672
1 0.6855670103092784 0.7654867256637168 0.05360824742268041 0.18938053097345134
1 0.7536082474226804 0.2 0.04845360824742268 0.12389380530973451
1 0.6788659793814433 0.06725663716814159 0.12061855670103093 0.07256637168141593
0 0.33350515463917524 0.9415929203539823 0.05154639175257732 0.03893805309734513
0 0.30567010309278353 0.8460176991150442 0.06804123711340206 0.12920353982300886
0 0.5927835051546392 0.036283185840707964 0.060824742268041236 0.047787610619469026
0 0.5902061855670103 0.08672566371681416 0.07010309278350516 0.13274336283185842
0 0.36597938144329895 0.6566371681415929 0.06288659793814433 0.10442477876106195
0 0.51340206185567 0.5946902654867257 0.0711340206185567 0.1168141592920354
0 0.2582474226804124 0.8035398230088495 0.08041237113402062 0.12920353982300886
