0 0.2909948453608247 0.6154247787610619 0.0599484536082474 0.10709734513274334
1 0.25008247422680413 0.13698230088495575 0.10612371134020618 0.059805309734513264
1 0.3837525773195876 0.1362920353982301 0.10612371134020625 0.05842477876106193
1 0.7199432989690722 0.1300353982300885 0.06561855670103102 0.0625840707964602
1 0.7896185567010309 0.28094690265486727 0.036453608247422574 0.2030619469026549
1 0.7892113402061857 0.7427256637168141 0.03240206185567017 0.20870796460176985
0 0.19661340206185568 0.6960973451327432 0.051041237113402055 0.08483185840707956
0 0.2650670103092784 0.7607699115044247 0.06642268041237118 0.09736283185840706
0 0.8070360824742269 0.4311504424778761 0.0664226804123712 0.10014159292035395
0 0.7535670103092784 0.42627433628318584 0.06804123711340206 0.09874336283185844
0 0.38496391752577314 0.6967964601769912 0.05184536082474223 0.09178761061946905
0 0.44856185567010304 0.45966371681415935 0.05751546391752574 0.1043185840707965
0 0.28045876288659793 0.8497876106194691 0.06318556701030927 0.11961061946902653
