1 0.5380794701986755 0.5632716049382716 0.018211920529801324 0.030864197530864196
0 0.8327814569536424 0.1527777777777778 0.03145695364238411 0.040123456790123455
0 0.8700331125827815 0.17901234567901234 0.0380794701986755 0.030864197530864196
0 0.6332781456953642 0.6180555555555556 0.033112582781456956 0.040123456790123455
0 0.5894039735099338 0.6157407407407407 0.03642384105960265 0.038580246913580245
0 0.5289735099337748 0.6219135802469136 0.039735099337748346 0.038580246913580245
0 0.48344370860927155 0.6280864197530864 0.0380794701986755 0.037037037037037035
0 0.7458609271523179 0.808641975308642 0.0347682119205298 0.033950617283950615
0 0.7003311258278145 0.8279320987654321 0.041390728476821195 0.029320987654320986
0 0.7731788079470199 0.8132716049382716 0.039735099337748346 0.033950617283950615
0 0.9014900662251656 0.7924382716049383 0.041390728476821195 0.037037037037037035
0 0.9354304635761589 0.7916666666666666 0.048013245033112585 0.037037037037037035
1 0.9197019867549668 0.4807098765432099 0.024834437086092714 0.06635802469135803
1 0.8559602649006622 0.4398148148148148 0.0695364238410596 0.026234567901234566
1 0.7566225165562914 0.44753086419753085 0.046357615894039736 0.020061728395061727
1 0.5985099337748344 0.4591049382716049 0.0728476821192053 0.024691358024691357
1 0.8990066225165563 0.6157407407407407 0.023178807947019868 0.07098765432098765
1 0.5637417218543046 0.8603395061728395 0.029801324503311258 0.07098765432098765
1 0.9197019867549668 0.8410493827160493 0.029801324503311258 0.07716049382716049
0 0.7822847682119205 0.18055555555555555 0.039735099337748346 0.038580246913580245
1 0.28311258278145696 0.42901234567901236 0.03145695364238411 0.018518518518518517
1 0.201158940397351 0.4359567901234568 0.06788079470198675 0.023148148148148147
1 0.18460264900662252 0.22685185185185186 0.0695364238410596 0.020061728395061727
1 0.2591059602649007 0.22145061728395063 0.033112582781456956 0.018518518518518517
1 0.4288079470198676 0.2692901234567901 0.014900662251655629 0.030864197530864196
1 0.49503311258278143 0.1257716049382716 0.019867549668874173 0.038580246913580245
1 0.5504966887417219 0.08333333333333333 0.054635761589403975 0.023148148148148147
1 0.6291390728476821 0.07561728395061729 0.052980132450331126 0.023148148148148147
1 0.7094370860927153 0.06944444444444445 0.029801324503311258 0.016975308641975308
1 0.7731788079470199 0.06481481481481481 0.0347682119205298 0.016975308641975308
1 0.8600993377483444 0.2353395061728395 0.026490066225165563 0.0787037037037037
0 0.6142384105960265 0.24228395061728394 0.03642384105960265 0.041666666666666664
0 0.4917218543046358 0.25771604938271603 0.048013245033112585 0.032407407407407406
0 0.5008278145695364 0.3479938271604938 0.04304635761589404 0.040123456790123455
0 0.3352649006622517 0.375 0.046357615894039736 0.040123456790123455
0 0.32781456953642385 0.2716049382716049 0.04470198675496689 0.040123456790123455
0 0.6034768211920529 0.19984567901234568 0.039735099337748346 0.033950617283950615
0 0.7582781456953642 0.11496913580246913 0.0380794701986755 0.030864197530864196
0 0.8013245033112583 0.11188271604938271 0.0380794701986755 0.033950617283950615
0 0.9105960264900662 0.5640432098765432 0.04304635761589404 0.037037037037037035
0 0.8774834437086093 0.5679012345679012 0.04304635761589404 0.040123456790123455
0 0.6341059602649006 0.5570987654320988 0.0347682119205298 0.037037037037037035
