1 0.48344370860927155 0.42901234567901236 0.02152317880794702 0.030864197530864196
0 0.0728476821192053 0.7407407407407407 0.03642384105960265 0.043209876543209874
0 0.04552980132450331 0.7060185185185185 0.041390728476821195 0.033950617283950615
0 0.4097682119205298 0.35108024691358025 0.0380794701986755 0.043209876543209874
0 0.4503311258278146 0.36496913580246915 0.039735099337748346 0.041666666666666664
0 0.5107615894039735 0.3757716049382716 0.04304635761589404 0.041666666666666664
0 0.5554635761589404 0.3819444444444444 0.041390728476821195 0.040123456790123455
0 0.3617549668874172 0.1381172839506173 0.0380794701986755 0.037037037037037035
0 0.41142384105960267 0.13194444444444445 0.04470198675496689 0.033950617283950615
0 0.33692052980132453 0.12654320987654322 0.04304635761589404 0.037037037037037035
0 0.2077814569536424 0.1111111111111111 0.04470198675496689 0.040123456790123455
0 0.17466887417218543 0.10262345679012345 0.05132450331125828 0.041666666666666664
1 0.09271523178807947 0.404320987654321 0.03145695364238411 0.06635802469135803
1 0.14072847682119205 0.46064814814814814 0.07119205298013245 0.032407407407407406
1 0.23758278145695363 0.4807098765432099 0.048013245033112585 0.024691358024691357
1 0.3932119205298013 0.5123456790123457 0.07450331125827815 0.032407407407407406
1 0.15480132450331127 0.2808641975308642 0.03145695364238411 0.07098765432098765
1 0.5521523178807947 0.1381172839506173 0.0380794701986755 0.07253086419753087
1 0.2052980132450331 0.05941358024691358 0.039735099337748346 0.0787037037037037
0 0.12996688741721854 0.7283950617283951 0.04304635761589404 0.041666666666666664
1 0.6854304635761589 0.6265432098765432 0.033112582781456956 0.021604938271604937
1 0.765728476821192 0.6427469135802469 0.0695364238410596 0.030864197530864196
1 0.7160596026490066 0.8472222222222222 0.0695364238410596 0.026234567901234566
1 0.6423841059602649 0.8317901234567902 0.0347682119205298 0.021604938271604937
1 0.4958609271523179 0.7399691358024691 0.018211920529801324 0.030864197530864196
1 0.38741721854304634 0.8595679012345679 0.024834437086092714 0.040123456790123455
1 0.3211920529801324 0.8850308641975309 0.056291390728476824 0.027777777777777776
1 0.2433774834437086 0.8703703703703703 0.054635761589403975 0.027777777777777776
1 0.16473509933774835 0.8549382716049383 0.03145695364238411 0.020061728395061727
1 0.10182119205298014 0.841820987654321 0.0347682119205298 0.020061728395061727
1 0.0728476821192053 0.6550925925925926 0.03642384105960265 0.0787037037037037
0 0.30960264900662254 0.7152777777777778 0.041390728476821195 0.044753086419753084
0 0.43211920529801323 0.7345679012345679 0.04966887417218543 0.037037037037037035
0 0.4519867549668874 0.6450617283950617 0.046357615894039736 0.043209876543209874
0 0.6183774834437086 0.6643518518518519 0.04966887417218543 0.044753086419753084
0 0.5927152317880795 0.7654320987654321 0.048013245033112585 0.044753086419753084
0 0.30711920529801323 0.7592592592592593 0.04304635761589404 0.037037037037037035
0 0.13245033112582782 0.7978395061728395 0.041390728476821195 0.033950617283950615
0 0.0902317880794702 0.7885802469135802 0.041390728476821195 0.037037037037037035
0 0.12748344370860928 0.3271604938271605 0.046357615894039736 0.041666666666666664
0 0.1597682119205298 0.3325617283950617 0.046357615894039736 0.043209876543209874
0 0.38990066225165565 0.4089506172839506 0.0380794701986755 0.038580246913580245
