1 0.5709105960264901 0.47011574074074075 0.03132450331125821 0.013904320987654307
0 0.15833609271523177 0.16065586419753086 0.04177152317880793 0.02643518518518518
0 0.18966887417218545 0.12797067901234568 0.029834437086092732 0.03337962962962962
0 0.6373096026490066 0.38666666666666666 0.04177152317880798 0.027808641975308614
0 0.6313493377483443 0.42699845679012344 0.03879139072847674 0.030601851851851915
0 0.6320943708609271 0.484020061728395 0.037301324503311216 0.03337962962962962
0 0.6358195364238411 0.5264429012345679 0.035811258278145686 0.03199074074074077
0 0.8506870860927152 0.29834876543209876 0.03283112582781454 0.029197530864197557
0 0.8678476821192053 0.3428549382716049 0.028344370860926973 0.03756172839506169
0 0.8581539735099338 0.2740046296296296 0.03283112582781454 0.03337962962962962
0 0.8477069536423841 0.15300925925925926 0.03581125827814578 0.03617283950617284
0 0.8491970198675498 0.12101851851851853 0.03581125827814578 0.04172839506172838
1 0.5157036423841059 0.10850308641975309 0.07011589403973514 0.01669753086419752
1 0.46721026490066225 0.1641358024691358 0.02087748344370863 0.0639814814814815
1 0.46572019867549663 0.25731481481481483 0.017897350993377394 0.04172839506172843
1 0.4649668874172186 0.4047530864197531 0.01940397350993382 0.06675925925925924
1 0.658203642384106 0.13979166666666665 0.07461920529801333 0.015293209876543205
1 0.8909768211920529 0.4722067901234568 0.07460264900662243 0.02086419753086417
1 0.9014155629139073 0.1397993827160494 0.08057947019867562 0.020864197530864215
0 0.18295529801324503 0.2100385802469136 0.03730132450331126 0.03337962962962962
1 0.4052814569536424 0.6954320987654321 0.016423841059602675 0.027808641975308614
1 0.4052814569536424 0.7719212962962962 0.01940397350993382 0.061188271604938234
1 0.18072019867549668 0.7691435185185185 0.014917218543046342 0.06396604938271604
1 0.18146523178807947 0.6989043209876543 0.016407284768211915 0.029197530864197466
1 0.2471192052980133 0.5466126543209877 0.03132450331125831 0.0111265432098766
1 0.09939569536423841 0.472199074074074 0.04028145695364237 0.015293209876543161
1 0.05910596026490067 0.4165740740740741 0.019403973509933774 0.04867283950617283
1 0.057615894039735105 0.3435493827160494 0.019403973509933774 0.04728395061728393
1 0.0576158940397351 0.26775462962962965 0.01642384105960265 0.02643518518518518
1 0.058369205298013246 0.208641975308642 0.01491721854304636 0.03058641975308641
1 0.2486092715231788 0.14257716049382715 0.08205298013245034 0.01808641975308642
0 0.2344370860927152 0.3713657407407407 0.04178807947019869 0.030601851851851828
0 0.23966059602649006 0.48680555555555555 0.03134105960264902 0.04172839506172834
0 0.338137417218543 0.4861111111111111 0.04028145695364236 0.03756172839506178
0 0.35156456953642384 0.6418827160493827 0.04028145695364236 0.04033950617283948
0 0.24115066225165563 0.6397993827160494 0.04028145695364236 0.038950617283950634
0 0.18817880794701985 0.37832561728395064 0.03281456953642383 0.03337962962962962
0 0.11058774834437086 0.22672067901234566 0.029850993377483447 0.03337962962962962
0 0.11207781456953642 0.18709104938271603 0.032831125827814556 0.03199074074074072
0 0.604478476821192 0.12449845679012347 0.035811258278145686 0.03754629629629627
0 0.6052317880794702 0.1550925925925926 0.04029801324503317 0.037561728395061736
0 0.5731539735099338 0.38040895061728397 0.035811258278145686 0.029212962962962972
