0 0.9853233830845771 0.0771484375 0.02935323383084577 0.0458984375
1 0.37960199004975126 0.595947265625 0.026865671641791045 0.037109375
0 0.8492537313432836 0.11572265625 0.06417910447761194 0.05859375
1 0.42388059701492536 0.6279296875 0.06616915422885572 0.03271484375
1 0.8691542288557214 0.170654296875 0.023383084577114428 0.068359375
0 0.363681592039801 0.96044921875 0.0472636815920398 0.052734375
0 0.4059701492537313 0.93017578125 0.08109452736318408 0.06201171875
1 0.4305970149253731 0.4189453125 0.07014925373134329 0.02880859375
1 0.3835820895522388 0.44189453125 0.02935323383084577 0.04248046875
1 0.5079601990049751 0.13330078125 0.0263681592039801 0.02978515625
1 0.5166666666666667 0.169921875 0.02736318407960199 0.05517578125
1 0.4427860696517413 0.051025390625 0.044278606965174126 0.05419921875
1 0.01791044776119403 0.193359375 0.01791044776119403 0.09912109375
1 0.011940298507462687 0.42431640625 0.022388059701492536 0.091796875
0 0.37039800995024874 0.880126953125 0.07114427860696518 0.056640625
0 0.3597014925373134 0.541015625 0.07064676616915423 0.05224609375
0 0.3599502487562189 0.49267578125 0.0681592039800995 0.05908203125
0 0.49402985074626865 0.09521484375 0.06965174129353234 0.056640625
