1 0.4246268656716418 0.366943359375 0.04129353233830846 0.03173828125
0 0.8248756218905473 0.904296875 0.0691542288557214 0.0712890625
1 0.3850746268656716 0.404052734375 0.04378109452736319 0.06884765625
1 0.7664179104477612 0.9140625 0.07213930348258707 0.0341796875
0 0.061691542288557215 0.288330078125 0.06069651741293532 0.05419921875
0 0.0845771144278607 0.33447265625 0.07562189054726368 0.08837890625
1 0.5932835820895522 0.447021484375 0.04079601990049751 0.07177734375
1 0.5786069651741294 0.397705078125 0.0472636815920398 0.03515625
1 0.8664179104477612 0.571533203125 0.03383084577114428 0.0302734375
1 0.8283582089552238 0.573486328125 0.059203980099502486 0.03564453125
1 0.9604477611940299 0.522705078125 0.06119402985074627 0.0517578125
1 0.8922885572139303 0.084228515625 0.10248756218905472 0.04052734375
1 0.6611940298507463 0.036865234375 0.09701492537313433 0.0458984375
0 0.141044776119403 0.308837890625 0.0681592039800995 0.07763671875
0 0.48308457711442787 0.357177734375 0.06417910447761194 0.07666015625
0 0.531592039800995 0.36572265625 0.07014925373134329 0.0751953125
0 0.9072139303482587 0.564453125 0.0681592039800995 0.076171875
