0 0.47208931419457734 0.2899002493765586 0.058213716108452954 0.08977556109725686
0 0.4342105263157895 0.29738154613466333 0.044657097288676235 0.07107231920199501
0 0.4194577352472089 0.05236907730673317 0.05502392344497608 0.08603491271820449
0 0.4541467304625199 0.4476309226932668 0.050239234449760764 0.09226932668329177
1 0.2077352472089314 0.6726932668329177 0.025518341307814992 0.0685785536159601
1 0.5841307814992025 0.9600997506234414 0.03588516746411483 0.032418952618453865
1 0.44258373205741625 0.5480049875311721 0.04146730462519936 0.04239401496259352
1 0.39553429027113235 0.456359102244389 0.03349282296650718 0.02743142144638404
1 0.21451355661881977 0.6190773067331671 0.030303030303030304 0.05361596009975062
1 0.21929824561403508 0.5679551122194514 0.03269537480063796 0.07107231920199501
1 0.47527910685805425 0.5579800498753117 0.03508771929824561 0.03865336658354115
1 0.5067783094098883 0.5698254364089775 0.0430622009569378 0.04114713216957606
1 0.6192185007974481 0.9713216957605985 0.045454545454545456 0.03740648379052369
0 0.41706539074960125 0.972568578553616 0.05422647527910686 0.03740648379052369
0 0.47248803827751196 0.9233167082294265 0.06140350877192982 0.09850374064837905
