0 0.625414673046252 0.41307980049875315 0.04803827751196173 0.07788029925187037
0 0.6134051036682616 0.3574501246882793 0.03824561403508775 0.05841645885286786
0 0.7632854864433811 0.2837344139650873 0.046251993620414676 0.07233167082294263
0 0.523122009569378 0.41864713216957605 0.051586921850079785 0.06397755610972562
1 0.04012360446570973 0.11268703241895262 0.017791068580542267 0.055673316708229434
1 0.05969298245614035 0.0855423940149626 0.03914673046251994 0.02921446384039901
1 0.33141945773524717 0.08902119700748129 0.04178628389154703 0.027817955112219454
1 0.037898724082934605 0.4937468827930175 0.016897926634768738 0.06397755610972562
1 0.09482456140350878 0.7211221945137157 0.013349282296650725 0.0597506234413966
1 0.22958532695374803 0.7246009975062344 0.014226475279106884 0.052793017456359
1 0.4581897926634768 0.42210723192019944 0.019569377990430594 0.05977556109725692
1 0.5057735247208931 0.33102244389027435 0.011562998405103669 0.050074812967581005
1 0.9238437001594896 0.33658977556109726 0.018676236044657155 0.05841645885286786
1 0.9251754385964911 0.3859538653366583 0.012456140350877106 0.051458852867830404
1 0.926511164274322 0.42976932668329176 0.015127591706538915 0.05841645885286786
1 0.36612041467304623 0.08762468827930174 0.02935406698564589 0.03894014962593516
1 0.39903508771929824 0.08484413965087283 0.041802232854864445 0.03894014962593516
1 0.4586323763955343 0.4742768079800499 0.01868421052631584 0.050074812967581005
1 0.4577432216905901 0.5250436408977557 0.018676236044657155 0.0625810473815462
1 0.09037878787878789 0.08415211970074812 0.03291068580542265 0.031995012468827924
1 0.1228548644338118 0.08415211970074814 0.03738437001594896 0.02920199501246884
1 0.040566188197767146 0.1641209476309227 0.015119617224880389 0.05841645885286784
1 0.09615629984051037 0.7802556109725686 0.019569377990430615 0.06397755610972562
1 0.2300318979266348 0.7802618453865336 0.015119617224880411 0.06675810473815456
0 0.16909888357256778 0.4721882793017457 0.04980861244019137 0.08205735660847874
0 0.14908692185007977 0.4972256857855361 0.04892344497607657 0.06537406483790517
0 0.22958532695374798 0.5458977556109725 0.053365231259968095 0.07927680798004992
0 0.16776714513556618 0.6981982543640897 0.0507017543859649 0.09178304239401484
0 0.16331738437001594 0.8539713216957607 0.0507017543859649 0.08901496259351634
