0 0.6180223285486444 0.39027431421446385 0.05342902711323764 0.08603491271820449
0 0.6012759170653907 0.33665835411471323 0.04226475279106858 0.06483790523690773
0 0.7444178628389154 0.2350374064837905 0.051834130781499205 0.08104738154613467
0 0.5167464114832536 0.415211970074813 0.05661881977671451 0.07356608478802992
1 0.013556618819776715 0.20324189526184538 0.0215311004784689 0.05860349127182045
1 0.03070175438596491 0.17269326683291772 0.04066985645933014 0.03615960099750624
1 0.30063795853269537 0.12406483790523691 0.0430622009569378 0.034912718204488775
1 0.04066985645933014 0.5816708229426434 0.0215311004784689 0.06608478802992519
1 0.11523125996810207 0.7967581047381546 0.018341307814992026 0.06234413965087282
1 0.2492025518341308 0.7743142144638404 0.018341307814992026 0.05486284289276808
1 0.4525518341307815 0.4307980049875312 0.024720893141945772 0.06359102244389027
1 0.49242424242424243 0.33104738154613467 0.015151515151515152 0.05112219451371571
1 0.9078947368421053 0.256857855361596 0.023125996810207338 0.06109725685785536
1 0.9130781499202552 0.3054862842892768 0.01674641148325359 0.05361596009975062
1 0.9178628389154705 0.3485037406483791 0.019936204146730464 0.06109725685785536
1 0.3349282296650718 0.11658354114713217 0.03269537480063796 0.043640897755610975
1 0.36762360446570974 0.10723192019950124 0.043859649122807015 0.046134663341645885
1 0.4569377990430622 0.4825436408977556 0.022328548644338118 0.05361596009975062
1 0.46012759170653905 0.5330423940149626 0.023125996810207338 0.06483790523690773
1 0.061004784688995214 0.16521197007481297 0.03508771929824561 0.03865336658354115
1 0.09330143540669857 0.1589775561097257 0.03907496012759171 0.03615960099750624
1 0.017942583732057416 0.25374064837905236 0.019936204146730464 0.06109725685785536
1 0.12081339712918661 0.8553615960099751 0.024720893141945772 0.06733167082294264
1 0.2539872408293461 0.8298004987531172 0.019936204146730464 0.06982543640897755
0 0.16945773524720892 0.5349127182044888 0.05582137161084529 0.09102244389027432
0 0.15151515151515152 0.564214463840399 0.05342902711323764 0.07356608478802992
0 0.23524720893141945 0.5972568578553616 0.05901116427432217 0.08977556109725686
0 0.18580542264752792 0.7599750623441397 0.058213716108452954 0.10099750623441396
0 0.1937799043062201 0.9158354114713217 0.05741626794258373 0.09725685785536159
