0 0.2792391304347826 0.237888583218707 0.0819169960474308 0.058418156808803336
0 0.2802371541501976 0.2872627235213205 0.08391304347826085 0.05702888583218704
0 0.7398418972332015 0.23510316368638237 0.07592885375494063 0.055625859697386516
0 0.7378359683794466 0.28447730398899584 0.08393280632411072 0.051458046767537784
0 0.7218577075098814 0.40200137551581844 0.0799209486166009 0.04727647867950482
0 0.6868873517786561 0.4757152682255846 0.06594861660079052 0.05286107290233831
0 0.6988735177865613 0.5522077028885832 0.07395256916996039 0.0556396148555709
0 0.7728063241106718 0.514656121045392 0.053952569169960385 0.044497936726272384
0 0.8197727272727273 0.6314855570839064 0.05195652173913036 0.04729023383768913
0 0.37715415019762843 0.6474828060522696 0.06193675889328058 0.0458872077028886
0 0.29622529644268775 0.6822558459422283 0.07992094861660079 0.06258596973865199
0 0.2932312252964427 0.7615268225584594 0.07792490118577076 0.06536451169188442
0 0.312203557312253 0.9312035763411279 0.08393280632411072 0.0486795048143055
1 0.16233201581027668 0.26152682255845944 0.14387351778656124 0.022255845942228344
1 0.6089525691699604 0.2580536451169188 0.14988142292490125 0.01808803301237961
1 0.15434782608695652 0.7406671251719396 0.1438735177865613 0.020866574965612204
1 0.6119466403162056 0.7364924346629985 0.15187747035573126 0.01529573590096271
1 0.8587450592885375 0.7385832187070152 0.0739328063241106 0.019477303988995987
