0 0.26679841897233203 0.24346629986244842 0.08300395256916997 0.059147180192572216
0 0.26976284584980237 0.29298486932599727 0.08498023715415019 0.0577716643741403
0 0.7262845849802372 0.2297111416781293 0.07707509881422925 0.05639614855570839
0 0.7272727272727273 0.2792297111416781 0.08498023715415019 0.052269601100412656
0 0.717391304347826 0.39683631361760663 0.08102766798418973 0.048143053645116916
0 0.6857707509881423 0.47111416781292986 0.06719367588932806 0.05364511691884457
0 0.7015810276679841 0.547455295735901 0.07509881422924901 0.05639614855570839
0 0.7737154150197628 0.5075653370013755 0.05533596837944664 0.0453920220082531
0 0.8260869565217391 0.6237964236588721 0.0533596837944664 0.048143053645116916
0 0.38537549407114624 0.6499312242090785 0.06324110671936758 0.04676753782668501
0 0.30533596837944665 0.68707015130674 0.08300395256916997 0.06464924346629987
0 0.30632411067193677 0.7661623108665749 0.08102766798418973 0.06740027510316368
0 0.3339920948616601 0.9353507565337001 0.08498023715415019 0.04951856946354883
1 0.15019762845849802 0.2696011004126547 0.14624505928853754 0.026134800550206328
1 0.5968379446640316 0.2551581843191197 0.15019762845849802 0.02200825309491059
1 0.16600790513833993 0.7489683631361761 0.1442687747035573 0.024759284731774415
1 0.6235177865612648 0.7338376891334251 0.15217391304347827 0.01925722145804677
1 0.8705533596837944 0.7297111416781293 0.07312252964426877 0.02063273727647868
