0 0.11561264822134387 0.35557083906464926 0.08498023715415019 0.0577716643741403
0 0.18675889328063242 0.35488308115543327 0.08300395256916997 0.059147180192572216
0 0.12845849802371542 0.6760660247592847 0.08102766798418973 0.05364511691884457
0 0.19960474308300397 0.6733149931224209 0.07509881422924901 0.059147180192572216
0 0.3675889328063241 0.6581843191196699 0.0691699604743083 0.05639614855570839
0 0.4723320158102767 0.6306740027510316 0.07707509881422925 0.04676753782668501
0 0.5820158102766798 0.6361760660247593 0.08102766798418973 0.052269601100412656
0 0.5306324110671937 0.6891334250343879 0.06521739130434782 0.03851444291609354
0 0.6996047430830039 0.7180192572214581 0.0691699604743083 0.037138927097661624
0 0.7075098814229249 0.40990371389270974 0.06719367588932806 0.04401650618982118
0 0.7549407114624506 0.35213204951856947 0.09288537549407115 0.0577716643741403
0 0.8675889328063241 0.34731774415405775 0.09683794466403162 0.05639614855570839
1 0.14525691699604742 0.2730398899587345 0.037549407114624504 0.10178817056396149
1 0.15612648221343872 0.5839064649243466 0.03162055335968379 0.10453920220082531
1 0.83399209486166 0.25103163686382396 0.03557312252964427 0.10041265474552957
1 0.8438735177865613 0.5694635488308115 0.02766798418972332 0.10591471801925723
1 0.8547430830039525 0.7414030261348006 0.029644268774703556 0.05089408528198074
