0 0.6030789825970548 0.2939330543933054 0.07630522088353414 0.1192468619246862
1 0.7710843373493976 0.6286610878661087 0.05622489959839357 0.23640167364016737
1 0.8125836680053548 0.38598326359832635 0.041499330655957165 0.13389121338912133
1 0.8480589022757697 0.16213389121338911 0.03480589022757698 0.08786610878661087
0 0.2978580990629183 0.06485355648535565 0.0856760374832664 0.12552301255230125
0 0.37014725568942436 0.027196652719665274 0.07898259705488621 0.05439330543933055
0 0.4979919678714859 0.04707112970711297 0.06961178045515395 0.09414225941422594
0 0.5555555555555556 0.056485355648535567 0.06157965194109773 0.1087866108786611
0 0.5294511378848729 0.35564853556485354 0.07764390896921017 0.14225941422594143
0 0.5515394912985274 0.7133891213389121 0.0856760374832664 0.14853556485355648
0 0.6305220883534136 0.1108786610878661 0.07898259705488621 0.12343096234309624
