0 0.4190093708165997 0.7280334728033473 0.06827309236947791 0.10669456066945607
1 0.21887550200803213 0.4393305439330544 0.03346720214190094 0.2384937238493724
1 0.20281124497991967 0.6893305439330544 0.028112449799196786 0.13179916317991633
1 0.18875502008032127 0.9173640167364017 0.02677376171352075 0.08577405857740586
0 0.7436412315930389 0.8797071129707112 0.07764390896921017 0.1108786610878661
0 0.677376171352075 0.9560669456066946 0.06961178045515395 0.08786610878661087
0 0.5475234270414994 0.9518828451882845 0.06157965194109773 0.09623430962343096
0 0.4886211512717537 0.950836820083682 0.0535475234270415 0.09832635983263599
0 0.48527443105756357 0.649581589958159 0.06693440428380187 0.13179916317991633
0 0.42771084337349397 0.3023012552301255 0.0749665327978581 0.13389121338912133
0 0.4103078982597055 0.9163179916317992 0.07095046854082998 0.1108786610878661
