0 0.3473895582329317 0.39294979079497905 0.06318607764390899 0.09874476987447696
1 0.8355421686746988 0.25039748953974894 0.02136546184738961 0.23644351464435143
1 0.5142570281124498 0.057071129707112964 0.15129852744310573 0.0305857740585774
1 0.3536211512717537 0.052897489539748946 0.08277108433734942 0.03336820083682009
1 0.1560441767068273 0.05289748953974895 0.15396251673360106 0.03617154811715481
0 0.2793038821954485 0.9117259414225941 0.06406961178045517 0.11265690376569043
0 0.2143373493975904 0.8178451882845188 0.07119143239625168 0.10012552301255233
0 0.2129986613119143 0.6140899581589957 0.06318607764390895 0.0876359832635983
0 0.2107764390896921 0.5229916317991632 0.06050870147255688 0.07510460251046026
0 0.40390227576974563 0.49031380753138076 0.07832663989290495 0.09317991631799162
0 0.8600133868808567 0.5452510460251045 0.0774297188755019 0.11125523012552296
0 0.619718875502008 0.37 0.08099062918340026 0.10569037656903763
1 0.8350937081659974 0.7211820083682009 0.01870147255689428 0.25173640167364025
0 0.227235609103079 0.39643305439330545 0.06496653279785806 0.10290794979079497
