0 0.70818345323741 0.63189448441247 0.08093525179856115 0.1091127098321343
0 0.2787769784172662 0.5725419664268585 0.08093525179856115 0.10311750599520383
0 0.3385791366906475 0.5857314148681055 0.07284172661870504 0.09352517985611511
0 0.5939748201438849 0.604916067146283 0.08453237410071943 0.11870503597122302
0 0.7198741007194245 0.46103117505995206 0.0683453237410072 0.09952038369304557
1 0.6312949640287769 0.053357314148681056 0.1223021582733813 0.05155875299760192
1 0.2931654676258993 0.7200239808153477 0.044064748201438846 0.20623501199040767
1 0.18120503597122303 0.815947242206235 0.05755395683453238 0.03597122302158273
1 0.18255395683453238 0.6534772182254197 0.05935251798561151 0.3537170263788969
1 0.2306654676258993 0.486810551558753 0.044064748201438846 0.03477218225419664
1 0.2814748201438849 0.27577937649880097 0.06115107913669065 0.30335731414868106
