0 0.7222032374100719 0.5813009592326139 0.06884892086330931 0.09456834532374102
0 0.291919964028777 0.623021582733813 0.06988309352517989 0.08901678657074341
0 0.3518974820143885 0.6216306954436451 0.06258992805755398 0.08067146282973618
0 0.6058992805755395 0.581294964028777 0.07197841726618702 0.1029256594724221
0 0.7112499999999999 0.4109232613908873 0.05737410071942442 0.08762589928057558
1 0.5709532374100719 0.029838129496402875 0.12100719424460427 0.023633093525179852
1 0.32529676258992807 0.7641906474820145 0.017733812949640312 0.2044484412470024
1 0.2272482014388489 0.8851918465227818 0.05528776978417265 0.02364508393285375
1 0.20742805755395682 0.7245503597122301 0.013561151079136677 0.3560551558752998
1 0.23298561151079136 0.549304556354916 0.04172661870503595 0.025035971223021578
1 0.25541366906474816 0.3295623501199041 0.021906474820143896 0.30320143884892087
