0 0.2751798561151079 0.565947242206235 0.07284172661870504 0.09952038369304557
0 0.7032374100719424 0.6372901678657075 0.0737410071942446 0.09352517985611511
0 0.6429856115107914 0.63189448441247 0.06564748201438848 0.08513189448441247
0 0.39073741007194246 0.5737410071942446 0.07553956834532374 0.1079136690647482
0 0.2922661870503597 0.3962829736211031 0.06115107913669065 0.09112709832134293
1 0.44739208633093525 0.02577937649880096 0.1223021582733813 0.03237410071942446
1 0.6641187050359713 0.776378896882494 0.026079136690647483 0.20623501199040767
1 0.7576438848920863 0.9034772182254197 0.05575539568345324 0.027577937649880094
1 0.783273381294964 0.7452038369304557 0.02787769784172662 0.35611510791366907
1 0.7648381294964028 0.5677458033573142 0.04226618705035971 0.027577937649880094
1 0.7508992805755396 0.3471223021582734 0.03327338129496403 0.30455635491606714
