1 0.139404296875 0.1253453038674033 0.044921875 0.0925414364640884
1 0.1513671875 0.21685082872928177 0.0546875 0.11740331491712708
1 0.1826171875 0.4713397790055249 0.0546875 0.12361878453038674
1 0.195556640625 0.5794198895027625 0.05126953125 0.12016574585635359
1 0.2265625 0.8325276243093923 0.05712890625 0.12845303867403315
1 0.2392578125 0.9406077348066298 0.0546875 0.11878453038674033
0 0.532958984375 0.11671270718232044 0.07958984375 0.10566298342541436
0 0.53662109375 0.07769337016574586 0.0673828125 0.11671270718232044
0 0.591064453125 0.06560773480662983 0.06787109375 0.1111878453038674
0 0.75439453125 0.7192679558011049 0.10107421875 0.12845303867403315
0 0.6259765625 0.8221685082872928 0.05126953125 0.08425414364640885
0 0.622802734375 0.19578729281767956 0.08056640625 0.10566298342541436
0 0.566162109375 0.36636740331491713 0.08349609375 0.10497237569060773
0 0.60595703125 0.37879834254143646 0.07958984375 0.1180939226519337
0 0.6064453125 0.7448204419889503 0.07470703125 0.09737569060773481
