1 0.76708984375 0.01899171270718232 0.0419921875 0.03798342541436464
1 0.77490234375 0.08494475138121547 0.05078125 0.11464088397790055
1 0.797607421875 0.3411602209944751 0.05078125 0.12154696132596685
1 0.8076171875 0.44993093922651933 0.04736328125 0.1180939226519337
1 0.830078125 0.705110497237569 0.052734375 0.12569060773480664
1 0.8408203125 0.8159530386740331 0.05078125 0.12154696132596685
0 0.38916015625 0.14709944751381215 0.0771484375 0.10082872928176796
0 0.377685546875 0.11153314917127072 0.064453125 0.1132596685082873
0 0.322998046875 0.12223756906077347 0.06494140625 0.10773480662983426
0 0.302001953125 0.8149171270718232 0.09814453125 0.12292817679558012
0 0.446044921875 0.8601519337016574 0.04931640625 0.08149171270718232
0 0.31982421875 0.26001381215469616 0.078125 0.10151933701657459
0 0.4091796875 0.3995165745856354 0.08056640625 0.10013812154696132
0 0.373779296875 0.4278314917127072 0.076171875 0.11395027624309392
0 0.448974609375 0.7783149171270718 0.072265625 0.09323204419889503
