0 0.7891685393258427 0.3644584837545126 0.06925842696629225 0.114043321299639
1 0.40997191011235956 0.11967509025270757 0.11082022471910112 0.04173285198555957
1 0.18271910112359552 0.12175992779783393 0.21903370786516857 0.043122743682310484
1 0.6190505617977529 0.11967509025270757 0.1220786516853933 0.033393501805054154
1 0.8908988764044944 0.3185649819494585 0.11341573033707872 0.0389350180505415
1 0.4922191011235955 0.8387274368231048 0.09003370786516854 0.03893501805054161
0 0.3056516853932584 0.7163357400722021 0.08397752808988765 0.12238267148014433
0 0.41949438202247186 0.6843501805054152 0.07098876404494377 0.11960288808664259
0 0.7359269662921348 0.6989530685920579 0.07358426966292136 0.09039711191335748
0 0.7904662921348314 0.26223826714801446 0.07012359550561807 0.11823104693140794
