1 0.8547977243994944 0.5715810968494749 0.028634639696586715 0.1780280046674445
1 0.85102402022756 0.7857642940490082 0.03314791403286982 0.2586931155192533
0 0.3567762326169406 0.26212368728121355 0.0783565107458913 0.07649941656942824
0 0.8163716814159292 0.2440431738623104 0.0783565107458913 0.05980163360560093
0 0.8751390644753477 0.24751458576429405 0.08438685208596713 0.05841306884480747
0 0.5240328697850821 0.677287047841307 0.0482174462705436 0.05007001166861153
0 0.574519595448799 0.6779813302217036 0.043704171934260495 0.051458576429404795
0 0.43211757269279394 0.7704667444574095 0.06630847029077123 0.06954492415402556
0 0.4306131479140329 0.7155250875145857 0.07232616940581547 0.0709334889148191
0 0.5315739570164348 0.7224854142357059 0.05123893805309731 0.05423570595099185
0 0.6317762326169406 0.6904959159859977 0.07685208596713024 0.05980163360560093
1 0.1277307206068268 0.377561260210035 0.03616940581542353 0.1599533255542591
1 0.12396333754740833 0.5827071178529755 0.034652338811630844 0.1557759626604434
1 0.2708849557522124 0.04098016336056009 0.12055625790139063 0.03477246207701283
1 0.3869152970922883 0.038197199533255545 0.12356510745891278 0.03198366394399066
1 0.8517762326169406 0.13207701283547257 0.03164348925410869 0.18914819136522756
1 0.8540391908975979 0.377561260210035 0.04218710493046762 0.20445740956826142
