1 0.3388116308470291 0.8004667444574096 0.19469026548672566 0.06884480746791131
1 0.12705436156763592 0.7450408401400234 0.25410872313527183 0.09218203033838973
0 0.7850821744627055 0.42882147024504086 0.09987357774968394 0.08868144690781797
0 0.6927939317319848 0.8453908984830805 0.08091024020227561 0.08401400233372229
0 0.6750948166877371 0.896732788798133 0.08217446270543616 0.08984830805134189
0 0.30783817951959547 0.47841306884480744 0.06447534766118837 0.05484247374562427
0 0.2951959544879899 0.5239206534422404 0.06447534766118837 0.052508751458576426
0 0.23198482932996206 0.37397899649941657 0.0897597977243995 0.07584597432905485
0 0.29077117572692796 0.3856476079346558 0.0922882427307206 0.08168028004667445
0 0.25853350189633373 0.47432905484247373 0.0695322376738306 0.059509918319719954
0 0.26738305941845764 0.5717619603267211 0.08091024020227561 0.08401400233372229
1 0.7187104930467763 0.19603267211201866 0.17699115044247787 0.07117852975495916
1 0.5037926675094817 0.14294049008168028 0.1731984829329962 0.06884480746791131
1 0.9905183312262958 0.5087514585764294 0.018963337547408345 0.11435239206534423
1 0.8015170670037927 0.9037339556592765 0.20480404551201012 0.073512252042007
1 0.5429835651074589 0.8465577596266044 0.225031605562579 0.08634772462077013
