1 0.3196125907990315 0.7774566473988439 0.014527845036319613 0.2466281310211946
0 0.5056497175141242 0.45472061657032753 0.03470540758676352 0.0789980732177264
0 0.4539951573849879 0.7870905587668593 0.03551251008878128 0.0789980732177264
0 0.5238095238095238 0.8747591522157996 0.03631961259079903 0.0905587668593449
1 0.33131557707828896 0.04335260115606936 0.00887812752219532 0.08670520231213873
1 0.32566585956416466 0.3420038535645472 0.011299435028248588 0.10211946050096339
1 0.5887812752219532 0.9701348747591522 0.010492332526230832 0.05973025048169557
1 0.5924132364810331 0.75626204238921 0.014527845036319613 0.1676300578034682
1 0.39709443099273606 0.5828516377649325 0.07021791767554479 0.03275529865125241
1 0.45036319612590797 0.4913294797687861 0.01533494753833737 0.028901734104046242
1 0.48991121872477805 0.49614643545279385 0.048426150121065374 0.023121387283236993
0 0.4313962873284907 0.11368015414258188 0.037933817594834544 0.08092485549132948
0 0.46771589991928975 0.3921001926782274 0.02824858757062147 0.06936416184971098
0 0.4693301049233253 0.2764932562620424 0.033091202582728005 0.07129094412331406
0 0.5205811138014528 0.09730250481695568 0.03066989507667474 0.0789980732177264
