1 0.6602098466505246 0.8410404624277457 0.023405972558514933 0.24855491329479767
0 0.4975786924939467 0.45375722543352603 0.037933817594834544 0.08670520231213873
0 0.5266343825665859 0.8005780346820809 0.0387409200968523 0.08670520231213873
0 0.4515738498789346 0.861271676300578 0.0387409200968523 0.09826589595375723
1 0.6965294592413237 0.1069364161849711 0.012106537530266344 0.09826589595375723
1 0.6824051654560129 0.40847784200385356 0.014527845036319613 0.10404624277456648
1 0.3813559322033898 0.9354527938342967 0.0129136400322841 0.06936416184971098
1 0.39184826472962064 0.7186897880539499 0.020177562550443905 0.16955684007707128
1 0.5964487489911219 0.6204238921001927 0.07102502017756256 0.046242774566473986
1 0.549636803874092 0.5096339113680154 0.01694915254237288 0.030828516377649325
1 0.510088781275222 0.5 0.04923325262308313 0.03275529865125241
0 0.5932203389830508 0.14354527938342967 0.04116222760290557 0.08670520231213873
0 0.5391444713478611 0.4055876685934489 0.03066989507667474 0.07514450867052024
0 0.5447941888619855 0.2909441233140655 0.03551251008878128 0.0789980732177264
0 0.5060532687651331 0.09441233140655106 0.03389830508474576 0.08477842003853564
