1 0.6223809523809524 0.07915221579961464 0.10292171105730426 0.026551059730250483
1 0.11055286521388218 0.7291040462427746 0.04728813559322035 0.031541425818882474
1 0.06222356739305892 0.5373506743737957 0.010435835351089594 0.10957610789980733
0 0.20478611783696532 0.6286608863198458 0.03407586763518969 0.07635838150289016
0 0.15019370460048426 0.6253371868978805 0.03199354317998385 0.06639691714836231
0 0.48121065375302663 0.5116184971098265 0.03199354317998394 0.0813487475915222
0 0.6216828087167071 0.3995568400770713 0.03198547215496377 0.08300578034682078
0 0.6561057304277644 0.5705587668593449 0.036860371267150985 0.08300578034682089
0 0.7934503631961259 0.32402697495183047 0.03198547215496377 0.0813487475915222
0 0.8633373688458433 0.35722543352601155 0.03547215496368024 0.07803468208092486
0 0.8636884584342213 0.4360886319845857 0.0333817594834545 0.0663969171483622
0 0.8285673930589185 0.5722157996146435 0.035472154963680336 0.08963391136801538
0 0.8303066989507667 0.6660211946050096 0.03476997578692488 0.09131021194605007
1 0.11716303470540758 0.07749518304431599 0.03686037126715094 0.026551059730250483
1 0.17835754640839385 0.07832369942196532 0.03824858757062146 0.024894026974951834
1 0.3129217110573043 0.08163776493256263 0.040338983050847474 0.018265895953757234
1 0.4398305084745762 0.07915221579961464 0.042421307506053225 0.023236994219653185
1 0.7972719935431799 0.07998073217726397 0.07996771589991923 0.024894026974951834
1 0.9175827280064568 0.07832369942196532 0.0646731234866829 0.024894026974951834
1 0.9815577078288942 0.4684585741811175 0.01181598062953985 0.0879768786127167
1 0.7176472962066182 0.7282658959537571 0.07232445520581106 0.023236994219653074
1 0.6039507667473769 0.7291040462427745 0.0702421307506053 0.02822736030828512
1 0.5382324455205811 0.25762042389210016 0.011121872477804658 0.1676878612716763
1 0.49789749798224375 0.38130057803468204 0.01112994350282483 0.0365125240847784
1 0.4985956416464891 0.47592485549132946 0.008345439870863534 0.11620423892100187
1 0.2663276836158192 0.7291040462427746 0.048684422921711094 0.031541425818882474
1 0.21869249394673126 0.7282755298651253 0.04519774011299435 0.029884393063583797
1 0.169317998385795 0.7257803468208093 0.04520581113801452 0.028208092485549105
0 0.04275221953188055 0.20201348747591522 0.05354317998385795 0.11289017341040461
0 0.04205811138014528 0.3074277456647399 0.050766747376916874 0.11454720616570326
0 0.26806698950766744 0.24848747591522158 0.03824858757062146 0.06973025048169557
0 0.34073849878934626 0.32236030828516377 0.031985472154963675 0.08799614643545282
0 0.4558272800645682 0.41865125240847784 0.0285068603712671 0.06473988439306362
0 0.40749394673123485 0.41865125240847784 0.029209039548022644 0.07803468208092486
0 0.3306537530266344 0.5348651252408477 0.03268765133171913 0.07138728323699413
0 0.277453591606134 0.5207514450867051 0.030597255851493112 0.07637764932562618
