1 0.055716981132075474 0.25586065573770495 0.022301886792452836 0.1307377049180328
1 0.05688993710691824 0.5312444113263786 0.02230817610062893 0.1418628912071536
1 0.06099685534591194 0.6932712369597616 0.02347798742138364 0.13769001490312963
1 0.7976132075471698 0.5660134128166915 0.01995597484276731 0.1363040238450075
0 0.3227641509433963 0.33024962742175856 0.061012578616352196 0.06811475409836064
0 0.3785377358490566 0.31635991058122204 0.05986792452830192 0.07927719821162443
0 0.4607075471698113 0.3149664679582712 0.05047169811320755 0.0709314456035768
0 0.8228490566037735 0.37546944858420267 0.07982389937106923 0.08901639344262298
0 0.5346635220125786 0.5270715350223546 0.0716037735849056 0.07232488822652754
0 0.4348836477987421 0.8900707898658717 0.0716037735849056 0.08345007451564812
0 0.43136163522012577 0.8163599105812219 0.0716037735849056 0.08345007451564812
0 0.4043616352201258 0.7196982116244411 0.06222012578616356 0.06258569299552907
0 0.36444968553459123 0.6487667660208644 0.06691194968553466 0.06537257824143071
0 0.32160062893081764 0.41093517138599106 0.07043396226415095 0.07371833084947844
1 0.7976132075471698 0.26837928464977645 0.017603773584905523 0.1613338301043219
