1 0.5556603773584906 0.8524590163934426 0.11509433962264151 0.02384500745156483
0 0.35660377358490564 0.28986587183308493 0.057232704402515724 0.07228017883755589
0 0.3449685534591195 0.3561847988077496 0.06666666666666667 0.07078986587183309
0 0.34371069182389935 0.4534277198211624 0.059748427672955975 0.05961251862891207
0 0.3949685534591195 0.8826378539493294 0.07484276729559748 0.09463487332339791
0 0.5229559748427673 0.5409836065573771 0.0610062893081761 0.08494783904619971
0 0.8292452830188679 0.422876304023845 0.07044025157232704 0.08494783904619971
0 0.7669811320754717 0.4187779433681073 0.07044025157232704 0.08494783904619971
0 0.6855345911949685 0.3867362146050671 0.052830188679245285 0.07377049180327869
0 0.6254716981132076 0.3394187779433681 0.055345911949685536 0.07898658718330849
0 0.4248427672955975 0.2887481371087928 0.062264150943396226 0.08345752608047691
1 0.30440251572327043 0.8524590163934426 0.13647798742138365 0.020864381520119227
