1 0.7471655328798186 0.797196261682243 0.024943310657596373 0.037383177570093455
1 0.63718820861678 0.8308411214953271 0.2290249433106576 0.048598130841121495
1 0.5192743764172335 0.8205607476635514 0.031746031746031744 0.06542056074766354
0 0.6473922902494331 0.7504672897196262 0.07482993197278912 0.056074766355140186
0 0.6541950113378685 0.7850467289719626 0.07482993197278912 0.0616822429906542
0 0.8356009070294784 0.49906542056074765 0.08163265306122448 0.05794392523364486
0 0.9251700680272109 0.4850467289719626 0.08163265306122448 0.0616822429906542
0 0.7687074829931972 0.4130841121495327 0.06802721088435375 0.056074766355140186
0 0.7165532879818595 0.38317757009345793 0.07482993197278912 0.056074766355140186
0 0.5895691609977324 0.5514018691588785 0.05895691609977324 0.052336448598130844
0 0.5430839002267573 0.4439252336448598 0.06575963718820861 0.05420560747663551
0 0.4002267573696145 0.2514018691588785 0.07029478458049887 0.056074766355140186
0 0.8900226757369615 0.1102803738317757 0.05442176870748299 0.06355140186915888
0 0.9047619047619048 0.16261682242990655 0.049886621315192746 0.05794392523364486
0 0.5510204081632653 0.24953271028037383 0.06575963718820861 0.048598130841121495
0 0.4897959183673469 0.2616822429906542 0.07029478458049887 0.052336448598130844
0 0.5374149659863946 0.35700934579439253 0.05215419501133787 0.041121495327102804
0 0.54421768707483 0.39065420560747666 0.05442176870748299 0.04299065420560748
1 0.42063492063492064 0.7364485981308411 0.05895691609977324 0.14392523364485982
1 0.36961451247165533 0.5355140186915888 0.04081632653061224 0.07663551401869159
1 0.5453514739229025 0.7878504672897196 0.07709750566893424 0.024299065420560748
1 0.5997732426303855 0.7757009345794392 0.05215419501133787 0.020560747663551402
1 0.7709750566893424 0.8074766355140187 0.047619047619047616 0.018691588785046728
1 0.8072562358276644 0.8037383177570093 0.034013605442176874 0.016822429906542057
1 0.8412698412698413 0.7962616822429907 0.045351473922902494 0.022429906542056073
1 0.9512471655328798 0.6747663551401869 0.04081632653061224 0.07289719626168224
0 0.09977324263038549 0.5850467289719626 0.06575963718820861 0.056074766355140186
0 0.09523809523809523 0.4663551401869159 0.07029478458049887 0.06355140186915888
0 0.14965986394557823 0.46261682242990654 0.061224489795918366 0.052336448598130844
1 0.9240362811791383 0.5757009345794393 0.036281179138321996 0.06728971962616823
1 0.8832199546485261 0.4177570093457944 0.02040816326530612 0.03177570093457944
1 0.8594104308390023 0.31121495327102805 0.03854875283446712 0.06355140186915888
0 0.40589569160997735 0.35700934579439253 0.06802721088435375 0.05046728971962617
0 0.4523809523809524 0.3429906542056075 0.07029478458049887 0.056074766355140186
1 0.8458049886621315 0.2691588785046729 0.022675736961451247 0.03177570093457944
1 0.8219954648526077 0.08691588785046729 0.061224489795918366 0.020560747663551402
1 0.6122448979591837 0.12242990654205607 0.06349206349206349 0.020560747663551402
1 0.6666666666666666 0.1130841121495327 0.05668934240362812 0.018691588785046728
1 0.7188208616780045 0.10186915887850467 0.05895691609977324 0.022429906542056073
1 0.7709750566893424 0.09532710280373832 0.05895691609977324 0.022429906542056073
1 0.4002267573696145 0.2906542056074766 0.03854875283446712 0.014953271028037384
1 0.5895691609977324 0.2560747663551402 0.027210884353741496 0.011214953271028037
1 0.2199546485260771 0.21962616822429906 0.07936507936507936 0.024299065420560748
1 0.12585034013605442 0.3355140186915888 0.045351473922902494 0.014953271028037384
1 0.16326530612244897 0.6392523364485981 0.05442176870748299 0.024299065420560748
1 0.3458049886621315 0.44205607476635517 0.024943310657596373 0.024299065420560748
1 0.7437641723356009 0.7700934579439253 0.024943310657596373 0.03177570093457944
