1 0.0959297052154195 0.6376261682242991 0.04219954648526077 0.012523364485981393
1 0.07905895691609977 0.5416635514018691 0.011814058956916085 0.1905420560747664
1 0.11534013605442175 0.4484766355140187 0.0776190476190476 0.012504672897196258
0 0.171859410430839 0.5660000000000001 0.055691609977324266 0.0528598130841121
0 0.12967120181405897 0.5652990654205607 0.062426303854875284 0.0514579439252336
0 0.4308616780045352 0.7711495327102804 0.05736961451247168 0.057028037383177556
0 0.42917233560090706 0.8462523364485981 0.06074829931972794 0.057028037383177556
0 0.5481179138321995 0.7349906542056074 0.055691609977324266 0.04590654205607467
0 0.5936734693877551 0.6988317757009346 0.055691609977324204 0.0514579439252336
0 0.4207369614512471 0.5618317757009347 0.05399092970521543 0.038953271028037445
0 0.5582426303854875 0.5465327102803738 0.055668934240362775 0.04450467289719616
0 0.8163945578231292 0.4707289719626168 0.05569160997732414 0.04867289719626172
0 0.879671201814059 0.9095327102803739 0.07086167800453515 0.06119626168224301
0 0.8155555555555555 0.9109158878504674 0.06412698412698406 0.06119626168224301
0 0.7868707482993197 0.5931214953271028 0.04725623582766447 0.04590654205607467
0 0.784342403628118 0.5409626168224299 0.05231292517006814 0.05007476635514012
0 0.6620181405895691 0.5597476635514019 0.040498866213151956 0.03755140186915894
0 0.6206802721088436 0.5583457943925234 0.04217687074829937 0.03755140186915894
1 0.2359750566893424 0.3865794392523365 0.1738095238095238 0.019476635514018723
1 0.4848526077097505 0.387981308411215 0.09111111111111113 0.019476635514018723
1 0.14908163265306124 0.4762990654205607 0.013492063492063482 0.06257943925233643
1 0.15160997732426304 0.523588785046729 0.015192743764172326 0.04033644859813092
1 0.07989795918367347 0.6543271028037383 0.013492063492063498 0.03755140186915894
1 0.07651927437641723 0.6849158878504673 0.013492063492063498 0.02642990654205605
1 0.07736961451247167 0.7134299065420561 0.01854875283446713 0.036168224299065466
1 0.1988548752834467 0.8267757009345794 0.08605442176870745 0.01807476635514011
0 0.4823129251700681 0.1598785046728972 0.05904761904761909 0.044504672897196264
0 0.624047619047619 0.1800467289719626 0.06578231292517005 0.04869158878504675
0 0.6164512471655328 0.2252523364485981 0.053990929705215296 0.041719626168224284
1 0.32202947845804986 0.8260841121495327 0.07929705215419504 0.016691588785046636
1 0.5185827664399093 0.8260841121495328 0.0371201814058957 0.011121495327102889
1 0.6493537414965986 0.8288691588785047 0.07594104308390025 0.019457943925233586
0 0.6898526077097507 0.4540373831775701 0.04891156462585045 0.04867289719626172
0 0.6965986394557823 0.49437383177570093 0.05569160997732414 0.048672897196261666
1 0.7016666666666667 0.8274766355140187 0.03544217687074829 0.013906542056074868
1 0.9226870748299321 0.8455607476635514 0.011814058956916182 0.05007476635514012
1 0.9252267573696146 0.6689252336448598 0.013492063492063595 0.05007476635514012
1 0.9243877551020409 0.714822429906542 0.011814058956916182 0.04728971962616814
1 0.9269160997732427 0.758626168224299 0.01687074829931985 0.04588785046728963
1 0.9235374149659865 0.8024485981308411 0.01687074829931985 0.04728971962616814
1 0.7691496598639456 0.46238317757009345 0.011814058956916182 0.029214953271028028
1 0.7708390022675737 0.6237196261682243 0.008435374149659926 0.02085981308411209
1 0.8914852607709751 0.3323457943925234 0.013492063492063595 0.063981308411215
1 0.7733786848072562 0.23294392523364485 0.010113378684807339 0.03747663551401871
1 0.7227551020408164 0.022887850467289722 0.04047619047619053 0.01807476635514019
1 0.6898526077097507 0.020794392523364486 0.03544217687074829 0.01669158878504673
1 0.6569501133786847 0.022186915887850468 0.0371201814058957 0.013906542056074769
1 0.5531859410430838 0.022186915887850468 0.03544217687074829 0.013906542056074769
1 0.5202834467120181 0.019411214953271028 0.0371201814058957 0.01669158878504673
1 0.48990929705215425 0.02219626168224299 0.040498866213151956 0.01669158878504673
1 0.4561678004535148 0.02080373831775701 0.040498866213151956 0.013906542056074769
1 0.4047052154195011 0.1995233644859813 0.018571428571428565 0.04312149532710279
1 0.6004308390022675 0.38797196261682243 0.02530612244897952 0.016691588785046743
1 0.12967120181405897 0.6404112149532709 0.035442176870748306 0.015289719626168131
