1 0.29125 0.25833333333333336 0.02625 0.12333333333333334
1 0.265625 0.6366666666666667 0.025 0.11166666666666666
1 0.624375 0.7791666666666667 0.0225 0.13166666666666665
1 0.634375 0.6341666666666667 0.025 0.14333333333333334
1 0.64625 0.4275 0.02125 0.08
1 0.659375 0.25916666666666666 0.0275 0.14666666666666667
0 0.275625 0.7383333333333333 0.05 0.06166666666666667
0 0.26625 0.36333333333333334 0.0575 0.07166666666666667
0 0.461875 0.32166666666666666 0.04125 0.06
0 0.63625 0.36833333333333335 0.045 0.06833333333333333
