1 0.33730625000000003 0.7982833333333332 0.09178750000000005 0.025033333333333303
1 0.6225999999999999 0.7989750000000001 0.08239999999999995 0.02365000000000009
1 0.6971875 0.31080833333333335 0.09805000000000007 0.01808333333333337
1 0.5887 0.3101083333333333 0.10640000000000001 0.022250000000000037
1 0.433275 0.31149166666666667 0.05842500000000001 0.022250000000000037
1 0.30601875 0.30940833333333334 0.10848749999999999 0.023649999999999997
0 0.69770625 0.7774166666666666 0.042762500000000044 0.061200000000000046
0 0.41815 0.8226166666666668 0.049025000000000034 0.07093333333333324
0 0.37016875 0.5660166666666666 0.042762500000000044 0.05006666666666661
0 0.3899875 0.33096666666666663 0.04694999999999993 0.055633333333333326
