1 0.10982905982905983 0.15202312138728324 0.09316239316239316 0.3040462427745665
1 0.06794871794871794 0.40115606936416187 0.05128205128205128 0.08901734104046242
0 0.3893162393162393 0.5317919075144508 0.07606837606837606 0.09595375722543352
0 0.3564102564102564 0.900578034682081 0.0905982905982906 0.13641618497109825
0 0.8474358974358974 0.47572254335260117 0.1094017094017094 0.1329479768786127
0 0.36709401709401707 0.3439306358381503 0.09230769230769231 0.11445086705202312
0 0.17905982905982906 0.30520231213872834 0.0811965811965812 0.11791907514450867
1 0.03461538461538462 0.6236994219653179 0.06153846153846154 0.1791907514450867
1 0.9264957264957265 0.7132947976878613 0.06837606837606838 0.2046242774566474
1 0.8495726495726496 0.28497109826589595 0.07606837606837606 0.27976878612716766
