1 0.10512820512820513 0.15664739884393064 0.08888888888888889 0.3132947976878613
1 0.06709401709401709 0.4115606936416185 0.05042735042735043 0.08901734104046242
0 0.38974358974358975 0.5346820809248555 0.07521367521367521 0.09479768786127167
0 0.36153846153846153 0.9040462427745665 0.08974358974358974 0.1352601156069364
0 0.8474358974358974 0.4676300578034682 0.10854700854700855 0.130635838150289
0 0.36538461538461536 0.3468208092485549 0.09145299145299145 0.11213872832369942
0 0.1764957264957265 0.3132947976878613 0.07948717948717948 0.11676300578034682
1 0.03632478632478633 0.6346820809248555 0.05982905982905983 0.1791907514450867
1 0.9290598290598291 0.7028901734104046 0.06581196581196581 0.20346820809248556
1 0.847008547008547 0.276878612716763 0.07264957264957266 0.27976878612716766
