1 0.06297863247863249 0.2552774566473988 0.043188034188034186 0.32683236994219644
1 0.06246153846153846 0.5250982658959538 0.040102564102564096 0.0792832369942197
0 0.3966452991452991 0.5626473988439307 0.06477777777777775 0.0792832369942197
0 0.42081196581196584 0.9326127167630058 0.07403418803418808 0.11821965317919074
0 0.8362222222222222 0.378364161849711 0.09459829059829065 0.1084739884393064
0 0.34626068376068375 0.3846242774566474 0.07917094017094017 0.09317919075144511
0 0.15603418803418803 0.39991907514450864 0.06683760683760682 0.10152601156069357
1 0.06349145299145299 0.7518034682080924 0.035991452991452996 0.17384971098265908
1 0.9498461538461538 0.5883757225433526 0.03805128205128203 0.19749132947976883
1 0.808974358974359 0.19130057803468206 0.03393162393162397 0.27677456647398846
