1 0.60693359375 0.23177083333333334 0.0703125 0.033203125
1 0.7021484375 0.25 0.0810546875 0.033854166666666664
0 0.458740234375 0.3271484375 0.041015625 0.054036458333333336
0 0.463134765625 0.2864583333333333 0.0439453125 0.047526041666666664
0 0.37109375 0.10709635416666667 0.0400390625 0.052083333333333336
0 0.380615234375 0.1611328125 0.0458984375 0.064453125
0 0.628662109375 0.6399739583333334 0.04150390625 0.05859375
0 0.5654296875 0.6279296875 0.0439453125 0.05859375
0 0.3955078125 0.7054036458333334 0.05224609375 0.06705729166666667
0 0.348876953125 0.5227864583333334 0.04150390625 0.055338541666666664
0 0.356689453125 0.38671875 0.0380859375 0.043619791666666664
0 0.396484375 0.3567708333333333 0.03857421875 0.0546875
1 0.6396484375 0.9189453125 0.080078125 0.041015625
0 0.373779296875 0.20182291666666666 0.0478515625 0.064453125
1 0.4287109375 0.1923828125 0.07177734375 0.029296875
1 0.490966796875 0.2060546875 0.06494140625 0.031901041666666664
1 0.546630859375 0.21907552083333334 0.06005859375 0.028645833333333332
1 0.281982421875 0.7744140625 0.08740234375 0.036458333333333336
1 0.487548828125 0.81640625 0.08056640625 0.03515625
0 0.380615234375 0.8134765625 0.05126953125 0.072265625
0 0.63623046875 0.5511067708333334 0.04296875 0.061197916666666664
0 0.6630859375 0.6048177083333334 0.04052734375 0.0546875
