1 0.298828125 0.357421875 0.02490234375 0.09375
1 0.3125 0.23046875 0.025390625 0.10807291666666667
0 0.370361328125 0.5550130208333334 0.04052734375 0.0546875
0 0.33984375 0.5491536458333334 0.03564453125 0.05859375
0 0.205322265625 0.671875 0.0390625 0.053385416666666664
0 0.245849609375 0.6591796875 0.04833984375 0.061197916666666664
0 0.60498046875 0.3284505208333333 0.0439453125 0.055338541666666664
0 0.595947265625 0.4127604166666667 0.0439453125 0.05859375
0 0.654052734375 0.6393229166666666 0.05029296875 0.06966145833333333
0 0.51708984375 0.7014973958333334 0.04150390625 0.055338541666666664
0 0.4150390625 0.6910807291666666 0.03271484375 0.05078125
0 0.392578125 0.6380208333333334 0.041015625 0.051432291666666664
1 0.814208984375 0.3138020833333333 0.03076171875 0.10677083333333333
0 0.2763671875 0.6682942708333334 0.04833984375 0.06380208333333333
1 0.269287109375 0.5950520833333334 0.02197265625 0.095703125
1 0.279541015625 0.5120442708333334 0.02392578125 0.08658854166666667
1 0.289306640625 0.4378255208333333 0.021484375 0.080078125
1 0.705810546875 0.7906901041666666 0.02734375 0.11653645833333333
1 0.7373046875 0.5166015625 0.0263671875 0.107421875
0 0.735107421875 0.6591796875 0.05419921875 0.068359375
0 0.538330078125 0.318359375 0.0458984375 0.057291666666666664
0 0.57861328125 0.2825520833333333 0.041015625 0.054036458333333336
