0 0.7376605504587156 0.3157592592592593 0.08269113149847102 0.05006172839506174
0 0.22002293577981652 0.2246604938271605 0.08096330275229356 0.05423456790123458
0 0.15973241590214068 0.22257407407407406 0.0706269113149847 0.05006172839506174
1 0.7841743119266056 0.0174320987654321 0.17914373088685018 0.020864197530864197
1 0.19246941896024464 0.8136728395061729 0.029281345565749222 0.15300000000000008
1 0.19074159021406728 0.6085246913580247 0.029281345565749222 0.15159259259259256
1 0.19074159021406728 0.3964259259259259 0.029281345565749222 0.14741975308641972
1 0.18902140672782874 0.12312962962962964 0.02238532110091741 0.14603703703703705
0 0.792782874617737 0.4666666666666667 0.06201834862385313 0.05424691358024698
0 0.7057874617737003 0.5702777777777778 0.07062691131498479 0.05564197530864204
0 0.7066513761467891 0.6182654320987654 0.07235474006116216 0.06537037037037036
0 0.5464525993883792 0.5327283950617284 0.08957186544342514 0.058419753086419814
0 0.5404281345565749 0.3192345679012346 0.08440366972477072 0.0598024691358025
0 0.6110474006116208 0.6787592592592592 0.07062691131498479 0.06119753086419745
0 0.7368042813455657 0.4381481481481481 0.07406727828746186 0.05007407407407401
