0 0.2599388379204893 0.31790123456790126 0.0672782874617737 0.0691358024691358
0 0.1743119266055046 0.7401234567901235 0.07186544342507645 0.06790123456790123
0 0.17507645259938837 0.7888888888888889 0.06574923547400612 0.05925925925925926
1 0.9036697247706422 0.7314814814814815 0.191131498470948 0.030864197530864196
1 0.650611620795107 0.7438271604938271 0.18960244648318042 0.030864197530864196
1 0.3876146788990826 0.7549382716049383 0.1834862385321101 0.030864197530864196
1 0.0779816513761468 0.7691358024691358 0.12385321100917432 0.02345679012345679
0 0.4434250764525994 0.2654320987654321 0.07033639143730887 0.05308641975308642
0 0.5764525993883792 0.33024691358024694 0.07186544342507645 0.05925925925925926
0 0.636085626911315 0.3271604938271605 0.08409785932721713 0.06172839506172839
0 0.5382262996941896 0.4604938271604938 0.0764525993883792 0.07530864197530865
0 0.27446483180428133 0.4765432098765432 0.0779816513761468 0.07037037037037037
0 0.7155963302752294 0.4012345679012346 0.07951070336391437 0.06049382716049383
0 0.41131498470948014 0.31234567901234567 0.06574923547400612 0.06172839506172839
