0 0.7752293577981652 0.645679012345679 0.07951070336391437 0.07654320987654321
0 0.7691131498470948 0.21790123456790123 0.08409785932721713 0.07654320987654321
0 0.7576452599388379 0.1697530864197531 0.0764525993883792 0.06666666666666667
1 0.07415902140672782 0.32839506172839505 0.14831804281345565 0.056790123456790124
1 0.2989296636085627 0.2808641975308642 0.18960244648318042 0.056790123456790124
1 0.5558103975535168 0.23333333333333334 0.1834862385321101 0.05555555555555555
1 0.8570336391437309 0.17592592592592593 0.12538226299694188 0.040740740740740744
0 0.6062691131498471 0.7228395061728395 0.07951070336391437 0.06172839506172839
0 0.4610091743119266 0.6777777777777778 0.08256880733944955 0.06790123456790123
0 0.4036697247706422 0.6888888888888889 0.09480122324159021 0.07160493827160494
0 0.4709480122324159 0.5438271604938272 0.09021406727828746 0.08395061728395062
0 0.7270642201834863 0.49135802469135803 0.09021406727828746 0.07901234567901234
0 0.308868501529052 0.6277777777777778 0.09021406727828746 0.0691358024691358
0 0.6276758409785933 0.6728395061728395 0.0779816513761468 0.0691358024691358
