1 0.9637791286727457 0.6151405258386219 0.02735562310030395 0.12511332728921123
1 0.8533434650455927 0.7615593834995467 0.1281661600810537 0.08250226654578423
1 0.6314589665653495 0.8739800543970988 0.020263424518743668 0.06346328195829556
1 0.5400202634245187 0.8762466001813236 0.0916919959473151 0.06708975521305531
1 0.3981762917933131 0.8395285584768812 0.03546099290780142 0.06074342701722575
1 0.3168693009118541 0.8304623753399819 0.11955420466058764 0.07615593834995467
1 0.24696048632218845 0.7706255666364461 0.03292806484295846 0.05530371713508613
1 0.14944275582573455 0.6038077969174978 0.085612968591692 0.061650045330915684
1 0.0488855116514691 0.4641885766092475 0.03242147922998987 0.1359927470534905
1 0.08890577507598785 0.18359020852221214 0.025329280648429583 0.08612873980054397
0 0.2077001013171226 0.2126019945602901 0.044072948328267476 0.07252946509519492
0 0.17983789260385005 0.3268359020852221 0.04913880445795339 0.09972801450589303
0 0.2066869300911854 0.6563916591115141 0.05065856129685917 0.09882139619220308
0 0.5157041540020263 0.5811423390752494 0.04660587639311044 0.09791477787851315
0 0.6332320162107397 0.26473254759746145 0.057244174265450865 0.09156844968268359
0 0.5848530901722391 0.3417951042611061 0.05369807497467072 0.10607434270172257
0 0.6101823708206687 0.42973708068902994 0.05268490374873354 0.0815956482320943
0 0.6263931104356636 0.5326382592928377 0.05876393110435663 0.09972801450589303
0 0.6930091185410334 0.5580235720761559 0.05876393110435663 0.09700815956482321
0 0.7477203647416414 0.5262919310970081 0.057244174265450865 0.10607434270172257
1 0.9772036474164134 0.5040797824116047 0.03090172239108409 0.12511332728921123
1 0.4703647416413374 0.027198549410698096 0.04204660587639311 0.05439709882139619
0 0.21023302938196556 0.11060743427017226 0.04711246200607903 0.08975521305530372
0 0.0977710233029382 0.023118766999093383 0.05268490374873354 0.04623753399818677
1 0.5863728470111449 0.10108794197642793 0.0851063829787234 0.057116953762466005
0 0.281661600810537 0.0956482320942883 0.044579533941236066 0.0843155031731641
0 0.310790273556231 0.08522212148685404 0.05876393110435663 0.09247506799637353
