1 0.034483282674772034 0.4109519492293744 0.010881458966565349 0.12378966455122391
1 0.12191236068895644 0.6007978241160472 0.12823201621073962 0.02781504986400731
1 0.32202634245187434 0.8059428830462376 0.012431610942249222 0.059809610154125135
1 0.4102304964539007 0.8476699909338169 0.09092705167173253 0.02921124206708978
1 0.5528368794326242 0.8733998186763373 0.02953394123606899 0.05006346328195832
1 0.6328824721377913 0.8998232094288304 0.11967578520769999 0.025031731640979056
1 0.7090425531914893 0.8720081595648231 0.027973657548125534 0.04450589301903891
1 0.8260030395136778 0.7523980054397099 0.0847112462006078 0.025031731640979056
1 0.9425734549138803 0.6606029011786038 0.014761904761904697 0.13351767905711695
1 0.9417958459979736 0.37062103354487763 0.014766970618034494 0.08205802357207614
1 0.8539792299898682 0.08132819582955575 0.0784954407294832 0.029202175883952863
0 0.8225050658561297 0.34766545784224845 0.03729989868287746 0.05841341795104267
0 0.834161600810537 0.4707570262919311 0.03886018237082069 0.08483227561196731
0 0.7634422492401216 0.778821396192203 0.04041033434650455 0.08344514959202172
0 0.4735688956433637 0.5722846781504987 0.03574974670719348 0.08484134179510419
0 0.40245947315096253 0.21414777878513144 0.04896149949341443 0.07232094288304622
0 0.4389868287740628 0.30941976427923845 0.042745694022289824 0.0904079782411605
0 0.4028495440729483 0.38383046237533996 0.04507092198581562 0.06398005439709877
0 0.37293059777102333 0.47701722574796007 0.04896149949341443 0.08067089755213057
0 0.30492907801418445 0.47284224841341793 0.049736575481256366 0.07788757932910247
0 0.25597011144883486 0.4186038077969175 0.04663120567375884 0.08901178603807802
1 0.03642603850050659 0.2975974614687217 0.01476697061803445 0.12239347234814144
1 0.7098201621073961 0.0486400725294651 0.031089159067882417 0.06119673617407072
1 0.6515349544072948 0.027778785131459656 0.08393110435663619 0.02504079782411605
1 0.5932497467071935 0.048640072529465096 0.0357497467071936 0.0528558476881233
0 0.8337715298885512 0.2475339981867634 0.038080040526849074 0.07510426110607438
0 0.9573404255319149 0.19050317316409793 0.04429584599797368 0.07232094288304622
1 0.47007092198581557 0.07576155938349954 0.08471124620060792 0.02086128739800543
0 0.7665526849037488 0.20233000906618315 0.0357497467071936 0.07093381686310064
0 0.7397391084093212 0.17937896645512239 0.05051165146909829 0.07232094288304622
