1 0.3771529888551165 0.8830462375339981 0.03546099290780142 0.03626473254759746
1 0.33308004052684903 0.7398005439709883 0.037487335359675786 0.16409791477787852
1 0.2847011144883485 0.4986400725294651 0.033941236068895646 0.06346328195829556
1 0.2510131712259372 0.3658204895738894 0.0425531914893617 0.21396192203082504
1 0.24772036474164133 0.2271078875793291 0.03090172239108409 0.05893019038984588
0 0.2854609929078014 0.11378059836808703 0.05369807497467072 0.08250226654578423
0 0.4673252279635258 0.5630099728014506 0.0547112462006079 0.08340888485947416
0 0.6785714285714286 0.600181323662738 0.05116514690982776 0.10244786944696282
0 0.6180344478216818 0.5598368087035358 0.05927051671732523 0.09610154125113328
0 0.5863728470111449 0.6409791477787852 0.04559270516717325 0.0942883046237534
0 0.5433130699088146 0.7153218495013599 0.05572441742654509 0.10516772438803264
0 0.5618034447821681 0.8322756119673618 0.054204660587639314 0.10516772438803264
0 0.6033434650455927 0.9038984587488668 0.05927051671732523 0.10244786944696282
1 0.6937689969604863 0.030371713508612876 0.041033434650455926 0.06074342701722575
1 0.7193515704154002 0.1228467815049864 0.033941236068895646 0.15231187669990934
1 0.7221377912867275 0.228921124206709 0.036980749746707196 0.07524932003626474
1 0.7373353596757852 0.4492293744333635 0.031914893617021274 0.15231187669990934
0 0.6155015197568389 0.02946509519492294 0.05167173252279635 0.05893019038984588
