1 0.8323862433862435 0.5570907194994786 0.11996825396825385 0.03476538060479658
0 0.9241269841269841 0.4256569343065693 0.046582010582010565 0.04728884254431702
0 0.6841851851851852 0.5682168925964547 0.04940740740740746 0.048675703858185676
0 0.6700740740740742 0.5960323253388947 0.04939682539682547 0.037549530761209586
0 0.6206719576719576 0.48615745568300317 0.04657142857142856 0.043117831074035474
0 0.6933597883597884 0.14679874869655893 0.053640211640211696 0.057017726798748704
0 0.35179365079365077 0.1488842544316997 0.04798941798941801 0.05007299270072992
0 0.21276719576719577 0.14679874869655893 0.052222222222222246 0.05424400417101147
0 0.19371428571428573 0.34846715328467154 0.0508148148148148 0.04590198123044836
0 0.3122751322751323 0.3505526590198123 0.05646560846560848 0.05007299270072991
0 0.34756084656084657 0.44652241918665275 0.05645502645502648 0.050062565172054214
0 0.2847513227513227 0.44999999999999996 0.049396825396825376 0.04867570385818556
0 0.20712698412698413 0.48546402502606884 0.052222222222222246 0.047278415015641326
0 0.13302645502645505 0.5313607924921794 0.05362962962962964 0.052857142857142915
1 0.9036666666666667 0.16835245046923877 0.12985185185185188 0.022252346193952006
1 0.7829841269841271 0.16835766423357662 0.12844444444444456 0.025036496350364954
1 0.612910052910053 0.1676590198123045 0.11291005291005296 0.029207507820646496
1 0.42589417989417994 0.16210114702815434 0.10021164021164027 0.023639207507820663
1 0.28475661375661376 0.16627215849843588 0.10303703703703704 0.03477580813347239
1 0.12173544973544972 0.16279457768508865 0.09879365079365081 0.027820646506777902
