1 0.8338624338624339 0.5453597497393118 0.12063492063492064 0.03858185610010428
0 0.9216931216931217 0.410844629822732 0.04867724867724868 0.049009384775808136
0 0.6862433862433862 0.5620437956204379 0.05185185185185185 0.051094890510948905
0 0.6730158730158731 0.5901981230448383 0.050793650793650794 0.03962460896767466
0 0.6201058201058202 0.48175182481751827 0.047619047619047616 0.04483837330552659
0 0.6804232804232804 0.14077163712200208 0.056084656084656084 0.05943691345151199
0 0.3396825396825397 0.1543274244004171 0.04973544973544974 0.05213764337851929
0 0.20052910052910053 0.15693430656934307 0.05396825396825397 0.056308654848800835
0 0.18835978835978837 0.3587069864442127 0.05291005291005291 0.047966631908237745
0 0.30687830687830686 0.35714285714285715 0.0582010582010582 0.05213764337851929
0 0.346031746031746 0.45151199165797706 0.0582010582010582 0.05213764337851929
0 0.2830687830687831 0.4572471324296142 0.05185185185185185 0.051094890510948905
0 0.20634920634920634 0.49530761209593327 0.05396825396825397 0.049009384775808136
0 0.1343915343915344 0.5437956204379562 0.056084656084656084 0.05526590198123045
1 0.8915343915343915 0.1548488008342023 0.1312169312169312 0.026068821689259645
1 0.7708994708994709 0.15901981230448384 0.1291005291005291 0.029197080291970802
1 0.6010582010582011 0.16423357664233576 0.11428571428571428 0.03336809176225235
1 0.41375661375661377 0.16475495307612095 0.10158730158730159 0.027111574556830033
1 0.273015873015873 0.17413972888425444 0.1037037037037037 0.03753910323253389
1 0.11005291005291006 0.17570385818561002 0.09947089947089947 0.03128258602711158
