0 0.5348937500000001 0.5980291666666666 0.055287500000000024 0.06119166666666672
1 0.545321875 0.17869583333333333 0.08031875 0.020858333333333312
1 0.610625 0.7440666666666667 0.08344999999999998 0.022250000000000037
1 0.35401562499999994 0.7426750000000001 0.07301875 0.016683333333333317
1 0.283503125 0.6446208333333334 0.017731250000000004 0.11822499999999991
0 0.435328125 0.4686833333333334 0.05434375000000003 0.061200000000000046
0 0.621575 0.30317500000000003 0.051112500000000054 0.058416666666666686
0 0.6674187500000001 0.34351250000000005 0.04683750000000003 0.06954166666666671
0 0.6700281250000001 0.4373916666666667 0.04579374999999999 0.07093333333333339
0 0.33153750000000004 0.5291833333333333 0.04057500000000001 0.06258333333333325
0 0.677278125 0.15644166666666665 0.04380625000000009 0.06536666666666667
1 0.33513437500000004 0.17730416666666668 0.06675624999999996 0.023641666666666672
1 0.28454375 0.37480416666666666 0.015649999999999976 0.051458333333333335
0 0.48534374999999996 0.7649291666666667 0.05423749999999998 0.07232499999999997
0 0.44987812499999996 0.15644166666666667 0.05006874999999994 0.06814999999999997
1 0.39678125000000003 0.17939166666666664 0.06258750000000006 0.022249999999999992
0 0.43370937500000006 0.5827333333333333 0.049031250000000026 0.05841666666666659
