0 0.4284375 0.5516666666666666 0.04875 0.07666666666666666
1 0.743125 0.5433333333333333 0.02 0.10833333333333334
1 0.3228125 0.66 0.02125 0.1125
1 0.310625 0.31833333333333336 0.01625 0.09833333333333333
1 0.3803125 0.21916666666666668 0.089375 0.029166666666666667
0 0.52 0.41208333333333336 0.048125 0.07583333333333334
0 0.65375 0.6516666666666666 0.04625 0.07166666666666667
0 0.62625 0.715 0.054375 0.06583333333333333
0 0.555625 0.7229166666666667 0.055625 0.06416666666666666
0 0.469375 0.27708333333333335 0.04875 0.0575
0 0.766875 0.7179166666666666 0.05125 0.06166666666666667
1 0.7328125 0.2633333333333333 0.02125 0.09
1 0.5825 0.20666666666666667 0.039375 0.023333333333333334
0 0.300625 0.49416666666666664 0.056875 0.07583333333333334
0 0.7546875 0.41541666666666666 0.05375 0.07
1 0.7346875 0.3458333333333333 0.02 0.08416666666666667
0 0.434375 0.41625 0.04625 0.06833333333333333
