0 0.4203125 0.47833333333333333 0.0575 0.08583333333333333
1 0.7228125 0.36375 0.034375 0.10916666666666666
1 0.295625 0.41583333333333333 0.036875 0.11416666666666667
1 0.35875 0.7475 0.03 0.09833333333333333
1 0.4471875 0.815 0.090625 0.051666666666666666
0 0.5384375 0.57625 0.0575 0.085
0 0.61375 0.295 0.055 0.08
0 0.5734375 0.24541666666666667 0.061875 0.0775
0 0.504375 0.265 0.0625 0.07583333333333334
0 0.519375 0.725 0.055 0.0675
0 0.7071875 0.1875 0.058125 0.0725
1 0.7746875 0.6354166666666666 0.033125 0.0925
1 0.643125 0.7483333333333333 0.04125 0.0325
0 0.310625 0.5829166666666666 0.065625 0.0875
0 0.7621875 0.4816666666666667 0.061875 0.08083333333333333
1 0.758125 0.5558333333333333 0.03125 0.08666666666666667
0 0.455625 0.6058333333333333 0.054375 0.0775
