1 0.7519333333333332 0.22177777777777777 0.17419999999999997 0.032000000000000015
1 0.4916833333333334 0.22037777777777776 0.08553333333333342 0.023644444444444412
0 0.5850333333333333 0.34624444444444447 0.07823333333333342 0.09457777777777779
0 0.6298916666666666 0.18283333333333335 0.07615000000000009 0.121
0 0.4974166666666667 0.6480666666666667 0.06363333333333325 0.0890222222222221
0 0.3545166666666667 0.5778222222222222 0.07823333333333334 0.10986666666666672
0 0.33730000000000004 0.7106444444444444 0.05423333333333337 0.08066666666666657
0 0.5135833333333334 0.7398555555555556 0.07720000000000009 0.11126666666666678
0 0.5146250000000001 0.8274777777777778 0.07928333333333341 0.10846666666666654
1 0.26584166666666664 0.21968888888888888 0.16168333333333332 0.027822222222222245
