1 0.24 0.7644444444444445 0.06166666666666667 0.23333333333333334
1 0.2975 0.4266666666666667 0.03666666666666667 0.11555555555555555
0 0.36916666666666664 0.5755555555555556 0.08666666666666667 0.12222222222222222
0 0.23916666666666667 0.5977777777777777 0.105 0.12666666666666668
0 0.6083333333333333 0.53 0.08 0.10222222222222223
0 0.59 0.3277777777777778 0.09666666666666666 0.12666666666666668
0 0.6908333333333333 0.33666666666666667 0.07166666666666667 0.08888888888888889
0 0.6725 0.5711111111111111 0.09833333333333333 0.12444444444444444
0 0.7358333333333333 0.5933333333333334 0.09833333333333333 0.1288888888888889
1 0.34833333333333333 0.13333333333333333 0.056666666666666664 0.21555555555555556
