1 0.7416666666666667 0.20666666666666667 0.04666666666666667 0.23555555555555555
1 0.7066666666666667 0.55 0.03 0.11555555555555555
0 0.6258333333333334 0.4088888888888889 0.08166666666666667 0.11777777777777777
0 0.7533333333333333 0.37222222222222223 0.1 0.11777777777777777
0 0.39 0.4822222222222222 0.075 0.09555555555555556
0 0.4216666666666667 0.6822222222222222 0.09166666666666666 0.11777777777777777
0 0.32083333333333336 0.6855555555555556 0.06666666666666667 0.08444444444444445
0 0.3233333333333333 0.4488888888888889 0.09333333333333334 0.11777777777777777
0 0.25833333333333336 0.43444444444444447 0.09166666666666666 0.12
1 0.675 0.8477777777777777 0.043333333333333335 0.21777777777777776
