0 0.45843828715365237 0.6064718162839249 0.05793450881612091 0.04801670146137787
1 0.37279596977329976 0.1837160751565762 0.08564231738035265 0.022964509394572025
1 0.23299748110831234 0.19937369519832984 0.10327455919395466 0.03549060542797495
1 0.6196473551637279 0.35490605427974947 0.022670025188916875 0.020876826722338204
1 0.5982367758186398 0.2150313152400835 0.030226700251889168 0.07515657620041753
1 0.6599496221662469 0.6002087682672234 0.03526448362720403 0.1127348643006263
1 0.6801007556675063 0.7265135699373695 0.027707808564231738 0.04384133611691023
1 0.690176322418136 0.791231732776618 0.03526448362720403 0.08559498956158663
1 0.21914357682619648 0.8350730688935282 0.037783375314861464 0.11064718162839249
1 0.19395465994962216 0.6492693110647182 0.042821158690176324 0.1440501043841336
1 0.163727959697733 0.4780793319415449 0.03526448362720403 0.1127348643006263
1 0.14105793450881612 0.29227557411273486 0.05037783375314862 0.15031315240083507
0 0.7317380352644837 0.37891440501043844 0.05793450881612091 0.04801670146137787
0 0.6347607052896725 0.325678496868476 0.055415617128463476 0.04592901878914405
0 0.552896725440806 0.4384133611691023 0.05793450881612091 0.03966597077244259
0 0.5642317380352645 0.35803757828810023 0.055415617128463476 0.04801670146137787
0 0.4987405541561713 0.3663883089770355 0.060453400503778336 0.05219206680584551
0 0.4256926952141058 0.3977035490605428 0.05289672544080604 0.05219206680584551
0 0.5264483627204031 0.7139874739039666 0.05793450881612091 0.03966597077244259
0 0.517632241813602 0.6680584551148225 0.05793450881612091 0.05219206680584551
0 0.13224181360201512 0.38100208768267224 0.05793450881612091 0.04801670146137787
0 0.18765743073047858 0.7400835073068893 0.05793450881612091 0.04175365344467641
0 0.38287153652392947 0.7432150313152401 0.060453400503778336 0.04801670146137787
0 0.5264483627204031 0.7766179540709812 0.06297229219143577 0.05010438413361169
