0 0.6225566750629723 0.4527035490605428 0.053677581863979855 0.043110647181628346
1 0.10569269521410579 0.43391440501043843 0.01677581863979848 0.06954070981210857
1 0.10738035264483628 0.3170876826722338 0.030226700251889168 0.08344467640918586
1 0.34139798488664985 0.6161169102296451 0.021989924433249416 0.016701461377870562
1 0.1711460957178841 0.6161169102296451 0.08727959697733 0.016701461377870562
1 0.6393324937027708 0.6189039665970772 0.13423173803526448 0.016680584551148243
1 0.7937153652392948 0.6196033402922755 0.05035264483627206 0.01807933194154482
1 0.870919395465995 0.6209812108559498 0.10068010075566758 0.01807933194154482
1 0.86588161209068 0.22876826722338203 0.13090680100755675 0.018079331941544877
1 0.6410201511335012 0.22946764091858038 0.1711586901763224 0.01947807933194157
1 0.4337657430730478 0.2253027139874739 0.13256926952141057 0.016701461377870562
1 0.20806045340050378 0.2301670146137787 0.17788413098236777 0.023632567849686835
0 0.3825944584382871 0.7051356993736952 0.053702770780856404 0.04450939457202516
0 0.30707808564231737 0.6328079331941545 0.050327455919395477 0.04173277661795409
0 0.4329219143576826 0.5507515657620041 0.043627204030226685 0.044509394572025095
0 0.33812342569269516 0.5702192066805846 0.05201511335012592 0.04173277661795409
0 0.3397984886649874 0.51598121085595 0.05874055415617127 0.04448851774530272
0 0.3683249370277078 0.45130480167014614 0.058715365239294715 0.03755741127348645
0 0.7593198992443325 0.49581419624217116 0.04196473551637272 0.043110647181628346
0 0.7031108312342569 0.49372651356993735 0.05705289672544075 0.04173277661795409
0 0.31294710327455916 0.21207724425887267 0.05204030226700251 0.0431106471816284
0 0.749256926952141 0.21417536534446766 0.0453148614609572 0.04450939457202504
0 0.7769395465994962 0.37342379958246347 0.05035264483627206 0.045887265135699414
0 0.834823677581864 0.4881628392484343 0.05201511335012589 0.047306889352818425
