0 0.46977329974811083 0.3914405010438413 0.06297229219143577 0.05219206680584551
1 0.34005037783375314 0.8058455114822547 0.08564231738035265 0.029227557411273485
1 0.20277078085642317 0.7807933194154488 0.10579345088161209 0.04175365344467641
1 0.6032745591939547 0.6524008350730689 0.02518891687657431 0.020876826722338204
1 0.5680100755667506 0.7901878914405011 0.037783375314861464 0.07515657620041753
1 0.6700251889168766 0.4112734864300626 0.04785894206549118 0.1127348643006263
1 0.7027707808564232 0.2870563674321503 0.0327455919395466 0.04384133611691023
1 0.7204030226700252 0.2244258872651357 0.042821158690176324 0.08559498956158663
1 0.25566750629722923 0.14613778705636743 0.05037783375314862 0.11064718162839249
1 0.21032745591939547 0.3298538622129436 0.05793450881612091 0.1419624217118998
1 0.1624685138539043 0.4968684759916493 0.04785894206549118 0.1127348643006263
1 0.11964735516372796 0.6805845511482255 0.0654911838790932 0.15031315240083507
0 0.7178841309823678 0.6377870563674322 0.06297229219143577 0.05219206680584551
0 0.6158690176322418 0.6837160751565762 0.060453400503778336 0.05010438413361169
0 0.5465994962216625 0.5647181628392485 0.060453400503778336 0.04384133611691023
0 0.5491183879093199 0.6461377870563675 0.060453400503778336 0.05219206680584551
0 0.48488664987405544 0.6325678496868476 0.06297229219143577 0.05636743215031315
0 0.41435768261964734 0.5970772442588727 0.055415617128463476 0.054279749478079335
0 0.5491183879093199 0.28914405010438415 0.060453400503778336 0.04384133611691023
0 0.535264483627204 0.33402922755741127 0.060453400503778336 0.05636743215031315
0 0.12090680100755667 0.5918580375782881 0.06297229219143577 0.05219206680584551
0 0.2141057934508816 0.23799582463465555 0.060453400503778336 0.04592901878914405
0 0.4080604534005038 0.24947807933194155 0.0654911838790932 0.05010438413361169
0 0.5566750629722922 0.2265135699373695 0.06801007556675064 0.05219206680584551
