0 0.6562123039806996 0.27565502183406115 0.054282267792521106 0.09716157205240175
1 0.3039806996381182 0.5960698689956332 0.033775633293124246 0.07532751091703056
0 0.7750301568154403 0.5403930131004366 0.09167671893848009 0.0665938864628821
0 0.8341375150784077 0.45524017467248906 0.045838359469240045 0.06331877729257641
0 0.15259348612786489 0.9377729257641921 0.08323281061519903 0.06550218340611354
0 0.35705669481302776 0.7352620087336245 0.08082026537997587 0.05131004366812227
0 0.28890229191797345 0.8002183406113537 0.05186972255729795 0.09170305676855896
0 0.29613992762364294 0.45305676855895194 0.047044632086851626 0.08187772925764192
1 0.1948130277442702 0.3138646288209607 0.2014475271411339 0.0425764192139738
1 0.030759951749095297 0.42958515283842796 0.04825090470446321 0.11353711790393013
1 0.029553679131483716 0.5911572052401747 0.04342581423401689 0.2052401746724891
1 0.023522316043425813 0.8024017467248908 0.047044632086851626 0.20305676855895197
1 0.23039806996381182 0.9263100436681223 0.06875753920386007 0.03711790393013101
1 0.3956574185765983 0.9339519650655022 0.12545235223160434 0.048034934497816595
1 0.5663449939686369 0.9323144104803494 0.12303980699638119 0.0425764192139738
1 0.8220747889022919 0.08133187772925764 0.11942098914354644 0.03820960698689956
1 0.5018094089264173 0.07259825327510917 0.12545235223160434 0.04148471615720524
1 0.3118214716525935 0.2046943231441048 0.04221954161640531 0.11353711790393013
