0 0.6521230398069964 0.2733569868995633 0.05225572979493358 0.09597161572052398
1 0.30557901085645356 0.5995032751091702 0.03226779252110977 0.07509825327510913
0 0.7758323281061521 0.5362227074235808 0.09067551266586257 0.0653711790393013
0 0.8326899879372739 0.44998362445414847 0.04455971049457184 0.06258733624454153
0 0.16112183353437876 0.9430349344978165 0.08144752714113387 0.06397379912663745
0 0.361670687575392 0.7371943231441048 0.07991556091676719 0.050065502183406004
0 0.2948190591073583 0.8032587336244541 0.05072376357056696 0.09040393013100431
0 0.2955850422195416 0.45625 0.04610373944511463 0.0806659388646288
1 0.19108564535585043 0.3185534934497816 0.19978287092882993 0.03894104803493445
1 0.02972255729794934 0.4374727074235808 0.046103739445114596 0.11265283842794765
1 0.0312605548854041 0.5988045851528384 0.03996381182147166 0.204443231441048
1 0.028956574185765985 0.8102128820960698 0.044571773220747894 0.20167030567685593
1 0.23872738238841978 0.9305185589519651 0.06761158021712908 0.036168122270742474
1 0.4039324487334138 0.9353820960698689 0.12448733413751513 0.045895196506550176
1 0.5745114595898673 0.9312117903930132 0.12139927623642949 0.04032751091703063
1 0.8142521109770808 0.07655567685589519 0.1183232810615198 0.036168122270742356
1 0.4930639324487334 0.07237991266375546 0.12448733413751513 0.03895196506550219
1 0.3063449939686369 0.207985807860262 0.03995174909529551 0.1126528384279476
