0 0.7418576598311218 0.3509825327510917 0.10856453558504221 0.05240174672489083
1 0.40048250904704463 0.6806768558951966 0.08443908323281062 0.03384279475982533
0 0.4457177322074789 0.2527292576419214 0.07720144752714113 0.0851528384279476
0 0.5379975874547648 0.1965065502183406 0.07117008443908324 0.043668122270742356
0 0.04101326899879373 0.8291484716157205 0.05066344993968637 0.07641921397379912
0 0.24547647768395658 0.6370087336244541 0.05910735826296743 0.07423580786026202
0 0.17611580217129072 0.7014192139737991 0.10253317249698432 0.05021834061135371
0 0.5591073582629674 0.6823144104803494 0.09167671893848009 0.04585152838427948
1 0.7159227985524729 0.769650655021834 0.054282267792521106 0.18340611353711792
1 0.5940892641737032 0.9219432314410481 0.12665862484921592 0.04694323144104803
1 0.41556091676718937 0.9284934497816594 0.22677925211097708 0.04694323144104803
1 0.18275030156815442 0.9421397379912664 0.2255729794933655 0.05131004366812227
1 0.038600723763570564 0.7587336244541485 0.04342581423401689 0.06331877729257641
1 0.027141133896260553 0.6091703056768559 0.04945717732207479 0.1146288209606987
1 0.022919179734620022 0.4546943231441048 0.045838359469240045 0.11244541484716157
1 0.951145958986731 0.1937772925764192 0.045838359469240045 0.1091703056768559
1 0.9722557297949337 0.48417030567685587 0.04945717732207479 0.1146288209606987
1 0.8323281061519904 0.6599344978165939 0.12665862484921592 0.04148471615720524
