1 0.986854961832061 0.27953124999999995 0.026290076335877904 0.35325892857142854
0 0.6678778625954199 0.9158370535714285 0.0827480916030535 0.137700892857143
1 0.16322137404580153 0.2287611607142857 0.03804580152671758 0.42698660714285713
1 0.019778625954198475 0.6974776785714285 0.03955725190839695 0.4241964285714285
0 0.765854961832061 0.6001116071428572 0.08847328244274807 0.11821428571428573
1 0.9878091603053435 0.6717522321428572 0.02438167938931302 0.44506696428571424
0 0.10709923664122138 0.39566964285714284 0.07419847328244274 0.14325892857142858
0 0.530412213740458 0.38593749999999993 0.08561832061068708 0.1098660714285715
0 0.6407633587786259 0.36437499999999995 0.07419847328244278 0.1251785714285714
0 0.765854961832061 0.3817633928571428 0.09036641221374055 0.1098660714285715
