1 0.30017974835230676 0.782791185729276 0.019772318753744758 0.0472193074501574
1 0.37777112043139605 0.19412381951731375 0.03654883163571001 0.12172088142707241
1 0.402636309167166 0.030954879328436515 0.033553025763930495 0.06190975865687303
1 0.7091072498502097 0.15634837355718784 0.025763930497303775 0.11017838405036726
1 0.5802875973636908 0.4910807974816369 0.07429598562013182 0.05666316894018888
0 0.280407429598562 0.825813221406086 0.05392450569203116 0.09233997901364113
0 0.2953864589574596 0.6631689401888772 0.07369682444577591 0.11647429171038824
0 0.304673457159976 0.5760755508919203 0.0695026962252846 0.11647429171038824
0 0.34901138406231275 0.27177334732423925 0.050928699820251645 0.09233997901364113
0 0.5224685440383463 0.1694648478488982 0.04973037747153984 0.0912906610703043
0 0.38316357100059917 0.28593913955928646 0.046734571599760334 0.080797481636936
0 0.5101857399640504 0.2691500524658972 0.04973037747153984 0.09338929695697797
0 0.33582983822648294 0.8499475341028332 0.04913121629718394 0.08604407135362015
0 0.4376872378669862 0.9171038824763903 0.05032953864589575 0.09548793284365163
0 0.49221090473337326 0.9312696747114375 0.04493708807669263 0.07345225603357818
0 0.5221689634511684 0.7859391395592865 0.053325344517675254 0.09338929695697797
0 0.5497303774715399 0.2586568730325289 0.05152786099460755 0.09653725078698845
0 0.6051527860994608 0.20776495278069254 0.05811863391252247 0.08919202518363065
0 0.610245656081486 0.10965372507869885 0.041941282204913125 0.06820566631689402
0 0.7162971839424805 0.24921301154249736 0.057519472738166565 0.0944386149003148
