1 0.15213900539245057 0.22387722980062957 0.06988615937687238 0.0333788037775446
1 0.2978639904134212 0.22248688352570828 0.024619532654283988 0.025036726128016804
1 0.6425314559616537 0.22249213011542496 0.06591372079089282 0.03894018887722982
1 0.7596704613541042 0.22318467995802727 0.0746554823247453 0.034763903462749206
1 0.8835560215698023 0.22387722980062957 0.0714739364889155 0.0333788037775446
1 0.8934871180347513 0.784386149003148 0.0675014979029358 0.036159496327387235
1 0.8184391851408029 0.7857764952780693 0.033355302576393096 0.027817418677859383
1 0.7382264829239066 0.7795173137460651 0.061941282204913184 0.020860440713536314
1 0.5230107849011384 0.6348688352570828 0.01588376273217495 0.12656873032528845
0 0.0647813061713601 0.1925865687303253 0.04606351108448172 0.08483735571878281
0 0.2692750149790294 0.1981479538300105 0.043678849610545224 0.0792759706190976
0 0.36298681845416414 0.1877229800629591 0.0532115038945476 0.11126967471143759
0 0.4138136608747753 0.18354669464847848 0.05479328939484724 0.10291710388247638
0 0.5928969442780107 0.19120146904512067 0.04447573397243853 0.07371458551941239
0 0.6889904134212103 0.46379853095487933 0.0444757339724386 0.0709338929695698
0 0.8371000599161175 0.4631007345225603 0.03890952666267229 0.06953830010493177
0 0.5928969442780109 0.252392444910808 0.03812462552426609 0.06814270724029381
0 0.6306201318154584 0.4651888772298006 0.04526662672258842 0.07092339979013644
0 0.2684841222288796 0.29828961175236096 0.04050329538645897 0.0709338929695698
0 0.2541881366087478 0.4874396642182582 0.04685440383463154 0.0709338929695698
0 0.05644098262432594 0.4568415529905561 0.04050329538645896 0.0709338929695698
0 0.1985979628520072 0.5465529905561385 0.04050329538645897 0.08066107030430215
0 0.2581575793888556 0.584102833158447 0.034146195326542846 0.06675760755508908
0 0.3459137207908928 0.6021825813221406 0.04446974236069504 0.07788037775445963
0 0.12751947273816658 0.7266631689401889 0.03811863391252247 0.05981112277019937
0 0.6457100059916117 0.5305613850996852 0.04685440383463141 0.07371458551941239
0 0.686210305572199 0.6140083945435467 0.040497303774715485 0.08761804826862539
0 0.7421989215098862 0.6000996852046171 0.0317675254643499 0.06259181532004207
0 0.8212162971839425 0.6035729275970619 0.032558418214499785 0.05841552990556146
0 0.8708508088675854 0.5319464847848899 0.04606351108448179 0.06815320041972722
0 0.6881965248651887 0.8128908709338929 0.044469742360694904 0.08483735571878269
