1 0.32774116237267825 0.16631689401888772 0.016177351707609346 0.04512067156348373
1 0.3517076093469143 0.7686253934942288 0.02696225284601558 0.11752360965372508
1 0.35949670461354105 0.9527806925498427 0.02396644697423607 0.0944386149003148
1 0.6758538046734571 0.8966421825813221 0.016177351707609346 0.10912906610703044
1 0.5784901138406231 0.5309548793284365 0.07369682444577591 0.03672612801678909
0 0.3121629718394248 0.1180482686253935 0.048532055122828044 0.08184679958027283
0 0.3127621330137807 0.282791185729276 0.06710605152786099 0.10073452256033578
0 0.31366087477531457 0.37145855194123817 0.06231276213301378 0.10283315844700944
0 0.3304373876572798 0.6836306400839455 0.04493708807669263 0.08289611752360965
0 0.49251048532055125 0.8326337880377754 0.04373876572798083 0.08289611752360965
0 0.36548831635710005 0.6794333683105981 0.04134212103055722 0.07135362014690451
0 0.4895146794487717 0.7308499475341028 0.04373876572798083 0.08499475341028331
0 0.3690832834032355 0.10965372507869885 0.04373876572798083 0.07660020986358866
0 0.475733972438586 0.07135362014690451 0.04373876572798083 0.08709338929695698
0 0.5308568004793289 0.07187827911857293 0.04074295985620132 0.06400839454354669
0 0.5476333133612942 0.22402938090241342 0.04733373277411624 0.08289611752360965
0 0.5275614140203715 0.7523609653725079 0.04493708807669263 0.08709338929695698
0 0.5778909526662672 0.8174186778593914 0.053325344517675254 0.0776495278069255
0 0.5739964050329539 0.9160545645330536 0.03834631515877771 0.05981112277019937
0 0.6911324146195327 0.8069254984260231 0.05152786099460755 0.08289611752360965
