0 0.33883579496090355 0.7037037037037037 0.05734144222415291 0.1143317230273752
0 0.26715899218071243 0.534621578099839 0.05734144222415291 0.0966183574879227
0 0.7932232841007819 0.4476650563607085 0.05473501303214596 0.0966183574879227
0 0.4383145091225022 0.23510466988727857 0.05560382276281494 0.09178743961352658
0 0.3592528236316247 0.5185185185185185 0.04865334491746308 0.0998389694041868
1 0.1364031277150304 0.09903381642512077 0.04865334491746308 0.04830917874396135
0 0.3114682884448306 0.23832528180354268 0.05560382276281494 0.08695652173913043
0 0.1789748045178106 0.23752012882447665 0.05821025195482189 0.0853462157809984
1 0.04648132059079062 0.6602254428341385 0.030408340573414423 0.14814814814814814
1 0.04691572545612511 0.5024154589371981 0.03127715030408341 0.16908212560386474
1 0.5842745438748914 0.8389694041867954 0.2380538662033015 0.05636070853462158
1 0.9539530842745438 0.537842190016103 0.030408340573414423 0.21739130434782608
0 0.3384013900955691 0.8856682769726248 0.059079061685490875 0.14170692431561996
1 0.7810599478714162 0.23107890499194847 0.030408340573414423 0.14492753623188406
1 0.31841876629018245 0.09903381642512077 0.06602953953084274 0.04508856682769726
1 0.22502172024326672 0.09742351046698873 0.11815812337098175 0.04669887278582931
0 0.2675933970460469 0.642512077294686 0.05734144222415291 0.09500805152979067
