0 0.32493483927019984 0.6602254428341385 0.06516072980017376 0.12721417069243157
0 0.26672458731537796 0.4742351046698873 0.06429192006950478 0.1111111111111111
0 0.794092093831451 0.5241545893719807 0.06168549087749783 0.10950080515297907
0 0.4587315377932233 0.2214170692431562 0.06168549087749783 0.10466988727858294
0 0.3592528236316247 0.4822866344605475 0.05560382276281494 0.1111111111111111
1 0.16941789748045177 0.01932367149758454 0.052128583840139006 0.03864734299516908
0 0.3327541268462207 0.19243156199677938 0.06168549087749783 0.0998389694041868
0 0.20199826238053867 0.1570048309178744 0.06429192006950478 0.0998389694041868
1 0.03866203301476977 0.5418679549114331 0.04083405734144222 0.15458937198067632
1 0.051259774109470024 0.3856682769726248 0.043440486533449174 0.17552334943639292
1 0.5582102519548219 0.857487922705314 0.23979148566463945 0.11755233494363929
1 0.9465682015638576 0.6545893719806763 0.046046915725456126 0.22383252818035426
0 0.3110338835794961 0.8405797101449275 0.06950477845351868 0.15619967793880837
1 0.7984361424847958 0.3059581320450886 0.04083405734144222 0.15136876006441224
1 0.3501303214596003 0.05636070853462158 0.0686359687228497 0.061191626409017714
1 0.2576020851433536 0.03462157809983897 0.12076455256298871 0.06924315619967794
0 0.2593397046046916 0.5813204508856683 0.06429192006950478 0.10950080515297907
