1 0.6338854382332644 0.6840108401084011 0.062111801242236024 0.0953929539295393
1 0.28226363008971705 0.8037940379403794 0.04899930986887509 0.03143631436314363
1 0.023809523809523808 0.7113821138211383 0.047619047619047616 0.06341463414634146
1 0.0728088336783989 0.5547425474254742 0.05935127674258109 0.08617886178861789
1 0.12870945479641133 0.3791327913279133 0.053830227743271224 0.07750677506775068
1 0.158040027605245 0.2861788617886179 0.05659075224292615 0.07804878048780488
0 0.849896480331263 0.35420054200542006 0.0904071773636991 0.07208672086720867
0 0.7577639751552795 0.37289972899728996 0.10213940648723258 0.07317073170731707
1 0.4972394755003451 0.4975609756097561 0.057971014492753624 0.03523035230352303
1 0.3723257418909593 0.47452574525745256 0.07660455486542443 0.03685636856368564
1 0.5948930296756384 0.7940379403794038 0.04692891649413389 0.06016260162601626
0 0.1473429951690821 0.21951219512195122 0.10213940648723258 0.07154471544715447
0 0.036231884057971016 0.6105691056910569 0.07246376811594203 0.07208672086720867
0 0.17011732229123533 0.6875338753387534 0.0800552104899931 0.06395663956639566
0 0.2360248447204969 0.667479674796748 0.07453416149068323 0.06287262872628727
0 0.33436853002070394 0.6934959349593496 0.07729468599033816 0.06449864498644986
0 0.40200138026224985 0.7018970189701897 0.08074534161490683 0.06124661246612466
0 0.4775707384403037 0.7693766937669376 0.0800552104899931 0.05853658536585366
1 0.7032436162870945 0.46964769647696475 0.051759834368530024 0.06558265582655827
0 0.538647342995169 0.32899728997289973 0.08764665286404417 0.07154471544715447
