1 0.6948861283643893 0.6467154471544716 0.11688060731539002 0.02781571815718166
1 0.9277639751552794 0.40749322493224927 0.030103519668736985 0.03338211382113817
1 0.8772912353347135 0.18704607046070462 0.07437543133195305 0.026428184281842813
1 0.6709799861973775 0.18773983739837402 0.10448585231193933 0.027815718157181597
1 0.4407591442374051 0.18774254742547425 0.09385783298826778 0.025035230352303553
1 0.3185645272601795 0.18773983739837402 0.09385783298826778 0.027815718157181597
0 0.23533471359558317 0.7315528455284552 0.07614906832298139 0.05841192411924118
0 0.2804899930986888 0.665490514905149 0.0743823326432022 0.06815176151761505
1 0.4974292615596963 0.4972005420054201 0.03364389233954451 0.040330623306233104
1 0.4991994478951 0.3963658536585366 0.030103519668736985 0.055636856368563734
1 0.840103519668737 0.6432357723577236 0.07083505866114553 0.023642276422764168
0 0.23887163561076605 0.1634037940379404 0.07260869565217394 0.06815176151761518
0 0.7515562456866803 0.16409756097560976 0.07437543133195305 0.06397831978319783
0 0.8117632850241546 0.2941409214092141 0.06729468599033832 0.05145799457994583
0 0.7710351966873706 0.33934146341463417 0.06730158730158729 0.047289972899729
0 0.7790062111801243 0.42070460704607043 0.0690683229813664 0.04868292682926826
0 0.7728088336783988 0.4742520325203252 0.06375431331953078 0.05285094850948509
0 0.8383298826777086 0.5479647696476965 0.06020703933747397 0.05285094850948509
1 0.41330917874396134 0.6474092140921409 0.07792270531400972 0.02642818428184294
0 0.2796066252587992 0.48815989159891604 0.07614906832298139 0.055636856368563734
