1 0.7118702553485162 0.6311653116531165 0.05106970324361629 0.0943089430894309
1 0.44306418219461696 0.8455284552845529 0.04692891649413389 0.028184281842818428
1 0.15769496204278813 0.8368563685636856 0.04416839199447895 0.061788617886178863
1 0.13008971704623878 0.6764227642276422 0.049689440993788817 0.08509485094850948
1 0.09799861973775018 0.497289972899729 0.04416839199447895 0.07642276422764227
1 0.0810904071773637 0.4021680216802168 0.047619047619047616 0.07696476964769648
0 0.7550034506556246 0.26205962059620597 0.0841959972394755 0.06720867208672086
0 0.6783988957902002 0.3062330623306233 0.0966183574879227 0.06720867208672086
1 0.49620427881297446 0.4983739837398374 0.05521048999309869 0.03197831978319783
1 0.3692201518288475 0.5138211382113821 0.07453416149068323 0.03143631436314363
1 0.728088336783989 0.7447154471544716 0.04002760524499655 0.05853658536585366
0 0.043478260869565216 0.34363143631436316 0.08695652173913043 0.06612466124661247
0 0.11180124223602485 0.7422764227642277 0.09109730848861283 0.06666666666666667
0 0.2836438923395445 0.7710027100271003 0.07453416149068323 0.05962059620596206
0 0.33505866114561766 0.7330623306233063 0.06901311249137336 0.05907859078590786
0 0.4385783298826777 0.7281842818428185 0.07108350586611456 0.06070460704607046
0 0.5055210489993098 0.715989159891599 0.0759144237405107 0.056910569105691054
0 0.6076604554865425 0.7563685636856369 0.07522429261559696 0.05420054200542006
1 0.6739130434782609 0.4121951219512195 0.04416839199447895 0.06449864498644986
0 0.45410628019323673 0.3300813008130081 0.08074534161490683 0.06666666666666667
