0 0.7020725388601037 0.20276497695852536 0.06563039723661486 0.07603686635944701
0 0.6528497409326425 0.08525345622119816 0.05872193436960276 0.07373271889400922
0 0.614853195164076 0.2073732718894009 0.06390328151986183 0.08064516129032258
0 0.7202072538860104 0.7868663594470046 0.0535405872193437 0.08525345622119816
0 0.5267702936096719 0.7200460829493087 0.06217616580310881 0.07373271889400922
0 0.5993091537132987 0.6486175115207373 0.04835924006908463 0.06912442396313365
1 0.27202072538860106 0.014976958525345621 0.013816925734024179 0.018433179723502304
1 0.2772020725388601 0.35599078341013823 0.018998272884283247 0.17050691244239632
1 0.2823834196891192 0.6797235023041475 0.017271157167530225 0.1382488479262673
1 0.690846286701209 0.956221198156682 0.02072538860103627 0.07834101382488479
1 0.7832469775474957 0.706221198156682 0.013816925734024179 0.06221198156682028
1 0.48186528497409326 0.4642857142857143 0.12780656303972365 0.02534562211981567
1 0.6787564766839378 0.35714285714285715 0.013816925734024179 0.055299539170506916
1 0.772020725388601 0.097926267281106 0.017271157167530225 0.05069124423963134
0 0.2547495682210708 0.19815668202764977 0.05872193436960276 0.07603686635944701
0 0.6588946459412781 0.7891705069124424 0.055267702936096716 0.08064516129032258
0 0.38687392055267705 0.016129032258064516 0.04317789291882556 0.027649769585253458
0 0.4835924006908463 0.01728110599078341 0.04317789291882556 0.03456221198156682
0 0.5924006908462867 0.06566820276497695 0.04145077720207254 0.06451612903225806
