0 0.270293609671848 0.7580645161290323 0.05872193436960276 0.08986175115207373
0 0.18393782383419688 0.6889400921658986 0.05699481865284974 0.08064516129032258
0 0.2763385146804836 0.6428571428571429 0.06217616580310881 0.08755760368663594
0 0.7072538860103627 0.804147465437788 0.06563039723661486 0.07373271889400922
0 0.6640759930915371 0.543778801843318 0.05699481865284974 0.08525345622119816
0 0.6079447322970639 0.6382488479262672 0.0535405872193437 0.06682027649769585
1 0.13471502590673576 0.1774193548387097 0.03281519861830743 0.020737327188940093
1 0.4006908462867012 0.19815668202764977 0.12780656303972365 0.03225806451612903
1 0.6424870466321243 0.2154377880184332 0.10362694300518134 0.027649769585253458
1 0.927461139896373 0.6751152073732719 0.015544041450777202 0.055299539170506916
1 0.8618307426597582 0.771889400921659 0.11226252158894647 0.03225806451612903
1 0.6450777202072538 0.8847926267281107 0.046632124352331605 0.020737327188940093
1 0.4740932642487047 0.47465437788018433 0.024179620034542316 0.17050691244239632
1 0.38687392055267705 0.7327188940092166 0.04145077720207254 0.020737327188940093
1 0.18998272884283246 0.8490783410138248 0.037996545768566495 0.02534562211981567
0 0.2823834196891192 0.16244239631336405 0.05872193436960276 0.08064516129032258
0 0.7107081174438687 0.7223502304147466 0.06217616580310881 0.07603686635944701
0 0.13298791018998274 0.3317972350230415 0.04145077720207254 0.059907834101382486
0 0.13298791018998274 0.4608294930875576 0.039723661485319514 0.059907834101382486
0 0.17184801381692574 0.6082949308755761 0.05008635578583765 0.0576036866359447
