0 0.280552677029361 0.7740092165898618 0.055267702936096716 0.08483870967741947
0 0.19194300518134713 0.710725806451613 0.05317789291882555 0.07509216589861759
0 0.2826338514680483 0.6578801843317973 0.05943005181347145 0.08345622119815674
0 0.7184110535405872 0.7893087557603686 0.061519861830742664 0.06815668202764986
0 0.6657599309153712 0.5327073732718894 0.054214162348877354 0.08066820276497694
0 0.6131174438687392 0.6300691244239631 0.05107081174438696 0.06119815668202752
1 0.12260794473229705 0.2037672811059908 0.03336787564766838 0.018087557603686622
1 0.3884542314335061 0.20516129032258063 0.12720207253886007 0.023640552995391684
1 0.6313644214162349 0.20655529953917054 0.10424870466321245 0.02085253456221201
1 0.9331692573402417 0.6453571428571429 0.01355785837651107 0.05564516129032253
1 0.8721848013816926 0.7468894009216591 0.11259067357512963 0.02502304147465441
1 0.6595077720207253 0.8748502304147465 0.04585492227979267 0.019470046082949412
1 0.4729015544041451 0.477073732718894 0.016683937823834143 0.16967741935483868
1 0.3967962003454231 0.7413248847926268 0.04170984455958545 0.019470046082949412
1 0.2039291882556131 0.8699769585253456 0.03753022452504318 0.023640552995391684
0 0.2690846286701209 0.1787327188940092 0.055267702936096716 0.07649769585253455
0 0.7189291882556131 0.7072465437788018 0.05837651122625208 0.07094470046082942
0 0.12678756476683936 0.3574539170506913 0.03962003454231433 0.05841013824884798
0 0.13251295336787564 0.4861175115207373 0.03856649395509496 0.057027649769585256
0 0.17577720207253886 0.6314516129032258 0.047962003454231454 0.05562211981566817
