0 0.6196641438032167 0.8170810313075507 0.055014191106906425 0.12933701657458566
0 0.6210927152317881 0.9116574585635359 0.05215704824976358 0.12379373848987103
0 0.580364238410596 0.40817679558011055 0.055014191106906425 0.1154327808471455
0 0.7343377483443709 0.424171270718232 0.06286660359508046 0.10848987108655611
0 0.7336234626300852 0.7983057090239412 0.06859035004730368 0.1029097605893186
1 0.22919583727530748 0.20511049723756905 0.02143803216650901 0.29902394106813995
1 0.9336802270577106 0.24475138121546958 0.022857142857142933 0.2614732965009208
0 0.2045411542100284 0.4179189686924494 0.06645222327341534 0.10430939226519334
1 0.9347492904446547 0.7120718232044199 0.02357615894039742 0.2531307550644568
1 0.22847682119205298 0.6696500920810313 0.02429517502365185 0.3713443830570902
0 0.25313150425733205 0.417219152854512 0.06501419110690636 0.1029097605893186
