0 0.32413594470046087 0.24197867298578202 0.06490783410138252 0.05841232227488153
0 0.48438940092165905 0.10289099526066352 0.058133640552995434 0.05284360189573459
0 0.4505760368663594 0.17311611374407584 0.06354838709677416 0.054241706161137423
0 0.3268433179723502 0.17242890995260662 0.06221198156682028 0.055616113744075824
1 0.7812327188940092 0.9422511848341232 0.024354838709677536 0.08203791469194315
1 0.0766589861751152 0.5583886255924171 0.027050691244239627 0.12099526066350712
1 0.07524193548387097 0.2927251184834123 0.026935483870967735 0.13208530805687205
1 0.7812327188940092 0.5618601895734597 0.02974654377880177 0.11125592417061608
1 0.7785253456221198 0.7586729857819905 0.029769585253456125 0.11265402843601888
1 0.7805529953917051 0.30664691943127964 0.022995391705069167 0.15158767772511844
1 0.778536866359447 0.10984597156398106 0.021635944700460798 0.11959715639810427
1 0.07596774193548386 0.13001184834123222 0.022995391705069132 0.11822274881516588
0 0.6554723502304146 0.8935781990521328 0.056797235023041424 0.05146919431279627
0 0.6419354838709678 0.8407227488151658 0.0541013824884793 0.06258293838862551
0 0.4593778801843318 0.7496208530805687 0.043271889400921595 0.05284360189573449
0 0.38633640552995396 0.6863388625592417 0.0541013824884793 0.07092417061611363
0 0.3261635944700461 0.6174999999999999 0.05546082949308754 0.05841232227488146
0 0.8035483870967742 0.4019194312796208 0.07437788018433174 0.06118483412322273
