0 0.2315668202764977 0.3471563981042654 0.06451612903225806 0.07109004739336493
0 0.11405529953917051 0.5248815165876777 0.055299539170506916 0.06398104265402843
0 0.17857142857142858 0.4834123222748815 0.059907834101382486 0.07109004739336493
0 0.16589861751152074 0.3578199052132701 0.059907834101382486 0.06872037914691943
1 0.956221198156682 0.7417061611374408 0.08294930875576037 0.035545023696682464
1 0.511520737327189 0.061611374407582936 0.11981566820276497 0.04028436018957346
1 0.25460829493087556 0.08649289099526067 0.1313364055299539 0.04265402843601896
1 0.5887096774193549 0.7808056872037915 0.11059907834101383 0.04265402843601896
1 0.7788018433179723 0.7582938388625592 0.11290322580645161 0.04265402843601896
1 0.3421658986175115 0.8080568720379147 0.1497695852534562 0.04028436018957346
1 0.15207373271889402 0.8258293838862559 0.1175115207373272 0.03317535545023697
1 0.097926267281106 0.10545023696682465 0.1175115207373272 0.035545023696682464
0 0.8963133640552995 0.6184834123222749 0.055299539170506916 0.06398104265402843
0 0.8444700460829493 0.6090047393364929 0.06451612903225806 0.061611374407582936
0 0.7373271889400922 0.4324644549763033 0.055299539170506916 0.04976303317535545
0 0.6682027649769585 0.3637440758293839 0.07373271889400922 0.061611374407582936
0 0.5956221198156681 0.30924170616113744 0.06221198156682028 0.061611374407582936
0 0.43663594470046085 0.8199052132701422 0.06682027649769585 0.08293838862559241
