0 0.7211981566820277 0.28080568720379145 0.07373271889400922 0.07109004739336493
0 0.5898617511520737 0.11374407582938388 0.06682027649769585 0.061611374407582936
0 0.6094470046082949 0.18838862559241706 0.07373271889400922 0.06635071090047394
0 0.7304147465437788 0.2132701421800948 0.07142857142857142 0.06635071090047394
1 0.14170506912442396 0.8791469194312796 0.03917050691244239 0.08530805687203792
1 0.9043778801843319 0.6398104265402843 0.05069124423963134 0.12322274881516587
1 0.956221198156682 0.3803317535545024 0.05069124423963134 0.13507109004739337
1 0.21313364055299538 0.504739336492891 0.05069124423963134 0.11611374407582939
1 0.17857142857142858 0.6990521327014217 0.05069124423963134 0.11848341232227488
1 0.26036866359447003 0.254739336492891 0.05069124423963134 0.15402843601895735
1 0.29838709677419356 0.06279620853080568 0.041474654377880185 0.12085308056872038
1 0.9815668202764977 0.21919431279620852 0.03686635944700461 0.12085308056872038
0 0.27419354838709675 0.8554502369668247 0.06682027649769585 0.061611374407582936
0 0.29723502304147464 0.806872037914692 0.06451612903225806 0.07109004739336493
0 0.4930875576036866 0.7535545023696683 0.052995391705069124 0.05924170616113744
0 0.5771889400921659 0.7049763033175356 0.06451612903225806 0.08056872037914692
0 0.6486175115207373 0.6492890995260664 0.06451612903225806 0.06872037914691943
0 0.22119815668202766 0.34360189573459715 0.08294930875576037 0.07582938388625593
