1 0.39507042253521124 0.5222634508348795 0.04929577464788732 0.03525046382189239
0 0.16619718309859155 0.29035250463821893 0.057746478873239436 0.07977736549165121
0 0.2352112676056338 0.26437847866419295 0.059154929577464786 0.06307977736549165
0 0.321830985915493 0.3673469387755102 0.05070422535211268 0.07792207792207792
0 0.40774647887323945 0.8543599257884972 0.05070422535211268 0.06679035250463822
1 0.25 0.19666048237476808 0.01971830985915493 0.059369202226345084
1 0.6654929577464789 0.22170686456400743 0.0323943661971831 0.16883116883116883
1 0.6978873239436619 0.6159554730983302 0.028169014084507043 0.14285714285714285
0 0.6964788732394366 0.3460111317254174 0.0647887323943662 0.08905380333951762
0 0.532394366197183 0.7003710575139147 0.057746478873239436 0.07792207792207792
0 0.4894366197183099 0.7680890538033395 0.057746478873239436 0.08534322820037106
0 0.4014084507042254 0.735621521335807 0.05070422535211268 0.08163265306122448
0 0.7359154929577465 0.8237476808905381 0.061971830985915494 0.08719851576994433
