1 0.4942112676056338 0.6404359925788498 0.022169014084507055 0.0625788497217069
0 0.6932394366197183 0.9151205936920223 0.05490140845070425 0.06953617810760672
0 0.7059154929577464 0.821938775510204 0.042225352112676 0.07233766233766235
0 0.6193380281690141 0.7197124304267162 0.05490140845070425 0.059795918367346976
0 0.24239436619718313 0.6578200371057514 0.046450704225352135 0.06120593692022265
1 0.7550070422535212 0.7962059369202226 0.0432816901408451 0.020871985157699443
1 0.6932394366197183 0.2537847866419295 0.12670422535211273 0.02641929499072358
1 0.39179577464788734 0.2530890538033395 0.10663380281690142 0.02224489795918369
0 0.5955704225352113 0.2266604823747681 0.062295774647887346 0.07788497217068643
0 0.3453450704225352 0.479100185528757 0.053845070422535196 0.06814471243042675
0 0.2983521126760564 0.5416883116883118 0.05912676056338031 0.06816326530612246
0 0.33266901408450705 0.6543413729128015 0.058070422535211254 0.05981447124304269
0 0.23077464788732396 0.22458256029684603 0.06123943661971833 0.07372912801484231
