1 0.606338028169014 0.4897959183673469 0.04788732394366197 0.03153988868274583
0 0.8190140845070423 0.7467532467532467 0.05352112676056338 0.07421150278293136
0 0.747887323943662 0.7653061224489796 0.056338028169014086 0.0575139146567718
0 0.6690140845070423 0.6530612244897959 0.04647887323943662 0.07421150278293136
0 0.6154929577464788 0.15769944341372913 0.04788732394366197 0.06307977736549165
1 0.7288732394366197 0.8302411873840445 0.016901408450704224 0.0575139146567718
1 0.31690140845070425 0.7588126159554731 0.022535211267605635 0.16697588126159554
1 0.3105633802816901 0.36178107606679033 0.018309859154929577 0.14100185528756956
0 0.2936619718309859 0.6307977736549165 0.06056338028169014 0.08348794063079777
0 0.48098591549295777 0.29591836734693877 0.05352112676056338 0.07235621521335807
0 0.528169014084507 0.23376623376623376 0.05352112676056338 0.07977736549165121
0 0.6140845070422535 0.2764378478664193 0.04647887323943662 0.07792207792207792
0 0.2859154929577465 0.150278293135436 0.057746478873239436 0.08163265306122448
