1 0.37646484375 0.02734375 0.029296875 0.0546875
1 0.745361328125 0.3934659090909091 0.03564453125 0.14204545454545456
1 0.697998046875 0.6825284090909091 0.0361328125 0.13991477272727273
1 0.673828125 0.8345170454545454 0.03662109375 0.14417613636363635
0 0.227783203125 0.8036221590909091 0.0732421875 0.1015625
0 0.380126953125 0.8831676136363636 0.0576171875 0.09232954545454546
0 0.30615234375 0.9076704545454546 0.06298828125 0.09375
0 0.6767578125 0.9456676136363636 0.06640625 0.09232954545454546
0 0.80859375 0.11647727272727272 0.0615234375 0.06747159090909091
0 0.608642578125 0.0546875 0.06591796875 0.07883522727272728
0 0.5859375 0.1885653409090909 0.06640625 0.09730113636363637
0 0.498046875 0.26598011363636365 0.0546875 0.08309659090909091
0 0.455322265625 0.21661931818181818 0.0673828125 0.09161931818181818
0 0.39697265625 0.5973011363636364 0.06298828125 0.08877840909090909
0 0.412841796875 0.6740056818181818 0.06201171875 0.09872159090909091
1 0.334716796875 0.2819602272727273 0.0400390625 0.14133522727272727
1 0.29541015625 0.5230823863636364 0.02978515625 0.08806818181818182
1 0.779052734375 0.15696022727272727 0.029296875 0.06889204545454546
