1 0.951416015625 0.2688210227272727 0.0625 0.03125
1 0.88330078125 0.8654119318181818 0.0693359375 0.036931818181818184
1 0.77099609375 0.84375 0.0625 0.03551136363636364
1 0.65625 0.20490056818181818 0.09814453125 0.03977272727272727
1 0.453857421875 0.16583806818181818 0.09619140625 0.041193181818181816
1 0.347412109375 0.14382102272727273 0.09912109375 0.04190340909090909
1 0.18115234375 0.11008522727272728 0.09423828125 0.040482954545454544
0 0.20751953125 0.7606534090909091 0.0654296875 0.10085227272727272
0 0.2109375 0.5255681818181818 0.06005859375 0.078125
0 0.165283203125 0.6157670454545454 0.06787109375 0.08735795454545454
0 0.27734375 0.10014204545454546 0.0595703125 0.09161931818181818
0 0.86767578125 0.22017045454545456 0.064453125 0.09090909090909091
0 0.830078125 0.5131392045454546 0.06103515625 0.09446022727272728
0 0.730712890625 0.49467329545454547 0.0634765625 0.09090909090909091
0 0.6494140625 0.5866477272727273 0.05419921875 0.07457386363636363
0 0.665771484375 0.6622869318181818 0.05859375 0.09232954545454546
0 0.400634765625 0.6051136363636364 0.05712890625 0.08664772727272728
0 0.35693359375 0.5561079545454546 0.064453125 0.08451704545454546
1 0.580810546875 0.8025568181818182 0.09716796875 0.046875
1 0.411865234375 0.76953125 0.06005859375 0.03622159090909091
1 0.08154296875 0.7013494318181818 0.0478515625 0.032670454545454544
1 0.820068359375 0.24396306818181818 0.04638671875 0.037642045454545456
