1 0.546471875 0.11332916666666668 0.10744375000000005 0.020858333333333322
0 0.37477499999999997 0.5354416666666666 0.04798749999999998 0.06398333333333331
0 0.782734375 0.3136083333333333 0.05424374999999998 0.06814999999999997
0 0.840525 0.3156916666666667 0.049025000000000034 0.07788333333333336
0 0.85731875 0.4213958333333333 0.05737500000000011 0.06119166666666672
0 0.7920218750000001 0.4839833333333333 0.05006875000000008 0.07231666666666664
0 0.702415625 0.5841208333333333 0.05424374999999998 0.08067499999999996
0 0.7050250000000001 0.6960791666666666 0.05737500000000011 0.08205833333333336
0 0.4640125 0.719725 0.05956249999999997 0.06814999999999997
0 0.374771875 0.6592291666666668 0.05215625000000003 0.06954166666666671
0 0.316409375 0.6536625 0.03974374999999999 0.06119166666666672
0 0.244384375 0.7079041666666667 0.05424374999999998 0.06954166666666671
0 0.24490625 0.4116625 0.057374999999999975 0.06397499999999999
0 0.06496874999999999 0.18078333333333332 0.060500000000000005 0.07231666666666664
1 0.08275625 0.42556666666666665 0.014499999999999992 0.1390833333333333
1 0.34196875 0.8024791666666666 0.06769999999999995 0.022258333333333363
1 0.5541874999999999 0.803175 0.10222499999999997 0.020866666666666638
1 0.6575093750000001 0.7691 0.016581250000000124 0.055633333333333326
1 0.88485625 0.6703541666666667 0.08344999999999998 0.022258333333333363
1 0.9688781249999999 0.3803666666666667 0.015543749999999933 0.05146666666666666
1 0.88543125 0.11402500000000002 0.09085000000000008 0.022249999999999992
1 0.735221875 0.11472083333333333 0.08876875000000012 0.023641666666666672
1 0.3502625 0.11472083333333333 0.09283749999999998 0.026424999999999994
1 0.168759375 0.11332916666666668 0.05319375000000001 0.023641666666666672
