1 0.47375 0.11 0.108125 0.030833333333333334
0 0.623125 0.5470833333333334 0.05125 0.06833333333333333
0 0.2275 0.28791666666666665 0.058125 0.07333333333333333
0 0.1696875 0.28458333333333335 0.0525 0.08166666666666667
0 0.1478125 0.3883333333333333 0.060625 0.06583333333333333
0 0.2096875 0.45708333333333334 0.05375 0.07666666666666666
0 0.2934375 0.565 0.05875 0.08583333333333333
0 0.2853125 0.6766666666666666 0.061875 0.08666666666666667
0 0.524375 0.7225 0.0625 0.07333333333333333
0 0.6165625 0.6704166666666667 0.055625 0.07416666666666667
0 0.675 0.6704166666666667 0.043125 0.06416666666666666
0 0.7440625 0.73125 0.058125 0.07416666666666667
0 0.7590625 0.4354166666666667 0.060625 0.06916666666666667
0 0.950625 0.22208333333333333 0.064375 0.07833333333333334
1 0.92 0.46458333333333335 0.021875 0.14
1 0.641875 0.8166666666666667 0.06875 0.028333333333333332
1 0.4303125 0.7975 0.103125 0.03
1 0.32875 0.75375 0.02 0.0575
1 0.106875 0.6341666666666667 0.085 0.03
1 0.03875 0.33708333333333335 0.018125 0.05333333333333334
1 0.1359375 0.07916666666666666 0.091875 0.030833333333333334
1 0.2853125 0.09375 0.09 0.03166666666666667
1 0.669375 0.12958333333333333 0.094375 0.035
1 0.850625 0.145 0.054375 0.028333333333333332
