1 0.209375 0.5554166666666667 0.0175 0.14333333333333334
0 0.52875 0.33375 0.04875 0.065
0 0.3553125 0.87375 0.0525 0.07333333333333333
0 0.3559375 0.9508333333333333 0.05875 0.06666666666666667
0 0.4346875 0.9675 0.04625 0.06333333333333334
0 0.483125 0.88875 0.055 0.06833333333333333
0 0.5596875 0.77125 0.061875 0.07416666666666667
0 0.6434375 0.7766666666666666 0.0625 0.07833333333333334
0 0.6653125 0.4558333333333333 0.0525 0.08
0 0.6215625 0.3358333333333333 0.0525 0.07
0 0.6184375 0.25833333333333336 0.04625 0.05416666666666667
0 0.6603125 0.16291666666666665 0.053125 0.07333333333333333
0 0.438125 0.15833333333333333 0.049375 0.0775
1 0.7296875 0.2945833333333333 0.018125 0.09
1 0.7265625 0.5775 0.0175 0.13666666666666666
1 0.6990625 0.7145833333333333 0.041875 0.023333333333333334
1 0.62125 0.98 0.0175 0.04
1 0.2040625 0.97 0.0175 0.04666666666666667
1 0.206875 0.8070833333333334 0.01875 0.11833333333333333
1 0.21375 0.29375 0.021875 0.125
1 0.2159375 0.051666666666666666 0.018125 0.07083333333333333
