1 0.23097112860892388 0.05601317957166392 0.1942257217847769 0.039538714991762765
1 0.7631233595800525 0.9637561779242174 0.21128608923884515 0.04118616144975288
1 0.5439632545931758 0.9777594728171335 0.1837270341207349 0.03789126853377265
1 0.3248031496062992 0.985996705107084 0.21128608923884515 0.02800658978583196
0 0.4776902887139108 0.528830313014827 0.05380577427821522 0.07742998352553541
0 0.6706036745406824 0.4950576606260296 0.07217847769028872 0.09060955518945635
0 0.7296587926509186 0.4917627677100494 0.07874015748031496 0.09060955518945635
0 0.6010498687664042 0.6812191103789127 0.06955380577427822 0.09390444810543658
0 0.6706036745406824 0.6746293245469522 0.06561679790026247 0.08731466227347612
0 0.35170603674540685 0.036243822075782535 0.06299212598425197 0.057660626029654036
0 0.4035433070866142 0.6029654036243822 0.05643044619422572 0.060955518945634266
1 0.3851706036745407 0.556836902800659 0.05249343832020997 0.029654036243822075
