1 0.8672572178477691 0.1863509060955519 0.02104986876640415 0.241993410214168
1 0.11775590551181103 0.8059637561779243 0.022152230971128603 0.2628665568369027
1 0.11720472440944882 0.5305848434925865 0.02104986876640419 0.2294728171334431
1 0.11443569553805773 0.254505766062603 0.02658792650918634 0.26426688632619433
0 0.4783858267716536 0.47008237232289957 0.05871391076115487 0.06398682042833613
0 0.49444881889763787 0.714168039538715 0.06868766404199479 0.08484349258649095
0 0.495 0.7885749588138385 0.06758530183727034 0.09457990115321246
0 0.35041994750656164 0.616812191103789 0.07091863517060366 0.08205930807248756
0 0.3526377952755905 0.7051317957166392 0.0664829396325459 0.07787479406919272
0 0.8871981627296588 0.33934925864909393 0.0653674540682414 0.07510708401976941
0 0.4235433070866142 0.37411861614497527 0.04653543307086619 0.06675453047775945
1 0.4606561679790026 0.35325370675453044 0.02104986876640415 0.06397034596375616
