1 0.1463254593175853 0.16227347611202636 0.031496062992125984 0.24382207578253706
1 0.8694225721784777 0.8303130148270181 0.03280839895013123 0.2652388797364086
1 0.8805774278215223 0.5551894563426688 0.030183727034120734 0.23064250411861614
1 0.8956692913385826 0.2800658978583196 0.03674540682414698 0.2652388797364086
0 0.5229658792650919 0.471993410214168 0.06167979002624672 0.06754530477759473
0 0.49606299212598426 0.714168039538715 0.07217847769028872 0.09060955518945635
0 0.49343832020997375 0.7883031301482701 0.07217847769028872 0.09884678747940692
0 0.6443569553805775 0.6268533772652389 0.07480314960629922 0.08731466227347612
0 0.6391076115485564 0.714168039538715 0.06955380577427822 0.08237232289950576
0 0.12007874015748031 0.313838550247117 0.06824146981627296 0.08072487644151564
0 0.5820209973753281 0.37891268533772654 0.048556430446194225 0.07084019769357495
1 0.5452755905511811 0.35584843492586493 0.023622047244094488 0.06589785831960461
