0 0.11296272493573266 0.5229536290322581 0.03991002570694089 0.07231854838709678
1 0.5195115681233933 0.4388004032258065 0.037249357326478175 0.018084677419354895
0 0.7660089974293058 0.7169657258064517 0.04255784061696645 0.06816532258064505
0 0.9114331619537276 0.6606350806451613 0.037236503856041166 0.06397177419354842
0 0.9003470437017995 0.4561895161290323 0.03457583547557852 0.055645161290322626
0 0.8032519280205654 0.4617439516129032 0.040796915167095125 0.06397177419354842
0 0.8116773778920309 0.37690524193548386 0.031041131105398575 0.05006048387096771
0 0.801478149100257 0.31154233870967746 0.037249357326478175 0.06953629032258066
0 0.6525128534704371 0.42142137096774196 0.031915167095115736 0.061189516129032305
0 0.48581619537275067 0.46730846774193546 0.044331619537275074 0.07788306451612902
0 0.6551735218508997 0.3080645161290323 0.03901028277634957 0.07649193548387097
0 0.615719794344473 0.34491935483870967 0.02393316195372751 0.041733870967741914
0 0.5793637532133675 0.3080645161290323 0.04168380462724929 0.06536290322580648
0 0.527487146529563 0.36786290322580645 0.04787917737789203 0.06536290322580648
0 0.4716259640102828 0.3692540322580645 0.04965295629820051 0.06258064516129036
0 0.3683290488431877 0.4436693548387097 0.03812339331619533 0.047298387096774155
0 0.3709897172236504 0.3838608870967742 0.04167095115681229 0.05840725806451618
0 0.37852827763496144 0.32475806451612904 0.031915167095115736 0.06258064516129036
0 0.36965938303341905 0.2517338709677419 0.03546272493573269 0.05008064516129033
1 0.18966580976863753 0.5020766129032258 0.11349614395886891 0.022258064516129075
1 0.40866966580976866 0.5013911290322581 0.06029562982005137 0.02362903225806457
1 0.5412403598971722 0.7127923387096774 0.01685089974293061 0.2767540322580645
1 0.9331555269922879 0.7503427419354838 0.015077120822622131 0.1488306451612902
1 0.9344858611825194 0.5375504032258065 0.015964010282776442 0.1460282258064517
1 0.8298521850899743 0.11683467741935484 0.09399742930591273 0.022258064516129016
1 0.6853213367609255 0.11405241935483872 0.09575835475578406 0.019475806451612895
1 0.5372493573264782 0.1119657258064516 0.09753213367609254 0.020866935483870957
1 0.38961439588688945 0.11057459677419354 0.06295629820051417 0.018084677419354836
1 0.32887532133676095 0.10918346774193549 0.06029562982005137 0.023649193548387105
