1 0.5359897172236504 0.5393145161290323 0.016709511568123392 0.06048387096774194
0 0.32197943444730076 0.8780241935483871 0.05012853470437018 0.07661290322580645
0 0.4768637532133676 0.96875 0.04627249357326478 0.0625
0 0.5282776349614395 0.9858870967741935 0.03598971722365039 0.028225806451612902
0 0.570694087403599 0.9808467741935484 0.04884318766066838 0.038306451612903226
0 0.525706940874036 0.7479838709677419 0.043701799485861184 0.05846774193548387
0 0.5224935732647815 0.48286290322580644 0.056555269922879174 0.08064516129032258
0 0.596401028277635 0.7701612903225806 0.05398457583547558 0.07258064516129033
0 0.5796915167095116 0.7036290322580645 0.030848329048843187 0.04435483870967742
0 0.6079691516709511 0.6522177419354839 0.04755784061696658 0.07459677419354839
0 0.5790488431876607 0.563508064516129 0.04755784061696658 0.0846774193548387
0 0.5867609254498715 0.47681451612903225 0.04755784061696658 0.08669354838709678
0 0.5559125964010283 0.30443548387096775 0.03470437017994859 0.06653225806451613
0 0.5931876606683805 0.3175403225806452 0.043701799485861184 0.07258064516129033
0 0.6291773778920309 0.3397177419354839 0.04498714652956298 0.06048387096774194
0 0.6767352185089974 0.33669354838709675 0.037275064267352186 0.06451612903225806
1 0.5430591259640103 0.055443548387096774 0.02442159383033419 0.1028225806451613
1 0.5134961439588689 0.3588709677419355 0.02442159383033419 0.0967741935483871
1 0.35989717223650386 0.530241935483871 0.17609254498714652 0.06854838709677419
1 0.7140102827763496 0.8467741935483871 0.028277634961439587 0.1532258064516129
1 0.7384318766066839 0.6189516129032258 0.028277634961439587 0.15524193548387097
1 0.7622107969151671 0.3901209677419355 0.021850899742930592 0.10080645161290322
1 0.7731362467866324 0.2963709677419355 0.02442159383033419 0.0967741935483871
