0 0.13465160075329566 0.5183968462549278 0.11864406779661017 0.08672798948751642
0 0.0160075329566855 0.519053876478318 0.032015065913371 0.07884362680683311
1 0.9124293785310734 0.2739816031537451 0.047080979284369114 0.056504599211563734
1 0.9105461393596986 0.44415243101182655 0.04331450094161959 0.08935611038107753
1 0.9020715630885122 0.7266754270696452 0.04519774011299435 0.08935611038107753
0 0.943502824858757 0.533508541392904 0.11299435028248588 0.07490144546649145
0 0.288135593220339 0.4021024967148489 0.09792843691148775 0.08015768725361366
0 0.7410546139359698 0.3311432325886991 0.09792843691148775 0.06964520367936924
0 0.7344632768361582 0.27660972404730616 0.10357815442561205 0.07227332457293036
0 0.5480225988700564 0.2720105124835742 0.09416195856873823 0.06964520367936924
1 0.9077212806026366 0.6458607095926413 0.04519774011299435 0.08672798948751642
0 0.4105461393596987 0.5315374507227333 0.0903954802259887 0.06964520367936924
0 0.2862523540489642 0.7003942181340341 0.09227871939736347 0.05913272010512484
0 0.2702448210922787 0.5900131406044679 0.1016949152542373 0.06964520367936924
1 0.021657250470809793 0.25295663600525625 0.035781544256120526 0.12089356110381078
1 0.01224105461393597 0.6859395532194481 0.02448210922787194 0.11826544021024968
1 0.8258003766478342 0.7897503285151117 0.05649717514124294 0.022339027595269383
