0 0.4105461393596987 0.7477003942181341 0.1393596986817326 0.09329829172141918
0 0.3813559322033898 0.8607095926412615 0.1318267419962335 0.09855453350854139
1 0.8907721280602636 0.2555847568988173 0.08662900188323917 0.03942181340341656
1 0.6506591337099812 0.22798948751642575 0.1337099811676083 0.04204993429697766
1 0.2504708097928437 0.18462549277266754 0.1337099811676083 0.04336399474375821
0 0.5301318267419962 0.1859395532194481 0.1224105461393597 0.09461235216819974
0 0.6016949152542372 0.6629434954007885 0.12617702448210924 0.07884362680683311
0 0.7796610169491526 0.3639947437582129 0.1111111111111111 0.07752956636005257
0 0.8559322033898306 0.37779237844940866 0.1167608286252354 0.08147174770039421
0 0.8305084745762712 0.5065703022339028 0.1111111111111111 0.07490144546649145
1 0.3653483992467043 0.19448094612352168 0.12994350282485875 0.04336399474375821
0 0.4397363465160075 0.5558475689881734 0.1111111111111111 0.07227332457293036
0 0.17984934086629 0.6123521681997371 0.096045197740113 0.07095926412614981
0 0.3333333333333333 0.6425755584756899 0.11299435028248588 0.07884362680683311
1 0.7645951035781544 0.8764783180026281 0.17890772128060264 0.051248357424441525
1 0.15065913370998116 0.8088042049934296 0.17325800376647835 0.045992115637319315
1 0.147834274952919 0.22536136662286466 0.03766478342749529 0.04204993429697766
