0 0.5328719397363465 0.7545795006570303 0.12160075329566859 0.08206307490144553
0 0.536864406779661 0.8693166885676741 0.11361581920903957 0.08622864651773968
1 0.16810734463276833 0.21632720105124836 0.081713747645951 0.03199737187910647
1 0.4122787193973635 0.21493429697766098 0.12757062146892656 0.029211563731931692
1 0.8169114877589454 0.21563074901445467 0.12757062146892656 0.030604467805519082
0 0.5408474576271186 0.1864257555847569 0.10564971751412433 0.08344283837056504
0 0.3634557438794727 0.6495663600525625 0.11361581920903951 0.06675427069645205
0 0.2538229755178908 0.33524310118265443 0.09766478342749532 0.06675427069645201
0 0.1760828625235405 0.34010512483574246 0.10165725047080977 0.07093298291721421
0 0.17209039548022598 0.47015111695137973 0.09766478342749532 0.06398160315374514
1 0.7012994350282485 0.2128515111695138 0.12357815442561206 0.030591327201051212
0 0.5468267419962335 0.5619513797634692 0.09768361581920905 0.061195795006570367
0 0.7909981167608287 0.6460906701708279 0.0837288135593221 0.06258869908015768
0 0.632542372881356 0.6593035479632062 0.09766478342749532 0.06954007884362676
1 0.15416195856873824 0.8428909329829173 0.17340866290018836 0.03337713534822614
1 0.77605461393597 0.8428975032851512 0.1694350282485876 0.027818659658344378
1 0.9095951035781544 0.267095926412615 0.029887005649717524 0.03894875164257554
