0 0.2910377358490566 0.8580074487895717 0.05471698113207547 0.05493482309124767
0 0.2028301886792453 0.601024208566108 0.05188679245283019 0.051210428305400374
0 0.18915094339622643 0.5656424581005587 0.0509433962264151 0.051210428305400374
0 0.8806603773584906 0.462756052141527 0.057547169811320756 0.0521415270018622
0 0.7816037735849056 0.4823091247672253 0.05471698113207547 0.05493482309124767
0 0.7169811320754716 0.43156424581005587 0.05377358490566038 0.0595903165735568
0 0.6985849056603773 0.4897579143389199 0.05849056603773585 0.06797020484171322
0 0.8679245283018868 0.7081005586592178 0.05660377358490566 0.0521415270018622
0 0.9075471698113208 0.8715083798882681 0.05471698113207547 0.05493482309124767
0 0.869811320754717 0.7956238361266295 0.05566037735849057 0.056797020484171325
0 0.8287735849056603 0.7965549348230913 0.05 0.0446927374301676
0 0.7358490566037735 0.8528864059590316 0.045283018867924525 0.04655493482309125
0 0.6966981132075472 0.7569832402234636 0.048113207547169815 0.04748603351955307
0 0.6641509433962264 0.7621042830540037 0.04905660377358491 0.05027932960893855
0 0.5382075471698113 0.5824022346368715 0.05471698113207547 0.051210428305400374
0 0.6287735849056604 0.49115456238361266 0.04716981132075472 0.05493482309124767
0 0.4721698113207547 0.3985102420856611 0.05660377358490566 0.06238361266294227
0 0.4674528301886792 0.14059590316573556 0.059433962264150944 0.0595903165735568
1 0.825 0.8798882681564246 0.04339622641509434 0.030726256983240222
1 0.9330188679245283 0.7611731843575419 0.038679245283018866 0.07355679702048418
1 0.894811320754717 0.6019553072625698 0.03679245283018868 0.09217877094972067
1 0.8386792452830188 0.3580074487895717 0.035849056603773584 0.07076350093109869
1 0.6117924528301887 0.8389199255121043 0.048113207547169815 0.08100558659217877
1 0.5731132075471698 0.681098696461825 0.03018867924528302 0.056797020484171325
1 0.5636792452830188 0.638733705772812 0.027358490566037737 0.048417132216014895
1 0.5207547169811321 0.44599627560521415 0.04339622641509434 0.08007448789571694
1 0.4061320754716981 0.3235567970204842 0.031132075471698113 0.054003724394785846
1 0.3712264150943396 0.16759776536312848 0.0330188679245283 0.0595903165735568
1 0.30377358490566037 0.9888268156424581 0.06981132075471698 0.0223463687150838
1 0.1830188679245283 0.45297951582867785 0.0660377358490566 0.036312849162011177
