0 0.8429245283018868 0.7374301675977654 0.05377358490566038 0.054003724394785846
0 0.8127358490566038 0.46787709497206703 0.05188679245283019 0.051210428305400374
0 0.8099056603773584 0.4297020484171322 0.0509433962264151 0.05027932960893855
0 0.1391509433962264 0.6252327746741154 0.05660377358490566 0.051210428305400374
0 0.23726415094339623 0.6014897579143389 0.05377358490566038 0.054003724394785846
0 0.27405660377358493 0.5283985102420856 0.052830188679245285 0.05865921787709497
0 0.31556603773584907 0.5735567970204841 0.057547169811320756 0.06797020484171322
0 0.25566037735849056 0.8421787709497207 0.05566037735849057 0.0521415270018622
0 0.29009433962264153 0.9897579143389199 0.05377358490566038 0.020484171322160148
0 0.29150943396226414 0.9222532588454376 0.05566037735849057 0.055865921787709494
0 0.3287735849056604 0.9054934823091247 0.04905660377358491 0.0446927374301676
0 0.4372641509433962 0.9180633147113594 0.045283018867924525 0.04562383612662942
0 0.4320754716981132 0.8151769087523277 0.04716981132075472 0.04748603351955307
0 0.46367924528301885 0.8058659217877095 0.048113207547169815 0.049348230912476726
0 0.5009433962264151 0.590782122905028 0.05377358490566038 0.05027932960893855
0 0.37971698113207547 0.5456238361266295 0.04622641509433962 0.05493482309124767
0 0.48160377358490564 0.3961824953445065 0.05566037735849057 0.06238361266294227
0 0.3754716981132076 0.16061452513966482 0.05849056603773585 0.0595903165735568
1 0.36792452830188677 0.9799813780260708 0.04339622641509434 0.0297951582867784
1 0.21933962264150944 0.9171322160148976 0.03773584905660377 0.07355679702048418
1 0.18584905660377357 0.7569832402234636 0.035849056603773584 0.09217877094972067
1 0.13254716981132075 0.5125698324022346 0.03490566037735849 0.07076350093109869
1 0.5438679245283019 0.8538175046554934 0.04622641509433962 0.08100558659217877
1 0.5113207547169811 0.6945996275605214 0.029245283018867925 0.056797020484171325
1 0.5018867924528302 0.6522346368715084 0.026415094339622643 0.048417132216014895
1 0.4580188679245283 0.45996275605214154 0.04150943396226415 0.08007448789571694
1 0.5099056603773585 0.30074487895716945 0.03018867924528302 0.054003724394785846
1 0.4740566037735849 0.1452513966480447 0.03207547169811321 0.0595903165735568
1 0.8900943396226415 0.8677839851024208 0.06981132075471698 0.036312849162011177
1 0.7669811320754717 0.3249534450651769 0.0660377358490566 0.035381750465549346
