0 0.6001615508885298 0.9425837320574163 0.07269789983844911 0.10287081339712918
1 0.5605815831987075 0.9856459330143541 0.030694668820678513 0.0215311004784689
1 0.721324717285945 0.9641148325358851 0.18093699515347333 0.0430622009569378
0 0.24232633279483037 0.35645933014354064 0.06946688206785137 0.10047846889952153
0 0.2972536348949919 0.35167464114832536 0.07108239095315025 0.10047846889952153
0 0.4604200323101777 0.1937799043062201 0.0630048465266559 0.09808612440191387
0 0.5306946688206785 0.13277511961722488 0.06462035541195477 0.11244019138755981
0 0.5823909531502424 0.16028708133971292 0.05977382875605816 0.0861244019138756
0 0.5896607431340872 0.32177033492822965 0.06623586429725363 0.08133971291866028
0 0.5500807754442649 0.41148325358851673 0.07108239095315025 0.1076555023923445
