0 0.19187399030694668 0.3894377990430622 0.06568659127625201 0.10007177033492819
1 0.945605815831987 0.5939114832535886 0.017835218093699458 0.22811004784689
1 0.9437237479806139 0.3380023923444976 0.021599353796445703 0.280933014354067
1 0.16466074313408724 0.452799043062201 0.016914378029079156 0.04320574162679426
1 0.16607431340872375 0.21422248803827748 0.017835218093699503 0.26705741626794255
0 0.6187641357027465 0.867212918660287 0.06292407108239102 0.0959569377990431
0 0.6168901453957997 0.7858492822966507 0.06292407108239102 0.09734449760765564
0 0.7093941841680129 0.5327153110047848 0.06198707592891762 0.08624401913875601
0 0.7441518578352181 0.42284688995215314 0.07137318255250395 0.08622009569377995
0 0.7211389337641357 0.3498325358851675 0.053521809369951524 0.0820574162679426
0 0.61218901453958 0.35120813397129186 0.04977382875605807 0.09040669856459331
0 0.5548949919224556 0.41867224880382775 0.0685621970920841 0.09456937799043055
0 0.13601777059773829 0.3908492822966507 0.07607431340872375 0.09456937799043055
