0 0.8166397415185783 0.49521531100478466 0.0791599353796446 0.11961722488038277
1 0.05088852988691438 0.4437799043062201 0.051696284329563816 0.22727272727272727
1 0.09208400646203554 0.19497607655502391 0.0630048465266559 0.2799043062200957
1 0.8336025848142165 0.5657894736842105 0.022617124394184167 0.04784688995215311
1 0.8683360258481422 0.33253588516746413 0.05815831987075929 0.2679425837320574
0 0.3287560581583199 0.8181818181818182 0.07592891760904685 0.11483253588516747
0 0.34248788368336025 0.7392344497607656 0.07592891760904685 0.11722488038277512
0 0.29159935379644586 0.46172248803827753 0.07269789983844911 0.10526315789473684
0 0.2738287560581583 0.3444976076555024 0.08239095315024232 0.1076555023923445
0 0.3069466882067851 0.2799043062200957 0.06462035541195477 0.09808612440191387
0 0.41276252019386106 0.3181818181818182 0.0630048465266559 0.10526315789473684
0 0.4588045234248788 0.4019138755980861 0.08077544426494346 0.11483253588516747
0 0.8715670436187399 0.5155502392344498 0.0888529886914378 0.11961722488038277
