1 0.5878477306002928 0.18906810035842295 0.14348462664714495 0.03942652329749104
1 0.33382137628111275 0.1532258064516129 0.13469985358711567 0.04121863799283154
1 0.18521229868228403 0.13709677419354838 0.0746705710102489 0.034050179211469536
0 0.1595900439238653 0.8485663082437276 0.07027818448023426 0.1003584229390681
0 0.16910688140556368 0.7365591397849462 0.07027818448023426 0.09498207885304659
0 0.15519765739385066 0.6514336917562724 0.0746705710102489 0.08422939068100359
0 0.6303074670571011 0.6729390681003584 0.06881405563689605 0.0913978494623656
0 0.7620790629575402 0.7347670250896058 0.060029282576866766 0.07347670250896057
0 0.7364568081991215 0.5456989247311828 0.06442166910688141 0.06451612903225806
0 0.7181551976573939 0.6146953405017921 0.07613469985358712 0.08602150537634409
0 0.6581259150805271 0.46236559139784944 0.07027818448023426 0.08602150537634409
0 0.7306002928257687 0.47491039426523296 0.06881405563689605 0.08781362007168458
0 0.6852122986822841 0.17383512544802868 0.07027818448023426 0.08960573476702509
0 0.24597364568081992 0.11738351254480286 0.06881405563689605 0.08064516129032258
1 0.07759882869692533 0.8055555555555556 0.0527086383601757 0.034050179211469536
1 0.5673499267935578 0.8691756272401434 0.12445095168374817 0.04121863799283154
1 0.7950219619326501 0.8978494623655914 0.055636896046852125 0.035842293906810034
1 0.3184480234260615 0.839605734767025 0.1390922401171303 0.04659498207885305
1 0.828696925329429 0.21863799283154123 0.12005856515373353 0.044802867383512544
