1 0.41654465592972184 0.18727598566308243 0.14348462664714495 0.035842293906810034
1 0.671303074670571 0.15681003584229392 0.13469985358711567 0.03942652329749104
1 0.8199121522693997 0.14336917562724014 0.0746705710102489 0.03225806451612903
0 0.835285505124451 0.8557347670250897 0.06881405563689605 0.1003584229390681
0 0.8272327964860908 0.7437275985663082 0.06881405563689605 0.09498207885304659
0 0.842606149341142 0.6586021505376344 0.07320644216691069 0.08243727598566308
0 0.36749633967789164 0.6702508960573477 0.06734992679355783 0.08960573476702509
0 0.2349926793557833 0.7293906810035843 0.05856515373352855 0.07168458781362007
0 0.26281112737920936 0.5403225806451613 0.06442166910688141 0.06272401433691756
0 0.28038067349926793 0.6102150537634409 0.07613469985358712 0.08422939068100359
0 0.34260614934114203 0.4596774193548387 0.07027818448023426 0.08602150537634409
0 0.27013177159590046 0.46953405017921146 0.06881405563689605 0.08781362007168458
0 0.3191800878477306 0.17025089605734767 0.06881405563689605 0.08960573476702509
0 0.7598828696925329 0.12275985663082438 0.06734992679355783 0.08064516129032258
1 0.91800878477306 0.8145161290322581 0.0527086383601757 0.03225806451612903
1 0.4267935578330893 0.8673835125448028 0.12445095168374817 0.03763440860215054
1 0.19912152269399708 0.8906810035842294 0.055636896046852125 0.034050179211469536
1 0.6764275256222547 0.8431899641577061 0.1390922401171303 0.043010752688172046
1 0.17496339677891654 0.2114695340501792 0.12005856515373353 0.043010752688172046
