1 0.5607833089311859 0.17946236559139786 0.1420351390922401 0.02225806451612901
1 0.3051244509516838 0.17667562724014335 0.13294289897510983 0.025035842293906808
1 0.15570278184480235 0.17945340501792115 0.0727232796486091 0.025035842293906808
0 0.19093704245973644 0.8894802867383511 0.06363103953147876 0.09318996415770599
0 0.19093704245973644 0.7782078853046596 0.06363103953147876 0.0876344086021505
0 0.1699121522693997 0.6940591397849462 0.06931185944363104 0.07510752688172037
0 0.6443045387994144 0.6551254480286738 0.061346998535871125 0.08344086021505366
0 0.7806588579795021 0.6996326164874551 0.054553440702781834 0.0667562724014337
0 0.7391874084919473 0.5153405017921147 0.06021961932650081 0.05702508960573486
0 0.7272547584187409 0.5862724014336917 0.0704392386530014 0.07648745519713253
0 0.6539677891654466 0.44301971326164874 0.06477306002928258 0.07926523297491038
0 0.726683748169839 0.44510752688172045 0.06250366032210843 0.08068100358422936
0 0.6568081991215228 0.15233870967741936 0.06363103953147882 0.08206093189964156
0 0.21422401171303074 0.15233870967741936 0.06250366032210834 0.07370967741935483
1 0.10628111273792094 0.8574820788530466 0.05112737920937044 0.0264336917562724
1 0.5988579795021962 0.8581810035842294 0.12272327964860899 0.02503584229390686
1 0.8272474377745241 0.8574910394265233 0.054553440702781834 0.029211469534050096
1 0.34830161054172765 0.8609677419354839 0.13748169838945823 0.027813620071684555
1 0.803389458272328 0.17807347670250895 0.11816983894582729 0.030591397849462354
