1 0.7314618644067796 0.7735215053763441 0.1504237288135593 0.06854838709677419
1 0.8617584745762712 0.823252688172043 0.04766949152542373 0.17876344086021506
1 0.596927966101695 0.8958333333333334 0.05084745762711865 0.1774193548387097
1 0.4110169491525424 0.8588709677419355 0.2489406779661017 0.09946236559139784
1 0.09375 0.2620967741935484 0.0635593220338983 0.23655913978494625
0 0.6345338983050848 0.8461021505376344 0.09427966101694915 0.1303763440860215
0 0.6207627118644068 0.758736559139785 0.09427966101694915 0.12903225806451613
0 0.7817796610169492 0.12701612903225806 0.1038135593220339 0.12903225806451613
0 0.715572033898305 0.14448924731182797 0.1016949152542373 0.12634408602150538
0 0.6154661016949152 0.15255376344086022 0.08792372881355932 0.10349462365591398
0 0.5503177966101694 0.35685483870967744 0.08898305084745763 0.12231182795698925
0 0.4216101694915254 0.3911290322580645 0.0847457627118644 0.11827956989247312
0 0.3463983050847458 0.3245967741935484 0.08686440677966102 0.10752688172043011
