1 0.2542372881355932 0.7526881720430108 0.03389830508474576 0.19086021505376344
1 0.18379237288135594 0.9112903225806451 0.1684322033898305 0.038978494623655914
1 0.09745762711864407 0.7432795698924731 0.03177966101694915 0.3629032258064516
1 0.16684322033898305 0.5678763440860215 0.16101694915254236 0.041666666666666664
1 0.23252118644067796 0.3387096774193548 0.04449152542372881 0.3172043010752688
1 0.7425847457627118 0.0228494623655914 0.1864406779661017 0.0456989247311828
0 0.21133474576271186 0.6202956989247311 0.09427966101694915 0.10618279569892473
0 0.28125 0.6155913978494624 0.09322033898305085 0.10618279569892473
0 0.7515889830508474 0.9059139784946236 0.09110169491525423 0.11827956989247312
0 0.7473516949152542 0.8205645161290323 0.08898305084745763 0.11559139784946236
0 0.7547669491525424 0.6935483870967742 0.07309322033898305 0.10080645161290322
0 0.6048728813559322 0.5826612903225806 0.08792372881355932 0.09946236559139784
0 0.5958686440677966 0.4166666666666667 0.0847457627118644 0.09543010752688172
0 0.6583686440677966 0.33198924731182794 0.07627118644067797 0.10080645161290322
