1 0.7592002118644069 0.7301814516129033 0.023019067796610188 0.18915322580645164
1 0.838114406779661 0.8824798387096774 0.1677118644067796 0.02364247311827946
1 0.9148516949152542 0.7072311827956989 0.012055084745762827 0.36301075268817196
1 0.8364724576271186 0.5382459677419356 0.16004237288135587 0.02780913978494631
1 0.7580985169491525 0.31502016129032256 0.027404661016949036 0.3157123655913978
1 0.23194385593220337 0.04520161290322581 0.1852436440677966 0.03198924731182795
0 0.7942743644067796 0.5945766129032258 0.08878177966101689 0.09875000000000003
0 0.7246716101694916 0.5959610215053764 0.08769067796610167 0.09875000000000003
0 0.2714088983050848 0.9276747311827956 0.08440677966101699 0.11126344086021502
0 0.2708580508474576 0.8414448924731183 0.0833050847457627 0.10848118279569897
0 0.25661016949152543 0.7155779569892473 0.06796610169491522 0.09596774193548392
0 0.3996557203389831 0.5917943548387097 0.08221398305084747 0.0931854838709678
0 0.3996610169491525 0.42559139784946237 0.08002118644067793 0.08900537634408606
0 0.33279661016949147 0.3463104838709677 0.07125 0.09458333333333334
