1 0.022593320235756387 0.3240574506283663 0.04518664047151277 0.19569120287253142
0 0.6463654223968566 0.7064631956912029 0.08447937131630648 0.0718132854578097
1 0.09037328094302555 0.8770197486535009 0.06286836935166994 0.1992818671454219
1 0.07072691552062868 0.7073608617594255 0.06286836935166994 0.16696588868940754
1 0.05108055009823183 0.5601436265709157 0.068762278978389 0.1615798922800718
0 0.02848722986247544 0.45152603231597843 0.05697445972495088 0.0807899461400359
0 0.44695481335952847 0.24057450628366248 0.08644400785854617 0.07540394973070018
0 0.5726915520628684 0.3850987432675045 0.0825147347740668 0.0843806104129264
0 0.706286836935167 0.3132854578096948 0.08447937131630648 0.08258527827648116
0 0.8349705304518664 0.3770197486535009 0.08055009823182711 0.059245960502693
0 0.7760314341846758 0.4605026929982047 0.0825147347740668 0.08976660682226212
0 0.9479371316306483 0.362657091561939 0.08055009823182711 0.06283662477558348
0 0.7465618860510805 0.6921005385996409 0.08447937131630648 0.06463195691202872
