1 0.7496758349705305 0.08340215439856373 0.213064833005894 0.027809694793536795
0 0.25807465618860514 0.607737881508079 0.07001964636542236 0.0695511669658887
1 0.14088408644400788 0.0827019748653501 0.21611001964636542 0.03477558348294435
1 0.32732809430255405 0.08549371633752244 0.17807465618860507 0.037558348294434475
1 0.48942043222003934 0.08548473967684021 0.1734970530451866 0.043105924596050275
1 0.7458742632612967 0.9770017953321364 0.1445972495088409 0.03475763016157971
1 0.4399410609037328 0.9742190305206463 0.1598035363457761 0.026427289048474016
1 0.21317288801571707 0.9756104129263913 0.15675834970530456 0.02921005385996406
0 0.6104125736738705 0.055592459605026935 0.08066797642436138 0.09179533213644524
0 0.787721021611002 0.4839587073608618 0.07304518664047141 0.0723339317773788
0 0.6157367387033399 0.5799281867145422 0.08522593320235755 0.06675044883303402
0 0.6781434184675835 0.7099640933572712 0.08218074656188613 0.06815080789946147
0 0.5921512770137524 0.8184560143626571 0.05632612966601171 0.06815080789946147
0 0.5091944990176818 0.7551705565529623 0.09131630648330062 0.06675044883303402
0 0.5929174852652259 0.9304129263913824 0.060884086444007876 0.0834470377019749
0 0.26111984282907663 0.7002244165170556 0.06086444007858547 0.0709335727109515
