1 0.021611001964636542 0.6669658886894075 0.043222003929273084 0.19569120287253142
0 0.650294695481336 0.296229802513465 0.08644400785854617 0.07360861759425494
1 0.09724950884086445 0.11669658886894076 0.06679764243614932 0.20107719928186715
1 0.07465618860510806 0.28545780969479356 0.06483300589390963 0.16696588868940754
1 0.05206286836935167 0.4326750448833034 0.07072691552062868 0.1615798922800718
0 0.02848722986247544 0.5394973070017953 0.05697445972495088 0.0807899461400359
0 0.44204322200392926 0.7585278276481149 0.08840864440078586 0.07540394973070018
0 0.5707269155206287 0.6157989228007181 0.08447937131630648 0.08617594254937164
0 0.7033398821218074 0.6903052064631957 0.08447937131630648 0.0843806104129264
0 0.8320235756385069 0.6274685816876122 0.0825147347740668 0.06104129263913824
0 0.775049115913556 0.5430879712746858 0.08447937131630648 0.09156193895870736
0 0.9449901768172888 0.6427289048473968 0.0825147347740668 0.06463195691202872
0 0.75049115913556 0.3114901256732496 0.08644400785854617 0.06463195691202872
