1 0.5383795309168443 0.13132137030995106 0.12366737739872068 0.05872756933115824
0 0.4616204690831556 0.7145187601957586 0.09594882729211088 0.06851549755301795
0 0.2878464818763326 0.567699836867863 0.09594882729211088 0.0766721044045677
0 0.4914712153518124 0.5611745513866232 0.09808102345415778 0.0734094616639478
0 0.7388059701492538 0.5179445350734094 0.1023454157782516 0.0701468189233279
0 0.4680170575692964 0.4738988580750408 0.09168443496801706 0.0636215334420881
0 0.4189765458422175 0.1231647634584013 0.09808102345415778 0.08809135399673736
0 0.35394456289978676 0.26101141924959215 0.09808102345415778 0.07177814029363784
1 0.1417910447761194 0.6288743882544862 0.06609808102345416 0.06851549755301795
1 0.11087420042643924 0.49592169657422513 0.06396588486140725 0.053833605220228384
1 0.43070362473347545 0.967373572593801 0.18763326226012794 0.06525285481239804
1 0.7931769722814499 0.8205546492659054 0.24733475479744135 0.0799347471451876
1 0.685501066098081 0.10766721044045677 0.17270788912579957 0.06199021207177814
0 0.5884861407249466 0.6761827079934747 0.09808102345415778 0.0701468189233279
1 0.20788912579957355 0.08075040783034258 0.15565031982942432 0.057096247960848286
0 0.6002132196162047 0.8686786296900489 0.1044776119402985 0.09135399673735727
0 0.5607675906183369 0.7544861337683524 0.08315565031982942 0.0701468189233279
