1 0.291044776119403 0.16639477977161501 0.12366737739872068 0.057096247960848286
0 0.6353944562899787 0.6892332789559543 0.09381663113006397 0.06688417618270799
0 0.7292110874200426 0.5057096247960848 0.09381663113006397 0.07504078303425775
0 0.5362473347547975 0.5546492659053833 0.09594882729211088 0.07177814029363784
0 0.2846481876332623 0.5823817292006526 0.1023454157782516 0.0701468189233279
0 0.5170575692963753 0.46737357259380097 0.08955223880597014 0.0636215334420881
0 0.39872068230277186 0.1264274061990212 0.09808102345415778 0.08809135399673736
0 0.5245202558635395 0.2365415986949429 0.09808102345415778 0.0701468189233279
1 0.894456289978678 0.5220228384991843 0.06396588486140725 0.06851549755301795
1 0.8614072494669509 0.3898858075040783 0.06396588486140725 0.053833605220228384
1 0.7857142857142857 0.9200652528548124 0.18763326226012794 0.06851549755301795
1 0.3763326226012793 0.8792822185970636 0.24733475479744135 0.0766721044045677
1 0.14285714285714285 0.18433931484502447 0.17270788912579957 0.06035889070146819
0 0.5 0.6884176182707994 0.09808102345415778 0.06851549755301795
1 0.5767590618336887 0.028548123980424143 0.15565031982942432 0.05546492659053834
0 0.5788912579957356 0.8719412724306689 0.1023454157782516 0.08972267536704731
0 0.5628997867803838 0.7536704730831973 0.08315565031982942 0.06851549755301795
