1 0.6299040511727079 0.1432626427406199 0.11452025586353952 0.041729200652528525
0 0.40904051172707884 0.7044616639477977 0.0836247334754798 0.057014681892332865
0 0.27542643923240934 0.5361745513866232 0.08181236673773988 0.06536704730831983
0 0.47628997867803835 0.5591272430668842 0.0836247334754798 0.06119086460032625
0 0.7298827292110874 0.5521696574225121 0.08906183368869933 0.058401305057096176
0 0.4753944562899786 0.46942088091353995 0.07816631130063958 0.054241435562805876
0 0.5144669509594884 0.1182300163132137 0.07997867803837957 0.07789559543230017
0 0.4154051172707889 0.24410277324632956 0.0854371002132196 0.05982055464926593
1 0.11636460554371003 0.5744208809135399 0.05089552238805971 0.06120717781402933
1 0.11908315565031985 0.4395187601957586 0.05270788912579959 0.04729200652528549
1 0.3145095948827292 0.952030995106036 0.1781449893390192 0.0458890701468191
1 0.7080703624733475 0.8574551386623165 0.2417697228144989 0.04590538336052209
1 0.7798720682302772 0.14187601957585644 0.1672494669509596 0.038955954323001626
0 0.5426545842217484 0.6856851549755303 0.08543710021321967 0.058417618270799256
1 0.31813432835820893 0.04591353996737358 0.14906183368869932 0.03616639477977163
0 0.5062793176972281 0.8769249592169657 0.08543710021321967 0.07926590538336038
0 0.4953837953091685 0.758711256117455 0.0708955223880597 0.059804241435562754
