1 0.3639344262295082 0.621301775147929 0.036065573770491806 0.023668639053254437
1 0.39672131147540984 0.6272189349112426 0.04262295081967213 0.023668639053254437
1 0.36721311475409835 0.47115384615384615 0.040983606557377046 0.01775147928994083
1 0.39672131147540984 0.47781065088757396 0.03770491803278689 0.020710059171597635
1 0.42704918032786887 0.48372781065088755 0.03934426229508197 0.020710059171597635
1 0.44426229508196724 0.4977810650887574 0.02459016393442623 0.03254437869822485
1 0.43688524590163935 0.5236686390532544 0.021311475409836064 0.03106508875739645
1 0.4336065573770492 0.5473372781065089 0.027868852459016394 0.038461538461538464
1 0.42868852459016393 0.5724852071005917 0.027868852459016394 0.034023668639053255
1 0.0778688524590164 0.2625739644970414 0.027868852459016394 0.05325443786982249
1 0.10983606557377049 0.1235207100591716 0.027868852459016394 0.05621301775147929
1 0.2860655737704918 0.05621301775147929 0.08852459016393442 0.03254437869822485
1 0.4 0.24260355029585798 0.03114754098360656 0.05621301775147929
1 0.2122950819672131 0.38979289940828404 0.10491803278688525 0.03994082840236687
1 0.6631147540983606 0.3091715976331361 0.05737704918032787 0.03550295857988166
1 0.5967213114754099 0.39571005917159763 0.02622950819672131 0.042899408284023666
1 0.5827868852459016 0.46375739644970415 0.036065573770491806 0.04881656804733728
1 0.5573770491803278 0.5821005917159763 0.04262295081967213 0.07100591715976332
1 0.6204918032786885 0.643491124260355 0.04262295081967213 0.028106508875739646
1 0.7426229508196721 0.6649408284023669 0.04590163934426229 0.03106508875739645
1 0.8704918032786885 0.5347633136094675 0.036065573770491806 0.04881656804733728
1 0.9614754098360656 0.35798816568047337 0.05901639344262295 0.03254437869822485
0 0.05491803278688524 0.5998520710059172 0.03934426229508197 0.029585798816568046
0 0.24262295081967214 0.621301775147929 0.04918032786885246 0.03994082840236687
0 0.2565573770491803 0.6545857988165681 0.04918032786885246 0.04881656804733728
0 0.11721311475409836 0.3572485207100592 0.03442622950819672 0.026627218934911243
0 0.12377049180327869 0.3291420118343195 0.03442622950819672 0.026627218934911243
0 0.12786885245901639 0.3062130177514793 0.036065573770491806 0.028106508875739646
0 0.13360655737704918 0.27662721893491127 0.040983606557377046 0.034023668639053255
0 0.16393442622950818 0.2411242603550296 0.04590163934426229 0.04142011834319527
0 0.1598360655737705 0.15088757396449703 0.04426229508196721 0.03698224852071006
0 0.2786885245901639 0.13683431952662722 0.04918032786885246 0.04881656804733728
0 0.3008196721311475 0.23668639053254437 0.04590163934426229 0.03698224852071006
0 0.30573770491803276 0.29363905325443784 0.05245901639344262 0.051775147928994084
0 0.3729508196721312 0.27958579881656803 0.04262295081967213 0.03994082840236687
0 0.3336065573770492 0.17085798816568049 0.047540983606557376 0.042899408284023666
0 0.6180327868852459 0.4312130177514793 0.04918032786885246 0.04585798816568047
0 0.7172131147540983 0.3720414201183432 0.05573770491803279 0.04585798816568047
0 0.7090163934426229 0.4171597633136095 0.05573770491803279 0.05029585798816568
0 0.7483606557377049 0.4556213017751479 0.047540983606557376 0.04437869822485207
0 0.739344262295082 0.5791420118343196 0.054098360655737705 0.04881656804733728
0 0.75 0.5436390532544378 0.05573770491803279 0.05473372781065089
0 0.8213114754098361 0.47263313609467456 0.05737704918032787 0.057692307692307696
0 0.9073770491803279 0.4718934911242604 0.06557377049180328 0.05621301775147929
0 0.8770491803278688 0.6116863905325444 0.07213114754098361 0.05621301775147929
0 0.8639344262295082 0.6523668639053254 0.07049180327868852 0.05029585798816568
0 0.44344262295081965 0.6072485207100592 0.07049180327868852 0.05325443786982249
0 0.6745901639344263 0.3727810650887574 0.05081967213114754 0.05029585798816568
1 0.2901639344262295 0.7322485207100592 0.04918032786885246 0.09467455621301775
1 0.045081967213114756 0.764792899408284 0.09016393442622951 0.038461538461538464
1 0.023770491803278688 0.5007396449704142 0.047540983606557376 0.10946745562130178
1 0.3081967213114754 0.6494082840236687 0.03114754098360656 0.05029585798816568
1 0.33278688524590166 0.6183431952662722 0.04262295081967213 0.022189349112426034
