1 0.6565573770491804 0.40014792899408286 0.019672131147540985 0.029585798816568046
1 0.6565573770491804 0.43047337278106507 0.019672131147540985 0.03550295857988166
1 0.4918032786885246 0.3772189349112426 0.013114754098360656 0.03550295857988166
1 0.49426229508196723 0.40458579881656803 0.01639344262295082 0.03106508875739645
1 0.49426229508196723 0.4319526627218935 0.01639344262295082 0.03254437869822485
1 0.5073770491803279 0.4504437869822485 0.03278688524590164 0.016272189349112426
1 0.5368852459016393 0.44822485207100593 0.03278688524590164 0.013313609467455622
1 0.5631147540983606 0.44970414201183434 0.03934426229508197 0.019230769230769232
1 0.5918032786885246 0.4489644970414201 0.03442622950819672 0.019230769230769232
1 0.3139344262295082 0.08357988165680473 0.05737704918032787 0.01775147928994083
1 0.15655737704918032 0.08801775147928995 0.060655737704918035 0.016272189349112426
1 0.05327868852459016 0.23224852071005916 0.021311475409836064 0.07840236686390532
1 0.23688524590163934 0.3668639053254438 0.05901639344262295 0.019230769230769232
1 0.430327868852459 0.22485207100591717 0.02622950819672131 0.09171597633136094
1 0.2639344262295082 0.6116863905325444 0.03114754098360656 0.047337278106508875
1 0.369672131147541 0.5680473372781065 0.04426229508196721 0.016272189349112426
1 0.44672131147540983 0.5673076923076923 0.05081967213114754 0.02514792899408284
1 0.580327868852459 0.5650887573964497 0.07377049180327869 0.028106508875739646
1 0.6352459016393442 0.6316568047337278 0.02459016393442623 0.03550295857988166
1 0.6377049180327868 0.7440828402366864 0.027868852459016394 0.03698224852071006
1 0.4737704918032787 0.8357988165680473 0.05081967213114754 0.02514792899408284
1 0.2647540983606557 0.8853550295857988 0.027868852459016394 0.05029585798816568
0 0.6860655737704918 0.1220414201183432 0.02622950819672131 0.03106508875739645
0 0.6770491803278689 0.2921597633136095 0.036065573770491806 0.038461538461538464
0 0.7114754098360656 0.3099112426035503 0.047540983606557376 0.038461538461538464
0 0.41065573770491803 0.13535502958579881 0.02459016393442623 0.026627218934911243
0 0.37868852459016394 0.13609467455621302 0.02459016393442623 0.026627218934911243
0 0.3524590163934426 0.13535502958579881 0.02459016393442623 0.029585798816568046
0 0.319672131147541 0.13609467455621302 0.03114754098360656 0.03254437869822485
0 0.2762295081967213 0.15680473372781065 0.03934426229508197 0.03550295857988166
0 0.1778688524590164 0.13757396449704143 0.03442622950819672 0.034023668639053255
0 0.14262295081967213 0.2403846153846154 0.047540983606557376 0.038461538461538464
0 0.24754098360655738 0.27736686390532544 0.03442622950819672 0.03550295857988166
0 0.3081967213114754 0.29142011834319526 0.04918032786885246 0.04142011834319527
0 0.28114754098360656 0.34911242603550297 0.03770491803278689 0.03254437869822485
0 0.16967213114754098 0.29511834319526625 0.040983606557377046 0.03698224852071006
0 0.40409836065573773 0.5931952662721893 0.04426229508196721 0.03698224852071006
0 0.32295081967213113 0.6708579881656804 0.04426229508196721 0.04437869822485207
0 0.3729508196721312 0.6715976331360947 0.04918032786885246 0.04437869822485207
0 0.4081967213114754 0.7130177514792899 0.04262295081967213 0.03550295857988166
0 0.5442622950819672 0.7263313609467456 0.04590163934426229 0.04142011834319527
0 0.5040983606557377 0.7300295857988166 0.05245901639344262 0.042899408284023666
0 0.41475409836065574 0.7810650887573964 0.05737704918032787 0.04437869822485207
0 0.3983606557377049 0.8572485207100592 0.054098360655737705 0.05325443786982249
0 0.5565573770491803 0.8542899408284024 0.05245901639344262 0.05917159763313609
0 0.6032786885245902 0.8498520710059172 0.04590163934426229 0.057692307692307696
0 0.6262295081967213 0.4681952662721893 0.04918032786885246 0.057692307692307696
0 0.33114754098360655 0.6331360946745562 0.04918032786885246 0.03994082840236687
1 0.7901639344262295 0.35428994082840237 0.10163934426229508 0.029585798816568046
1 0.8688524590163934 0.14053254437869822 0.027868852459016394 0.08136094674556213
1 0.5836065573770491 0.07692307692307693 0.1180327868852459 0.02514792899408284
1 0.6967213114754098 0.3557692307692308 0.05245901639344262 0.020710059171597635
1 0.6581967213114754 0.3720414201183432 0.018032786885245903 0.03550295857988166
