1 0.3420081967213115 0.40263313609467455 0.02004918032786888 0.029201183431952677
1 0.3420081967213115 0.4325369822485208 0.02004918032786888 0.03616863905325451
1 0.5053852459016394 0.3769082840236686 0.013885245901639389 0.03615384615384615
1 0.5038442622950821 0.40472633136094677 0.016967213114754135 0.030606508875739725
1 0.5038442622950821 0.43184171597633136 0.016967213114754135 0.03199704142011834
1 0.49151639344262293 0.4506213017751479 0.03237704918032787 0.016686390532544337
1 0.46222950819672126 0.44923076923076927 0.032360655737704934 0.013905325443786948
1 0.43602459016393447 0.4506213017751479 0.03854098360655736 0.019467455621301727
1 0.40751639344262297 0.4506213017751479 0.033918032786885245 0.019467455621301727
1 0.6780081967213114 0.08066568047337279 0.057032786885245844 0.01668639053254438
1 0.8352213114754098 0.08275147928994084 0.06011475409836059 0.015295857988165686
1 0.9415737704918034 0.22530325443786983 0.020032786885245946 0.07788461538461537
1 0.7604672131147541 0.36230769230769233 0.05857377049180331 0.01807692307692312
1 0.5647295081967212 0.22391272189349115 0.02467213114754091 0.09178994082840239
1 0.7381229508196722 0.6077810650887574 0.029295081967213123 0.047278106508875796
1 0.6317704918032787 0.5660576923076923 0.04468852459016392 0.01670118343195261
1 0.5547131147540983 0.5667529585798816 0.05086885245901635 0.023653846153846168
1 0.4213852459016394 0.5667529585798816 0.07398360655737704 0.026434911242603557
1 0.3674426229508197 0.6335133136094675 0.024655737704918065 0.03477810650887573
1 0.3674426229508197 0.7461686390532545 0.02773770491803281 0.03754437869822484
1 0.5331311475409836 0.8351849112426036 0.05085245901639341 0.023653846153846168
1 0.7427459016393443 0.881775147928994 0.026213114754098377 0.05005917159763301
0 0.30655737704918035 0.12517011834319525 0.02619672131147544 0.03060650887573964
0 0.31888524590163936 0.294844674556213 0.03544262295081968 0.038949704142011814
0 0.28497540983606556 0.31362426035502955 0.0477868852459016 0.03754437869822484
0 0.5816803278688525 0.13420857988165683 0.02467213114754091 0.026434911242603557
0 0.6140491803278688 0.13420857988165683 0.02465573770491797 0.026434911242603557
0 0.6402459016393441 0.1328180473372781 0.02465573770491797 0.029215976331360947
0 0.672622950819672 0.1328180473372781 0.030819672131147467 0.03199704142011834
0 0.7173114754098361 0.15298816568047338 0.04006557377049189 0.03615384615384615
0 0.8144180327868853 0.13212278106508876 0.033918032786885335 0.033387573964497035
0 0.8521803278688526 0.23434911242603548 0.04777049180327876 0.03754437869822484
0 0.7481393442622951 0.27398668639053253 0.033918032786885335 0.036168639053254424
0 0.6880327868852459 0.28858727810650886 0.04931147540983613 0.04034023668639051
0 0.7157704918032786 0.3456139053254438 0.03698360655737696 0.03199704142011834
0 0.8259754098360655 0.28997781065088757 0.04162295081967211 0.03755917159763312
0 0.5978606557377049 0.5917899408284024 0.04470491803278685 0.03754437869822484
0 0.6803196721311475 0.6675887573964497 0.043163934426229573 0.044497041420118406
0 0.6302377049180328 0.6696745562130177 0.0477868852459016 0.04310650887573962
0 0.5955491803278689 0.7113979289940828 0.043163934426229573 0.03477810650887573
0 0.45991803278688526 0.7273964497041421 0.046229508196721385 0.04171597633136102
0 0.49999180327868853 0.7301775147928995 0.05240983606557382 0.04171597633136102
0 0.5909262295081967 0.7795488165680474 0.055491803278688565 0.043121301775148065
0 0.6078852459016394 0.8560428994082839 0.05239344262295088 0.05146449704142007
0 0.4499016393442623 0.8553476331360947 0.05085245901639341 0.058417159763313624
0 0.40366393442622955 0.8511760355029585 0.0447049180327869 0.058417159763313624
0 0.3728360655737705 0.4700961538461539 0.047770491803278664 0.055636094674556234
0 0.6710737704918033 0.6300369822485208 0.049327868852459066 0.0389497041420119
1 0.20713934426229508 0.3588239644970414 0.10172131147540986 0.027825443786982252
1 0.12468852459016391 0.1467233727810651 0.026196721311475393 0.08205621301775148
1 0.4082868852459017 0.07857248520710058 0.11867213114754097 0.023653846153846147
1 0.30116393442622946 0.3588313609467456 0.05239344262295079 0.019467455621301814
1 0.33969672131147544 0.37412721893491124 0.018508196721311508 0.03615384615384615
