0 0.5861635220125786 0.7008501594048884 0.0880503144654088 0.077577045696068
0 0.35283018867924526 0.5696068012752391 0.09433962264150944 0.06376195536663125
1 0.7666666666666667 0.7996811902231669 0.14842767295597484 0.061636556854410204
0 0.3490566037735849 0.5063761955366631 0.08176100628930817 0.07226354941551541
0 0.15157232704402515 0.47024442082890544 0.08050314465408805 0.07332624867162593
1 0.6257861635220126 0.8235919234856536 0.052830188679245285 0.036131774707757705
1 0.15471698113207547 0.30818278427205104 0.10817610062893082 0.04675876726886291
1 0.6654088050314465 0.22476089266737515 0.1710691823899371 0.06376195536663125
0 0.5786163522012578 0.8517534537725824 0.0880503144654088 0.09351753453772582
0 0.5364779874213836 0.22369819341126462 0.08427672955974842 0.08501594048884166
1 0.32452830188679244 0.27948990435706694 0.12578616352201258 0.04250797024442083
