0 0.740251572327044 0.434643995749203 0.08930817610062892 0.07226354941551541
0 0.5773584905660377 0.6269925611052072 0.0729559748427673 0.07863974495217853
1 0.8641509433962264 0.28480340063761955 0.06792452830188679 0.12433581296493093
0 0.5025157232704403 0.6275239107332625 0.08427672955974842 0.06801275239107332
0 0.45220125786163523 0.7933049946865037 0.08553459119496855 0.0669500531349628
1 0.8874213836477988 0.40488841657810837 0.04150943396226415 0.044633368756641874
1 0.2610062893081761 0.7848034006376196 0.05157232704402516 0.09139213602550478
1 0.18050314465408804 0.35069075451647186 0.06918238993710692 0.14452709883103082
0 0.9188679245283019 0.4463336875664187 0.10943396226415095 0.07226354941551541
0 0.17484276729559747 0.4596174282678002 0.09937106918238994 0.06801275239107332
1 0.23270440251572327 0.640807651434644 0.04654088050314465 0.10626992561105207
