0 0.46130817610062896 0.7107332624867162 0.07408805031446539 0.06675876726886285
0 0.6605031446540881 0.5445324123273113 0.0839496855345912 0.05146652497343253
1 0.30574213836477987 0.8373007438894794 0.14157232704402514 0.03893730074388958
0 0.6498050314465409 0.48194473963868223 0.06914465408805034 0.06259298618490965
0 0.8350062893081761 0.41448990435706695 0.06749685534591206 0.0639851222104145
1 0.4497861635220126 0.8379968119022316 0.04774842767295602 0.029213602550478224
1 0.7954905660377359 0.25593517534537724 0.10371069182389943 0.030595111583421913
1 0.2752830188679245 0.25663124335812965 0.16626415094339622 0.037555791710945835
0 0.5024654088050314 0.8581615302869288 0.07079245283018865 0.08344314558979807
0 0.4020377358490566 0.23507438894792776 0.0674968553459119 0.07510095642933051
1 0.6226415094339622 0.2552444208289054 0.12347169811320757 0.023645058448459086
