0 0.3091346153846154 0.6048951048951049 0.04903846153846154 0.07167832167832168
0 0.6230769230769231 0.5638111888111889 0.04038461538461539 0.0979020979020979
0 0.48221153846153847 0.1284965034965035 0.032692307692307694 0.07167832167832168
0 0.6610576923076923 0.0944055944055944 0.04230769230769231 0.09965034965034965
1 0.5923076923076923 0.026223776223776224 0.021153846153846155 0.05244755244755245
1 0.5975961538461538 0.4152097902097902 0.025 0.1346153846153846
1 0.5980769230769231 0.548951048951049 0.01826923076923077 0.057692307692307696
1 0.6019230769230769 0.9309440559440559 0.021153846153846155 0.07867132867132867
1 0.6 0.9842657342657343 0.01730769230769231 0.024475524475524476
0 0.3644230769230769 0.9807692307692307 0.038461538461538464 0.038461538461538464
0 0.4394230769230769 0.9353146853146853 0.03653846153846154 0.055944055944055944
0 0.4216346153846154 0.9816433566433567 0.03942307692307692 0.03671328671328671
1 0.2875 0.11101398601398602 0.02403846153846154 0.16783216783216784
1 0.2903846153846154 0.4527972027972028 0.023076923076923078 0.21153846153846154
1 0.29375 0.6879370629370629 0.025 0.11363636363636363
