0 0.3235576923076923 0.3312937062937063 0.05480769230769231 0.08741258741258741
0 0.6274038461538461 0.4807692307692308 0.05 0.10839160839160839
0 0.44326923076923075 0.8583916083916084 0.03942307692307692 0.08041958041958042
0 0.6153846153846154 0.9484265734265734 0.051923076923076926 0.10314685314685315
1 0.5399038461538461 0.9833916083916084 0.025961538461538463 0.033216783216783216
1 0.5870192307692308 0.6171328671328671 0.038461538461538464 0.14160839160839161
1 0.6014423076923077 0.486013986013986 0.023076923076923078 0.06293706293706294
1 0.6451923076923077 0.11188811188811189 0.028846153846153848 0.08391608391608392
1 0.6490384615384616 0.05856643356643357 0.020192307692307693 0.02972027972027972
0 0.4860576923076923 0.051573426573426576 0.041346153846153845 0.06643356643356643
0 0.4735576923076923 0.012237762237762238 0.04326923076923077 0.024475524475524476
1 0.25048076923076923 0.8085664335664335 0.04038461538461539 0.17307692307692307
1 0.28942307692307695 0.4737762237762238 0.04519230769230769 0.21503496503496503
1 0.31682692307692306 0.24388111888111888 0.03653846153846154 0.12062937062937062
