0 0.44569230769230767 0.15096153846153845 0.03824999999999997 0.08762237762237764
0 0.46290384615384617 0.723277972027972 0.05278846153846151 0.07232517482517484
0 0.7050096153846154 0.4736363636363637 0.03824999999999997 0.05702797202797204
0 0.7203125 0.7997727272727273 0.053548076923076976 0.07510489510489517
1 0.764673076923077 0.6759965034965034 0.041307692307692344 0.036153846153846064
1 0.5447548076923078 0.6794755244755244 0.07420192307692315 0.043111888111888055
1 0.47093749999999995 0.6773863636363636 0.032124999999999966 0.030611888111888096
1 0.26095673076923076 0.6773863636363637 0.043605769230769253 0.036171328671328766
1 0.2215625 0.6739073426573426 0.03366346153846153 0.03197552447552441
0 0.2246201923076923 0.24484265734265737 0.045894230769230784 0.06954545454545452
0 0.26172115384615385 0.38183566433566435 0.02982692307692306 0.06538461538461535
0 0.22385576923076922 0.34985139860139863 0.044365384615384605 0.07092657342657341
0 0.06436538461538462 0.5243968531468531 0.03136538461538462 0.06120629370629369
1 0.8423173076923077 0.6766958041958042 0.07573076923076923 0.03755244755244758
1 0.8281682692307691 0.11548951048951049 0.11779807692307691 0.030594405594405596
1 0.7176346153846154 0.12035839160839161 0.0925576923076923 0.04033216783216782
1 0.5298365384615384 0.11966783216783217 0.11626923076923079 0.03895104895104895
1 0.4005576923076923 0.12174825174825175 0.06273076923076924 0.043111888111888104
