1 0.70068359375 0.08430989583333333 0.0205078125 0.083984375
0 0.291748046875 0.9417317708333334 0.08154296875 0.09114583333333333
0 0.273193359375 0.2903645833333333 0.07421875 0.09765625
0 0.393310546875 0.1201171875 0.068359375 0.08528645833333333
0 0.514892578125 0.13639322916666666 0.064453125 0.08723958333333333
0 0.52099609375 0.050130208333333336 0.064453125 0.07877604166666667
0 0.528564453125 0.732421875 0.05615234375 0.0859375
0 0.6943359375 0.8714192708333334 0.048828125 0.078125
0 0.742919921875 0.8411458333333334 0.07421875 0.08919270833333333
1 0.174072265625 0.8154296875 0.02099609375 0.130859375
1 0.220703125 0.8759765625 0.0849609375 0.024739583333333332
1 0.2666015625 0.98828125 0.0224609375 0.0234375
1 0.251220703125 0.4020182291666667 0.0234375 0.146484375
1 0.202880859375 0.23828125 0.09326171875 0.0234375
1 0.719482421875 0.7119140625 0.02587890625 0.16341145833333334
1 0.724609375 0.978515625 0.02001953125 0.0234375
1 0.158447265625 0.17838541666666666 0.02099609375 0.13216145833333334
1 0.708984375 0.3834635416666667 0.02392578125 0.16341145833333334
