1 0.8046875 0.7819010416666666 0.0625 0.024739583333333332
0 0.17626953125 0.20703125 0.0654296875 0.10546875
0 0.6650390625 0.205078125 0.07080078125 0.095703125
0 0.78857421875 0.37109375 0.0615234375 0.08854166666666667
0 0.77197265625 0.5325520833333334 0.0634765625 0.08333333333333333
0 0.83642578125 0.5436197916666666 0.05712890625 0.08333333333333333
0 0.32470703125 0.5299479166666666 0.0625 0.072265625
0 0.21484375 0.74609375 0.05712890625 0.0625
0 0.23583984375 0.8118489583333334 0.064453125 0.095703125
1 0.27490234375 0.0546875 0.09765625 0.0234375
1 0.22802734375 0.11458333333333333 0.015625 0.11263020833333333
1 0.09814453125 0.171875 0.10400390625 0.028645833333333332
1 0.58203125 0.171875 0.109375 0.026041666666666668
1 0.70654296875 0.11328125 0.01416015625 0.12369791666666667
1 0.33349609375 0.78515625 0.1220703125 0.028645833333333332
1 0.10400390625 0.7825520833333334 0.07568359375 0.026041666666666668
1 0.7529296875 0.055989583333333336 0.0986328125 0.0234375
1 0.94482421875 0.78125 0.0615234375 0.0234375
1 0.580078125 0.7825520833333334 0.1220703125 0.026041666666666668
