1 0.225341796875 0.8323567708333334 0.0322265625 0.08658854166666667
0 0.786865234375 0.14518229166666666 0.091796875 0.10872395833333333
0 0.678466796875 0.7805989583333334 0.0859375 0.11328125
0 0.529296875 0.9039713541666666 0.07861328125 0.099609375
0 0.4150390625 0.8460286458333334 0.0751953125 0.10091145833333333
0 0.392333984375 0.9274088541666666 0.07373046875 0.09309895833333333
0 0.517578125 0.265625 0.06689453125 0.09765625
0 0.38427734375 0.07421875 0.05859375 0.08854166666666667
0 0.33154296875 0.08658854166666667 0.08447265625 0.10546875
1 0.8759765625 0.3076171875 0.0390625 0.13216145833333334
1 0.8427734375 0.2333984375 0.0859375 0.045572916666666664
1 0.8212890625 0.10286458333333333 0.0263671875 0.0390625
1 0.721435546875 0.6803385416666666 0.04345703125 0.14778645833333334
1 0.736083984375 0.85546875 0.09375 0.046223958333333336
1 0.3291015625 0.21940104166666666 0.04833984375 0.16471354166666666
1 0.767578125 0.9283854166666666 0.03955078125 0.13346354166666666
1 0.275390625 0.5403645833333334 0.04638671875 0.16471354166666666
