1 0.5892364305427783 0.7089084065244667 0.01839926402943882 0.060225846925972396
1 0.5988960441582337 0.622961104140527 0.02207911683532659 0.06900878293601004
1 0.6108555657773689 0.5583437892095358 0.017479300827966882 0.05269761606022585
1 0.6237350505979761 0.46486825595984943 0.01839926402943882 0.04642409033877039
1 0.6453541858325667 0.3212045169385194 0.01655933762649494 0.04767879548306148
1 0.8532658693652254 0.11606022584692598 0.017479300827966882 0.06398996235884567
1 0.8445262189512419 0.1725219573400251 0.019319227230910764 0.07528230865746549
1 0.8353265869365225 0.2371392722710163 0.019319227230910764 0.0740276035131744
1 0.5013799448022079 0.025721455457967377 0.01839926402943882 0.05144291091593475
1 0.49586016559337626 0.07653701380175659 0.02207911683532659 0.07151819322459223
1 0.4862005519779209 0.1411543287327478 0.02483900643974241 0.07528230865746549
1 0.43330266789328425 0.20828105395232122 0.019319227230910764 0.06398996235884567
1 0.4236430542778289 0.2848180677540778 0.01839926402943882 0.05520702634880803
1 0.41858325666973323 0.32434127979924715 0.020239190432382703 0.04265997490589712
1 0.4126034958601656 0.36511919698870765 0.01839926402943882 0.05520702634880803
1 0.40708371665133397 0.40464240903387705 0.015639374425023 0.04265997490589712
1 0.40202391904323825 0.44165621079046424 0.011039558417663294 0.037641154328732745
1 0.3896044158233671 0.5169385194479298 0.015639374425023 0.050188205771643665
1 0.3850045998160074 0.5514429109159348 0.015639374425023 0.04015056461731493
1 0.3822447102115915 0.5790464240903388 0.014719411223551058 0.033877038895859475
1 0.3735050597976081 0.6311166875784191 0.013799448022079117 0.03889585947302384
1 0.3873045078196872 0.6900878293601004 0.03311867525298988 0.020075282308657464
1 0.3978840846366145 0.7214554579673776 0.017479300827966882 0.07151819322459223
1 0.3923643054277829 0.7760351317440402 0.017479300827966882 0.060225846925972396
1 0.38638454461821525 0.823086574654956 0.02207911683532659 0.06775407779171895
0 0.6582336706531738 0.1355081555834379 0.029438822447102116 0.0451693851944793
0 0.6844526218951242 0.2490589711417817 0.025758969641214352 0.04015056461731493
0 0.6444342226310947 0.23776662484316186 0.028518859245630176 0.033877038895859475
0 0.6315547378104875 0.2936010037641154 0.02207911683532659 0.03513174404015056
0 0.7723091076356946 0.33751568381430364 0.03219871205151794 0.033877038895859475
0 0.6591536338546458 0.4190715181932246 0.02667893284268629 0.03262233375156838
0 0.6784728610855566 0.4504391468005019 0.027598896044158234 0.03513174404015056
0 0.7442502299908004 0.527603513174404 0.029438822447102116 0.033877038895859475
0 0.7244710211591536 0.6122961104140527 0.028518859245630176 0.03513174404015056
0 0.7520699172033118 0.6888331242158093 0.02667893284268629 0.04140526976160602
0 0.7161913523459061 0.685069008782936 0.02483900643974241 0.03889585947302384
0 0.6987120515179392 0.6342534504391468 0.02483900643974241 0.03136762860727729
0 0.640294388224471 0.6957340025094103 0.02483900643974241 0.03513174404015056
0 0.6356945722171113 0.7371392722710163 0.020239190432382703 0.033877038895859475
0 0.6384544618215271 0.5903387703889585 0.029438822447102116 0.04015056461731493
0 0.5883164673413064 0.6668757841907151 0.03771849126034959 0.037641154328732745
0 0.3265869365225391 0.7540777917189461 0.027598896044158234 0.03638644918444166
0 0.2511499540018399 0.7760351317440402 0.03035878564857406 0.03513174404015056
0 0.23275068997240111 0.6982434127979925 0.03219871205151794 0.0451693851944793
0 0.3344066237350506 0.6649937264742786 0.028518859245630176 0.03889585947302384
0 0.3794848206071757 0.6624843161856964 0.03311867525298988 0.037641154328732745
0 0.2782888684452622 0.6493099121706399 0.03035878564857406 0.04265997490589712
0 0.25712971481140756 0.5470514429109159 0.03035878564857406 0.037641154328732745
0 0.2778288868445262 0.5188205771643664 0.03219871205151794 0.04015056461731493
0 0.3114075436982521 0.4479297365119197 0.025758969641214352 0.033877038895859475
0 0.31186752529898804 0.4127979924717691 0.02667893284268629 0.03136762860727729
0 0.31968721251149956 0.3851944792973651 0.025758969641214352 0.033877038895859475
0 0.265409383624655 0.36762860727728985 0.031278748850046 0.03889585947302384
0 0.20607175712971482 0.5784190715181933 0.028518859245630176 0.03262233375156838
0 0.32842686292548295 0.30489335006273527 0.025758969641214352 0.033877038895859475
0 0.30818767249310025 0.0370138017565872 0.025758969641214352 0.03889585947302384
1 0.39558417663293466 0.4780426599749059 0.01655933762649494 0.05144291091593475
1 0.7870285188592456 0.29924717691342534 0.02391904323827047 0.06273525721455459
1 0.7746090156393745 0.38017565872020076 0.021159153633854646 0.06398996235884567
1 0.7690892364305428 0.41969887076537016 0.020239190432382703 0.04015056461731493
1 0.7635694572217111 0.45671267252195735 0.025758969641214352 0.05897114178168131
1 0.7575896964121435 0.4968632371392723 0.020239190432382703 0.04265997490589712
1 0.7483900643974241 0.5633626097867002 0.02207911683532659 0.05771643663739021
1 0.7428702851885924 0.609159347553325 0.02207911683532659 0.04642409033877039
1 0.7364305427782889 0.6424090338770388 0.01839926402943882 0.04265997490589712
1 0.733670653173873 0.676913425345044 0.014719411223551058 0.04265997490589712
1 0.7617295308187673 0.7220828105395232 0.01655933762649494 0.04893350062735257
1 0.7566697332106715 0.7590966122961104 0.01655933762649494 0.04642409033877039
1 0.7424103035878565 0.8619824341279799 0.031278748850046 0.17063989962358847
