1 0.25206991720331184 0.09473023839397741 0.05335786568537258 0.013801756587202008
0 0.04553817847286108 0.526348808030113 0.02483900643974241 0.030112923462986198
0 0.06485740570377185 0.7352572145545797 0.02483900643974241 0.03889585947302384
0 0.06531738730450783 0.71267252195734 0.02207911683532659 0.037641154328732745
0 0.06577736890524379 0.5445420326223338 0.02391904323827047 0.028858218318695106
0 0.09383624655013799 0.5903387703889585 0.025758969641214352 0.03889585947302384
0 0.11637534498620056 0.5909661229611042 0.029438822447102116 0.043914680050188205
0 0.19871205151793928 0.8381430363864492 0.02483900643974241 0.028858218318695106
0 0.3891444342226311 0.7641154328732748 0.021159153633854646 0.030112923462986198
0 0.6076356945722171 0.8808030112923463 0.019319227230910764 0.03513174404015056
0 0.4452621895124195 0.8381430363864492 0.02483900643974241 0.037641154328732745
0 0.4484820607175713 0.7622333751568381 0.021159153633854646 0.030112923462986198
0 0.47010119595216193 0.767879548306148 0.01839926402943882 0.03262233375156838
0 0.4954001839926403 0.7622333751568381 0.021159153633854646 0.030112923462986198
0 0.5524379024839007 0.7948557089084065 0.025758969641214352 0.037641154328732745
0 0.5758969641214351 0.8180677540777918 0.02391904323827047 0.03638644918444166
0 0.6462741490340387 0.7722710163111669 0.02667893284268629 0.03638644918444166
0 0.6379944802207912 0.6336260978670013 0.022999080036798528 0.04015056461731493
0 0.6481140754369825 0.6938519447929736 0.02391904323827047 0.033877038895859475
0 0.6895124195032198 0.8243412797992472 0.029438822447102116 0.03889585947302384
0 0.7424103035878565 0.7860727728983689 0.02207911683532659 0.03638644918444166
0 0.7138914443422263 0.6888331242158093 0.02207911683532659 0.03262233375156838
0 0.6053357865685373 0.35257214554579674 0.02207911683532659 0.04642409033877039
0 0.5413983440662373 0.2986198243412798 0.02483900643974241 0.033877038895859475
0 0.6476540938362465 0.2766624843161857 0.02207911683532659 0.02258469259723965
0 0.6168353265869365 0.27728983688833125 0.02207911683532659 0.028858218318695106
0 0.562557497700092 0.2095357590966123 0.019319227230910764 0.028858218318695106
0 0.5961361545538179 0.17754077791718947 0.02483900643974241 0.027603513174404015
0 0.5924563017479301 0.1286072772898369 0.02667893284268629 0.03136762860727729
0 0.5423183072677092 0.1794228356336261 0.021159153633854646 0.033877038895859475
0 0.47746090156393745 0.1668757841907152 0.020239190432382703 0.03513174404015056
0 0.4328426862925483 0.2685069008782936 0.021159153633854646 0.03262233375156838
0 0.4139834406623735 0.30050188205771644 0.020239190432382703 0.03136762860727729
0 0.33532658693652256 0.16248431618569636 0.020239190432382703 0.04015056461731493
0 0.327966881324747 0.3588456712672522 0.022999080036798528 0.025094102885821833
0 0.2856485740570377 0.35131744040150564 0.020239190432382703 0.033877038895859475
0 0.28702851885924563 0.2961104140526976 0.025758969641214352 0.028858218318695106
0 0.20929162833486661 0.3506900878293601 0.028518859245630176 0.03513174404015056
1 0.7529898804047838 0.596612296110414 0.04783808647654094 0.018820577164366373
1 0.7180312787488501 0.596612296110414 0.04323827046918123 0.013801756587202008
1 0.6775528978840847 0.5991217063989962 0.05243790248390064 0.011292346298619825
1 0.6568537258509659 0.6185696361355082 0.00919963201471941 0.043914680050188205
1 0.6168353265869365 0.6468005018820577 0.027598896044158234 0.012547051442910916
1 0.577276908923643 0.6442910915934755 0.022999080036798528 0.013801756587202008
1 0.5570377184912604 0.6455457967377666 0.027598896044158234 0.015056461731493099
1 0.531278748850046 0.6455457967377666 0.035878564857405704 0.013801756587202008
1 0.5022999080036799 0.6442910915934755 0.03679852805887764 0.015056461731493099
1 0.47470101195952163 0.6417816813048933 0.02667893284268629 0.010037641154328732
1 0.44710211591536336 0.6411543287327478 0.03035878564857406 0.015056461731493099
1 0.41766329346826125 0.6411543287327478 0.03863845446182153 0.01631116687578419
1 0.3873045078196872 0.6398996235884568 0.029438822447102116 0.02132998745294856
1 0.3578656853725851 0.6398996235884568 0.03955841766329347 0.01631116687578419
1 0.30082796688132474 0.6398996235884568 0.045998160073597055 0.01631116687578419
1 0.24333026678932843 0.5809284818067754 0.05335786568537258 0.02132998745294856
1 0.19503219871205152 0.5790464240903388 0.050597976080956765 0.018820577164366373
1 0.15041398344066237 0.5803011292346298 0.050597976080956765 0.015056461731493099
1 0.20377184912603497 0.09410288582183186 0.05427782888684453 0.013801756587202008
1 0.15915363385464582 0.09159347553324969 0.050597976080956765 0.013801756587202008
1 0.11453541858325667 0.0903387703889586 0.04875804967801288 0.013801756587202008
1 0.07175712971481141 0.23588456712672523 0.028518859245630176 0.01756587202007528
1 0.34590616375344985 0.335633626097867 0.03403863845446182 0.015056461731493099
1 0.453081876724931 0.34002509410288584 0.03219871205151794 0.018820577164366373
1 0.5225390984360626 0.34127979924717694 0.03771849126034959 0.015056461731493099
1 0.5712971481140754 0.3462986198243413 0.04875804967801288 0.018820577164366373
1 0.6352345906163753 0.3437892095357591 0.04323827046918123 0.015056461731493099
1 0.7194112235510579 0.11166875784190715 0.12603495860165592 0.012547051442910916
1 0.6425942962281509 0.10978670012547051 0.03219871205151794 0.01631116687578419
1 0.6149954001839927 0.10978670012547051 0.034958601655933765 0.015056461731493099
1 0.5873965041398344 0.15558343789209536 0.03035878564857406 0.013801756587202008
1 0.562097516099356 0.15746549560853199 0.029438822447102116 0.018820577164366373
1 0.5367985280588776 0.1549560853199498 0.031278748850046 0.02383939774153074
1 0.5027598896044159 0.15558343789209536 0.040478380864765406 0.02132998745294856
1 0.453081876724931 0.15432873274780426 0.029438822447102116 0.02132998745294856
1 0.42318307267709293 0.1537013801756587 0.040478380864765406 0.026348808030112924
1 0.39558417663293466 0.15244667503136763 0.02667893284268629 0.02258469259723965
1 0.36614535418583255 0.15181932245922208 0.045078196872125116 0.018820577164366373
1 0.30542778288868444 0.1493099121706399 0.04415823367065318 0.02258469259723965
