1 0.30726770929162833 0.04265997490589712 0.05427782888684453 0.026348808030112924
0 0.04921803127874885 0.41844416562107906 0.028518859245630176 0.03638644918444166
0 0.04185832566697332 0.6286072772898369 0.028518859245630176 0.043914680050188205
0 0.045078196872125116 0.6060225846925973 0.025758969641214352 0.04265997490589712
0 0.06669733210671573 0.44040150564617314 0.027598896044158234 0.03513174404015056
0 0.08877644894204231 0.49247176913425345 0.029438822447102116 0.0451693851944793
0 0.11085556577736891 0.4987452948557089 0.03403863845446182 0.04893350062735257
0 0.16053357865685372 0.7616060225846926 0.028518859245630176 0.03513174404015056
0 0.35694572217111314 0.7340025094102886 0.02483900643974241 0.03513174404015056
0 0.5574977000919963 0.9008782936010038 0.02391904323827047 0.03889585947302384
0 0.4029438822447102 0.8199498117942283 0.028518859245630176 0.04265997490589712
0 0.41582336706531736 0.7459222082810539 0.02483900643974241 0.03513174404015056
0 0.43606255749770007 0.7565872020075283 0.022999080036798528 0.03638644918444166
0 0.46182152713891444 0.7572145545796738 0.02483900643974241 0.03513174404015056
0 0.5137994480220791 0.8030112923462986 0.029438822447102116 0.043914680050188205
0 0.5344986200551978 0.8312421580928482 0.027598896044158234 0.04140526976160602
0 0.609475620975161 0.8023839397741531 0.031278748850046 0.04140526976160602
0 0.6191352345906164 0.664366373902133 0.027598896044158234 0.0451693851944793
0 0.6209751609935602 0.7258469259723965 0.028518859245630176 0.03889585947302384
0 0.6453541858325667 0.8644918444165621 0.03311867525298988 0.043914680050188205
0 0.702391904323827 0.8393977415307403 0.025758969641214352 0.04140526976160602
0 0.6862925482980681 0.7365119196988708 0.02667893284268629 0.037641154328732745
0 0.6223551057957681 0.3795483061480552 0.027598896044158234 0.05144291091593475
0 0.5662373505059798 0.3111668757841907 0.029438822447102116 0.04015056461731493
0 0.6738730450781969 0.31493099121706397 0.02483900643974241 0.027603513174404015
0 0.6435142594296228 0.3086574654956085 0.025758969641214352 0.033877038895859475
0 0.5984360625574977 0.22898368883312423 0.022999080036798528 0.033877038895859475
0 0.6356945722171113 0.2051442910915935 0.028518859245630176 0.033877038895859475
0 0.6384544618215271 0.1562107904642409 0.03035878564857406 0.03638644918444166
0 0.5823367065317387 0.19385194479297366 0.025758969641214352 0.03889585947302384
0 0.5202391904323828 0.1668757841907152 0.02483900643974241 0.04015056461731493
0 0.46366145354185834 0.2565872020075282 0.025758969641214352 0.037641154328732745
0 0.4406623735050598 0.28293601003764113 0.02391904323827047 0.03638644918444166
0 0.38086476540938363 0.1286072772898369 0.02483900643974241 0.043914680050188205
0 0.3486660533578657 0.3205771643663739 0.025758969641214352 0.030112923462986198
0 0.3077276908923643 0.30301129234629864 0.02483900643974241 0.03889585947302384
0 0.3160073597056118 0.24843161856963614 0.029438822447102116 0.03513174404015056
0 0.23275068997240111 0.28419071518193223 0.03311867525298988 0.04015056461731493
1 0.7368905243790248 0.6549560853199499 0.04967801287948482 0.030112923462986198
1 0.702391904323827 0.6468005018820577 0.04415823367065318 0.02383939774153074
1 0.6623735050597976 0.6392722710163111 0.05243790248390064 0.02383939774153074
1 0.6393744250229991 0.6537013801756587 0.014719411223551058 0.0451693851944793
1 0.5961361545538179 0.6725219573400251 0.028518859245630176 0.018820577164366373
1 0.5579576816927323 0.6606022584692597 0.02483900643974241 0.020075282308657464
1 0.5377184912603495 0.6568381430363864 0.029438822447102116 0.02132998745294856
1 0.5124195032198712 0.650564617314931 0.03679852805887764 0.02132998745294856
1 0.48390064397424104 0.6424090338770388 0.03771849126034959 0.02258469259723965
1 0.45722171113155474 0.6336260978670013 0.027598896044158234 0.015056461731493099
1 0.4300827966881325 0.6267252195734002 0.031278748850046 0.02132998745294856
1 0.40110395584176634 0.6191969887076537 0.040478380864765406 0.025094102885821833
1 0.37120515179392827 0.6110414052697616 0.031278748850046 0.027603513174404015
1 0.3422263109475621 0.6041405269761606 0.040478380864765406 0.025094102885821833
1 0.2861085556577737 0.5909661229611042 0.046918123275068994 0.026348808030112924
1 0.23689052437902483 0.5188205771643664 0.05519779208831647 0.033877038895859475
1 0.18951241950321987 0.5056461731493099 0.05243790248390064 0.030112923462986198
1 0.1453541858325667 0.49623588456712675 0.051517939282428704 0.026348808030112924
1 0.25988960441582337 0.030112923462986198 0.05519779208831647 0.026348808030112924
1 0.21665133394664213 0.016938519447929738 0.051517939282428704 0.025094102885821833
1 0.17203311867525298 0.00878293601003764 0.04967801287948482 0.01756587202007528
1 0.11223551057957681 0.13801756587202008 0.03035878564857406 0.02383939774153074
1 0.3689052437902484 0.30175658720200754 0.034958601655933765 0.02258469259723965
1 0.4742410303587857 0.3312421580928482 0.03403863845446182 0.025094102885821833
1 0.5427782888684453 0.34880803011292344 0.03863845446182153 0.02383939774153074
1 0.5901563937442502 0.36511919698870765 0.050597976080956765 0.030112923462986198
1 0.6531738730450782 0.37829360100376414 0.04415823367065318 0.025094102885821833
1 0.765409383624655 0.16938519447929737 0.125114995400184 0.04265997490589712
1 0.6899724011039559 0.14993726474278546 0.03403863845446182 0.02258469259723965
1 0.6628334866605335 0.14303638644918445 0.035878564857405704 0.02258469259723965
1 0.6297148114075437 0.18130489335006272 0.031278748850046 0.020075282308657464
1 0.6044158233670653 0.17754077791718947 0.031278748850046 0.025094102885821833
1 0.5800367985280589 0.16875784190715182 0.03403863845446182 0.030112923462986198
1 0.546458141674333 0.16122961104140526 0.04231830726770929 0.030112923462986198
1 0.49770009199632015 0.14868255959849436 0.031278748850046 0.027603513174404015
1 0.46826126954921804 0.14052697616060225 0.04323827046918123 0.03513174404015056
1 0.4411223551057958 0.1329987452948557 0.029438822447102116 0.027603513174404015
1 0.41214351425942963 0.12547051442910917 0.046918123275068994 0.028858218318695106
1 0.3528058877644894 0.10853199498117942 0.045998160073597055 0.03262233375156838
