1 0.3500459981600736 0.3707653701380176 0.04415823367065318 0.02258469259723965
1 0.4135234590616375 0.3613550815558344 0.050597976080956765 0.027603513174404015
1 0.4613615455381785 0.3469259723964868 0.03863845446182153 0.02132998745294856
1 0.5298988040478381 0.3331242158092848 0.03403863845446182 0.02383939774153074
1 0.6361545538178472 0.308030112923463 0.034958601655933765 0.02132998745294856
1 0.8969641214351426 0.15683814303638646 0.03035878564857406 0.02258469259723965
1 0.8399264029438822 0.02132998745294856 0.04967801287948482 0.02258469259723965
1 0.795768169273229 0.030740276035131745 0.051517939282428704 0.02258469259723965
1 0.7516099356025759 0.04140526976160602 0.05519779208831647 0.02383939774153074
1 0.704231830726771 0.052070263488080304 0.05427782888684453 0.02383939774153074
1 0.8546458141674333 0.5131744040150564 0.051517939282428704 0.02383939774153074
1 0.8100275988960441 0.520702634880803 0.05243790248390064 0.027603513174404015
1 0.7626494940202392 0.5313676286072773 0.05519779208831647 0.03136762860727729
1 0.7115915363385464 0.6010037641154329 0.046918123275068994 0.025094102885821833
1 0.6550137994480221 0.6110414052697616 0.040478380864765406 0.02383939774153074
1 0.6260349586016559 0.617314930991217 0.031278748850046 0.026348808030112924
1 0.5961361545538179 0.624215809284818 0.03955841766329347 0.02258469259723965
1 0.5666973321067157 0.6298619824341279 0.031278748850046 0.020075282308657464
1 0.5395584176632935 0.6355081555834379 0.027598896044158234 0.013801756587202008
1 0.48390064397424104 0.6499372647427855 0.03679852805887764 0.020075282308657464
1 0.4586016559337627 0.6549560853199499 0.028518859245630176 0.020075282308657464
1 0.43836246550137997 0.657465495608532 0.02391904323827047 0.018820577164366373
1 0.39926402943882244 0.6681304893350063 0.028518859245630176 0.01756587202007528
1 0.35694572217111314 0.6474278544542033 0.012879484820607176 0.0451693851944793
1 0.33394664213431463 0.6317440401505646 0.05335786568537258 0.02132998745294856
1 0.2939282428702852 0.6373902132998746 0.04415823367065318 0.02132998745294856
1 0.25896964121435145 0.64366373902133 0.04967801287948482 0.027603513174404015
0 0.7727690892364305 0.29673776662484314 0.03219871205151794 0.04015056461731493
0 0.6904323827046918 0.2578419071518193 0.028518859245630176 0.033877038895859475
0 0.6968721251149954 0.31179422835633624 0.02391904323827047 0.037641154328732745
0 0.655933762649494 0.32810539523212046 0.025758969641214352 0.030112923462986198
0 0.6283348666053358 0.1342534504391468 0.02391904323827047 0.043914680050188205
0 0.5648574057037719 0.2860727728983689 0.02391904323827047 0.03513174404015056
0 0.5427782888684453 0.2584692597239649 0.02483900643974241 0.03638644918444166
0 0.4880404783808648 0.1656210790464241 0.02391904323827047 0.03889585947302384
0 0.4254829806807728 0.19008782936010038 0.02483900643974241 0.037641154328732745
0 0.3702851885924563 0.14993726474278546 0.029438822447102116 0.03513174404015056
0 0.3716651333946642 0.198870765370138 0.027598896044158234 0.03262233375156838
0 0.40846366145354185 0.2245922208281054 0.02207911683532659 0.03262233375156838
0 0.36154553817847285 0.30175658720200754 0.02483900643974241 0.03262233375156838
0 0.33072677092916286 0.3067754077791719 0.02483900643974241 0.027603513174404015
0 0.43882244710211593 0.308030112923463 0.028518859245630176 0.03889585947302384
0 0.3804047838086477 0.3739021329987453 0.02667893284268629 0.050188205771643665
0 0.3077276908923643 0.7277289836888331 0.025758969641214352 0.03638644918444166
0 0.2893284268629255 0.8293601003764115 0.02483900643974241 0.04015056461731493
0 0.3454461821527139 0.8575909661229612 0.03219871205151794 0.04265997490589712
0 0.3730450781968721 0.7195734002509411 0.027598896044158234 0.03889585947302384
0 0.3767249310027599 0.6587202007528231 0.02667893284268629 0.043914680050188205
0 0.3827046918123275 0.7973651191969887 0.03035878564857406 0.04015056461731493
0 0.45722171113155474 0.8293601003764115 0.02667893284268629 0.04140526976160602
0 0.47838086476540936 0.8017565872020075 0.028518859245630176 0.04265997490589712
0 0.531278748850046 0.7584692597239648 0.02391904323827047 0.033877038895859475
0 0.5570377184912604 0.759723964868256 0.02207911683532659 0.03638644918444166
0 0.577736890524379 0.7496863237139272 0.02391904323827047 0.033877038895859475
0 0.5887764489420423 0.8243412797992472 0.027598896044158234 0.04265997490589712
0 0.4319227230910764 0.8977415307402761 0.022999080036798528 0.03889585947302384
0 0.6370745170193193 0.740276035131744 0.02391904323827047 0.033877038895859475
0 0.8325666973321068 0.7772898368883312 0.027598896044158234 0.033877038895859475
0 0.8891444342226311 0.5175658720200753 0.03311867525298988 0.04767879548306148
0 0.9112235510579577 0.5119196988707654 0.029438822447102116 0.043914680050188205
0 0.9346826126954921 0.4611041405269762 0.02667893284268629 0.033877038895859475
0 0.952161913523459 0.6279799247176914 0.02483900643974241 0.04140526976160602
0 0.9549218031278749 0.6499372647427855 0.028518859245630176 0.043914680050188205
0 0.952621895124195 0.4397741530740276 0.027598896044158234 0.03513174404015056
1 0.5124195032198712 0.64366373902133 0.03771849126034959 0.02132998745294856
1 0.6568537258509659 0.11543287327478043 0.045998160073597055 0.030112923462986198
1 0.5970561177552898 0.12986198243412797 0.046918123275068994 0.026348808030112924
1 0.5680772769089236 0.13613550815558345 0.028518859245630176 0.026348808030112924
1 0.5409383624655014 0.1424090338770389 0.04323827046918123 0.033877038895859475
1 0.5114995400183993 0.14868255959849436 0.031278748850046 0.026348808030112924
1 0.4622815087396504 0.15934755332496864 0.04231830726770929 0.028858218318695106
1 0.42870285188592455 0.1656210790464241 0.03311867525298988 0.028858218318695106
1 0.40386384544618215 0.1725219573400251 0.031278748850046 0.02383939774153074
1 0.3785648574057038 0.17565872020075282 0.031278748850046 0.018820577164366373
1 0.3463661453541858 0.1355081555834379 0.035878564857405704 0.02132998745294856
1 0.31922723091076355 0.14052697616060225 0.03311867525298988 0.02132998745294856
1 0.24333026678932843 0.15746549560853199 0.12603495860165592 0.03638644918444166
