1 0.24712051517939282 0.1008720200752823 0.05302667893284267 0.012509410288582181
0 0.04622355105795768 0.5368946047678795 0.024480220791168354 0.030602258469259708
0 0.0681508739650414 0.7455207026348808 0.023459061637534497 0.038946047678795434
0 0.0681508739650414 0.7225658720200753 0.02141674333026679 0.03755332496863245
0 0.06610855565777368 0.5542785445420326 0.023459061637534497 0.02920953575909658
0 0.09517019319227231 0.5994855708908406 0.02447102115915363 0.038946047678795434
0 0.11760809567617295 0.6001756587202008 0.028555657773689045 0.04311166875784193
0 0.2032658693652254 0.8449623588456712 0.024471021159153655 0.02919698870765368
0 0.3924333026678933 0.7663801756587203 0.021407543698252054 0.03060225846925985
0 0.6127046918123275 0.8783375156838142 0.01937442502299903 0.034767879548306194
0 0.449540018399264 0.8394040150564617 0.023459061637534497 0.03755332496863245
0 0.45158233670653175 0.763594730238394 0.021416743330266764 0.03060225846925985
0 0.47350505979760815 0.7684692597239648 0.018362465501379977 0.031994981179422836
0 0.498491260349586 0.7622082810539523 0.021416743330266764 0.03058971141781695
0 0.5561039558417662 0.7935069008782937 0.02448022079116826 0.03755332496863245
0 0.5800689972401104 0.8164491844416562 0.023449862005519788 0.03616060225846918
0 0.6499264029438822 0.7684629861982435 0.026513339466421284 0.034767879548306194
0 0.6397286108555659 0.6307779171894605 0.022437902483900735 0.04032622333751574
0 0.6504323827046918 0.6898870765370136 0.023459061637534497 0.03337515683814292
0 0.693771849126035 0.819930991217064 0.028555657773689017 0.03755332496863245
0 0.7462925482980681 0.780288582183187 0.021416743330266764 0.03616060225846918
0 0.7162097516099357 0.6836260978670012 0.022428702851886025 0.031994981179422836
0 0.6035234590616375 0.3498243412797992 0.021416743330266764 0.045897114178168184
0 0.5387672493100276 0.29767252195734 0.02447102115915355 0.033387703889585965
0 0.6448252069917204 0.27264115432873276 0.022437902483900735 0.022245922208281078
0 0.614231830726771 0.27473023839397737 0.022428702851886025 0.02920953575909658
0 0.5586568537258509 0.20796737766624843 0.01937442502299903 0.02920953575909658
0 0.5917985280588777 0.17527603513174406 0.02448022079116826 0.02781681304893352
0 0.5877184912603496 0.1266060225846926 0.026513339466421284 0.030602258469259708
0 0.538261269549218 0.1780614805520703 0.021416743330266764 0.033387703889585965
0 0.4735004599816008 0.16763488080301128 0.02039558417663295 0.03476787954830614
0 0.4301655933762649 0.2705520702634881 0.021416743330266764 0.031994981179422836
0 0.4113017479300828 0.3025407779171895 0.020395584176632897 0.031982434127979936
0 0.33125114995400184 0.16624215809284817 0.01937442502299903 0.040338770388958584
0 0.3261499540018399 0.3630426599749059 0.023449862005519788 0.025031367628607335
0 0.28383164673413064 0.3560853199498118 0.020395584176632897 0.033375156838143065
0 0.28433762649494027 0.3011543287327478 0.02549218031278752 0.02920953575909658
0 0.20734590616375345 0.35747804265997496 0.028546458141674308 0.033375156838143065
1 0.7544526218951241 0.5904454203262233 0.04793008279668805 0.01808030112923459
1 0.7192686292548298 0.591831869510665 0.042824287028518815 0.012521957340025118
1 0.6789880404783808 0.5946173149309911 0.052014719411223515 0.009736511919698859
1 0.6580818767249309 0.6147867001254705 0.008160073597056018 0.044504391468005056
1 0.6188178472861087 0.6439836888331242 0.027534498620055255 0.011129234629861916
1 0.5790478380864765 0.6425972396486825 0.023449862005519788 0.013902132998745275
1 0.5586522539098436 0.6439899623588456 0.027534498620055255 0.013902132998745275
1 0.5331600735970561 0.6446800501882057 0.03568537258509656 0.012521957340025118
1 0.5040984360625576 0.6439899623588456 0.03671573137074525 0.013902132998745275
1 0.47655933762649494 0.6425972396486825 0.026513339466421336 0.008356336260978701
1 0.4490294388224471 0.6425972396486825 0.03058877644894204 0.013902132998745275
1 0.41945722171113153 0.6432936010037642 0.038748850045998165 0.015294855708908475
1 0.38937442502299907 0.6425972396486825 0.029567617295308175 0.019473023839397717
1 0.35980220791168355 0.6432936010037642 0.03977000919963203 0.015294855708908475
1 0.3026954921803128 0.6446863237139273 0.04588776448942042 0.015294855708908475
1 0.24405703771849127 0.5869636135508156 0.05302667893284267 0.019473023839397717
1 0.19612695492180313 0.586267252195734 0.050984360625574994 0.01808030112923459
1 0.15126034958601658 0.5883563362609787 0.050984360625574994 0.013902132998745346
1 0.19867985280588776 0.1008720200752823 0.05404783808647654 0.012509410288582181
1 0.15431922723091077 0.09948557089084065 0.0509935602575897 0.012521957340025081
1 0.10944802207911683 0.09948557089084065 0.04894204231830726 0.012521957340025081
1 0.06865685372585097 0.24621079046424094 0.028555657773689045 0.016687578419071532
1 0.3434866605335787 0.33939774153074026 0.033652253909843645 0.013902132998745346
1 0.4510717571297148 0.3414868255959849 0.032631094756209775 0.01808030112923459
1 0.5209245630174794 0.3407904642409034 0.037727690892364295 0.013902132998745346
1 0.569360625574977 0.3442659974905897 0.04895124195032202 0.01809284818067749
1 0.63360625574977 0.3407904642409034 0.04283348666053353 0.013902132998745346
1 0.7141720331186753 0.10643663739021329 0.12644894204231835 0.009736511919698859
1 0.637686292548298 0.10643663739021329 0.032631094756209775 0.015307402760351304
1 0.6101517939282429 0.10713299874529486 0.03467341306347751 0.01391468005018821
1 0.5826172953081876 0.15372647427854455 0.03058877644894204 0.012521957340025081
1 0.5576356945722172 0.1565056461731493 0.02956761729530828 0.018080301129234626
1 0.5321435142594295 0.15441656210790464 0.03160993560257581 0.022258469259723957
1 0.4979760809567617 0.15580928481806777 0.040791168353265794 0.019473023839397738
1 0.4485188592456302 0.15580928481806777 0.029567617295308175 0.019473023839397738
1 0.4184360625574977 0.15583437892095356 0.0407911683532659 0.025094102885821815
1 0.3909015639374425 0.1551129234629862 0.026513339466421388 0.02086574654956085
1 0.36132934682612694 0.1551129234629862 0.044866605335786555 0.018080301129234644
1 0.3006531738730451 0.1537202007528231 0.043845446182152685 0.020865746549560867
