1 0.29736328125 0.8610026041666666 0.03125 0.08658854166666667
1 0.30419921875 0.9156901041666666 0.02001953125 0.037760416666666664
1 0.741455078125 0.8082682291666666 0.02099609375 0.040364583333333336
1 0.73291015625 0.7578125 0.029296875 0.087890625
1 0.711669921875 0.6041666666666666 0.0283203125 0.0859375
1 0.706298828125 0.5520833333333334 0.02001953125 0.0390625
1 0.68310546875 0.3736979166666667 0.02197265625 0.06315104166666667
1 0.64990234375 0.126953125 0.025390625 0.080078125
0 0.514404296875 0.20377604166666666 0.05419921875 0.08268229166666667
1 0.64306640625 0.07421875 0.0205078125 0.04296875
0 0.19921875 0.3056640625 0.0654296875 0.08268229166666667
0 0.26416015625 0.7861328125 0.0595703125 0.07877604166666667
0 0.52392578125 0.8196614583333334 0.04833984375 0.08138020833333333
0 0.586669921875 0.7796223958333334 0.06689453125 0.080078125
0 0.577392578125 0.7067057291666666 0.06982421875 0.07747395833333333
0 0.447509765625 0.3385416666666667 0.05615234375 0.07877604166666667
0 0.525634765625 0.3193359375 0.06005859375 0.08658854166666667
0 0.576416015625 0.3763020833333333 0.0634765625 0.07552083333333333
0 0.692626953125 0.26953125 0.07373046875 0.09114583333333333
0 0.57958984375 0.294921875 0.0654296875 0.08919270833333333
1 0.200927734375 0.15787760416666666 0.0263671875 0.080078125
1 0.208251953125 0.22037760416666666 0.0302734375 0.06705729166666667
1 0.236572265625 0.3938802083333333 0.0283203125 0.08072916666666667
1 0.240966796875 0.44140625 0.02099609375 0.040364583333333336
1 0.261962890625 0.6279296875 0.03076171875 0.08333333333333333
1 0.27490234375 0.6956380208333334 0.02587890625 0.08268229166666667
