1 0.7314453125 0.17122395833333334 0.0625 0.02734375
1 0.77294921875 0.17057291666666666 0.02587890625 0.020833333333333332
1 0.76953125 0.763671875 0.02783203125 0.022135416666666668
1 0.73095703125 0.7610677083333334 0.0634765625 0.024739583333333332
1 0.61376953125 0.759765625 0.0625 0.0234375
1 0.57421875 0.76171875 0.02685546875 0.020833333333333332
1 0.4384765625 0.7623697916666666 0.04541015625 0.018880208333333332
1 0.25048828125 0.76171875 0.05810546875 0.020833333333333332
0 0.28369140625 0.5703125 0.05517578125 0.060546875
1 0.21044921875 0.76171875 0.02978515625 0.020833333333333332
0 0.30419921875 0.138671875 0.052734375 0.076171875
0 0.67041015625 0.140625 0.05078125 0.06901041666666667
0 0.740234375 0.4759114583333333 0.05517578125 0.052734375
0 0.7216796875 0.5651041666666666 0.05078125 0.07877604166666667
0 0.666015625 0.5657552083333334 0.0478515625 0.08333333333333333
0 0.37158203125 0.458984375 0.0517578125 0.06380208333333333
0 0.37109375 0.5651041666666666 0.05712890625 0.06770833333333333
0 0.421875 0.6217447916666666 0.0478515625 0.07486979166666667
0 0.36328125 0.79296875 0.05810546875 0.0859375
0 0.3623046875 0.6399739583333334 0.05810546875 0.07486979166666667
1 0.1953125 0.16666666666666666 0.05810546875 0.022135416666666668
1 0.24267578125 0.16536458333333334 0.046875 0.029947916666666668
1 0.3759765625 0.17252604166666666 0.05810546875 0.024739583333333332
1 0.41162109375 0.169921875 0.02783203125 0.022135416666666668
1 0.55322265625 0.16536458333333334 0.06005859375 0.02734375
1 0.60546875 0.17057291666666666 0.06005859375 0.020833333333333332
