1 0.65966796875 0.1025390625 0.06591796875 0.048177083333333336
1 0.69970703125 0.08756510416666667 0.02880859375 0.029296875
1 0.8115234375 0.6617838541666666 0.03125 0.03125
1 0.773681640625 0.6725260416666666 0.06591796875 0.045572916666666664
1 0.660400390625 0.7115885416666666 0.06494140625 0.044270833333333336
1 0.62255859375 0.7272135416666666 0.02978515625 0.029296875
1 0.491455078125 0.7747395833333334 0.04736328125 0.033854166666666664
1 0.309814453125 0.8388671875 0.06005859375 0.040364583333333336
0 0.3046875 0.642578125 0.06494140625 0.07747395833333333
1 0.271240234375 0.8528645833333334 0.03271484375 0.030598958333333332
0 0.24072265625 0.21842447916666666 0.06591796875 0.091796875
0 0.5947265625 0.09407552083333333 0.0625 0.083984375
0 0.727294921875 0.3938802083333333 0.0634765625 0.06966145833333333
0 0.726806640625 0.486328125 0.064453125 0.09375
0 0.673095703125 0.5061848958333334 0.0625 0.09700520833333333
0 0.367919921875 0.5045572916666666 0.0625 0.07942708333333333
0 0.38818359375 0.607421875 0.068359375 0.08528645833333333
0 0.4482421875 0.64453125 0.060546875 0.08854166666666667
0 0.4248046875 0.830078125 0.07275390625 0.10286458333333333
0 0.394287109375 0.6826171875 0.07080078125 0.09244791666666667
1 0.140869140625 0.283203125 0.060546875 0.041666666666666664
1 0.1865234375 0.265625 0.05126953125 0.044921875
1 0.316650390625 0.2265625 0.06103515625 0.044270833333333336
1 0.3505859375 0.21158854166666666 0.03125 0.03125
1 0.486572265625 0.15852864583333334 0.0634765625 0.046875
1 0.537841796875 0.1455078125 0.06201171875 0.041015625
