0 0.6045891141942369 0.17832167832167833 0.07043756670224119 0.0993006993006993
1 0.19957310565635006 0.2748251748251748 0.1718249733191035 0.08951048951048951
1 0.8196371398078975 0.2048951048951049 0.08964781216648879 0.08111888111888112
0 0.39381003201707576 0.5972027972027972 0.06937033084311633 0.1034965034965035
0 0.3303094983991462 0.7825174825174825 0.07150480256136606 0.08531468531468532
0 0.44770544290288156 0.7244755244755244 0.07150480256136606 0.1048951048951049
1 0.4967982924226254 0.23986013986013985 0.13127001067235858 0.08671328671328671
0 0.508537886872999 0.7804195804195804 0.07470651013874066 0.09090909090909091
0 0.4786552828175027 0.9195804195804196 0.07470651013874066 0.12167832167832168
0 0.615795090715048 0.2916083916083916 0.0768409818569904 0.0979020979020979
