0 0.24813233724653147 0.6139860139860139 0.08004268943436499 0.0979020979020979
1 0.3495197438633938 0.1027972027972028 0.08004268943436499 0.2055944055944056
1 0.2534685165421558 0.8972027972027972 0.0672358591248666 0.12167832167832168
0 0.5811099252934898 0.3685314685314685 0.08217716115261472 0.0965034965034965
0 0.7267876200640342 0.29790209790209793 0.06937033084311633 0.0979020979020979
0 0.6744930629669157 0.44685314685314687 0.08431163287086446 0.0993006993006993
1 0.3025613660618997 0.47762237762237764 0.07470651013874066 0.17622377622377622
0 0.7129135538954109 0.5307692307692308 0.0736392742796158 0.1034965034965035
0 0.8207043756670224 0.5013986013986014 0.09711846318036287 0.1048951048951049
0 0.3335112059765208 0.637062937062937 0.07897545357524013 0.1062937062937063
