0 0.6252668089647813 0.19186713286713286 0.06368196371398087 0.09179020979020978
1 0.21560298826040553 0.24124475524475525 0.16768409818569904 0.07093706293706298
1 0.8375240128068303 0.24262937062937065 0.08490928495197433 0.07093706293706298
0 0.3880629669156883 0.5847762237762237 0.06261472785485588 0.09595804195804197
0 0.31218249733191034 0.7621048951048951 0.06579509071504801 0.07788811188811197
0 0.43264140875133406 0.7176013986013985 0.06474919957310561 0.09735664335664329
1 0.5138313767342583 0.24054545454545456 0.12736392742796154 0.07233566433566438
0 0.48994663820704376 0.7801888111888112 0.06898612593383137 0.08345454545454556
0 0.45067769477054426 0.9150909090909091 0.06686232657417286 0.11404195804195799
0 0.6289807897545358 0.3059160839160839 0.07110992529348997 0.08900699300699298
