0 0.6291118421052632 0.6107344632768361 0.10526315789473684 0.07570621468926554
0 0.5452302631578947 0.6011299435028249 0.09375 0.06779661016949153
0 0.9547697368421053 0.5830508474576271 0.0756578947368421 0.0655367231638418
0 0.8478618421052632 0.5711864406779661 0.11019736842105263 0.06666666666666667
0 0.6570723684210527 0.48926553672316386 0.09868421052631579 0.07909604519774012
0 0.049342105263157895 0.5310734463276836 0.09868421052631579 0.0655367231638418
0 0.41036184210526316 0.3344632768361582 0.09046052631578948 0.07005649717514124
0 0.4300986842105263 0.28418079096045196 0.09868421052631579 0.05875706214689266
1 0.9087171052631579 0.711864406779661 0.05592105263157895 0.08135593220338982
1 0.9695723684210527 0.42994350282485877 0.06085526315789474 0.15028248587570622
0 0.12171052631578948 0.20677966101694914 0.11019736842105263 0.0711864406779661
1 0.12171052631578948 0.3655367231638418 0.0625 0.11073446327683616
1 0.05016447368421053 0.6401129943502825 0.0756578947368421 0.1423728813559322
0 0.5789473684210527 0.7418079096045198 0.09210526315789473 0.0576271186440678
