0 0.36332236842105264 0.607045197740113 0.09516447368421055 0.06258757062146897
0 0.36231085526315787 0.5479378531073447 0.08501644736842105 0.055627118644067816
0 0.23982730263157895 0.9116327683615819 0.10324013157894736 0.06536723163841798
0 0.45949013157894736 0.8379209039548023 0.08503289473684213 0.0737175141242938
0 0.4584703947368421 0.7482146892655367 0.08299342105263159 0.06675706214689257
0 0.5424835526315789 0.6042655367231639 0.10121710526315783 0.057028248587570655
0 0.37546875 0.19605649717514126 0.07896381578947367 0.06953672316384184
0 0.7216529605263158 0.41093785310734465 0.09110197368421051 0.051457627118644024
0 0.7965625 0.4151129943502825 0.07085526315789481 0.05980790960451972
1 0.2671628289473684 0.8135819209039549 0.1133717105263158 0.025039548022598963
1 0.6821792763157895 0.8121920903954802 0.21458881578947372 0.030598870056497092
0 0.8542598684210526 0.19327683615819208 0.08907894736842109 0.06675706214689264
1 0.627516447368421 0.221090395480226 0.15789473684210525 0.025028248587570596
1 0.22161184210526316 0.21970056497175142 0.2044736842105263 0.02780790960451979
0 0.16694901315789473 0.595225988700565 0.0708717105263158 0.055627118644067816
