0 0.32319078947368424 0.5740112994350283 0.10526315789473684 0.07570621468926554
0 0.40707236842105265 0.5847457627118644 0.09375 0.06779661016949153
0 0.033717105263157895 0.4711864406779661 0.06743421052631579 0.0655367231638418
0 0.13733552631578946 0.4853107344632768 0.11019736842105263 0.06666666666666667
0 0.35773026315789475 0.45310734463276836 0.09868421052631579 0.07909604519774012
0 0.9144736842105263 0.6367231638418079 0.11348684210526316 0.0655367231638418
0 0.6661184210526315 0.3655367231638418 0.09046052631578948 0.07005649717514124
0 0.6726973684210527 0.31412429378531076 0.09868421052631579 0.05875706214689266
1 0.018914473684210526 0.6022598870056497 0.03782894736842105 0.08135593220338982
1 0.08388157894736842 0.3220338983050847 0.0805921052631579 0.15028248587570622
0 0.9728618421052632 0.3135593220338983 0.054276315789473686 0.0711864406779661
1 0.921875 0.46214689265536724 0.0625 0.11073446327683616
1 0.8536184210526315 0.7372881355932204 0.0756578947368421 0.1423728813559322
0 0.3050986842105263 0.7090395480225988 0.09210526315789473 0.0576271186440678
