0 0.8730160550458715 0.38590277777777776 0.082683486238532 0.10708333333333335
0 0.4297419724770642 0.48186631944444447 0.06154816513761463 0.1154340277777778
0 0.3640538990825688 0.47839409722222226 0.058795871559633006 0.10571180555555554
0 0.3484288990825688 0.49926215277777775 0.06614678899082563 0.08623263888888882
0 0.11646215596330274 0.4012065972222223 0.05971330275229357 0.10432291666666672
1 0.8422419724770641 0.20370659722222223 0.022970183486238503 0.2739756944444445
1 0.03928325688073395 0.7023177083333334 0.024805045871559628 0.17244791666666673
1 0.03974770642201835 0.5110763888888888 0.025733944954128438 0.10708333333333325
0 0.40355504587155966 0.9095486111111111 0.07165137614678901 0.12795138888888896
0 0.8123853211009174 0.383125 0.082683486238532 0.10152777777777781
0 0.30020068807339445 0.6376475694444445 0.07258027522935778 0.08762152777777782
1 0.0406651376146789 0.27255208333333336 0.027568807339449546 0.28649305555555554
