1 0.3453892215568863 0.7843585131894485 0.10071856287425146 0.016678657074340627
1 0.7274101796407185 0.18769784172661869 0.3438023952095809 0.01947242206235013
1 0.19432634730538922 0.1897841726618705 0.3194910179640718 0.026426858513189475
0 0.4825748502994011 0.7092565947242206 0.13892215568862268 0.05841726618705039
0 0.33844311377245506 0.7043884892086332 0.13544910179640718 0.04589928057553953
0 0.23077844311377246 0.6967386091127099 0.10766467065868265 0.050071942446043155
0 0.3523353293413174 0.9088369304556354 0.1354491017964072 0.04868105515587519
0 0.4773652694610778 0.8080035971223022 0.1354491017964072 0.06675059952038379
0 0.803802395209581 0.5367925659472422 0.1146107784431137 0.05562350119904075
0 0.6058682634730539 0.548609112709832 0.1354491017964072 0.05146282973621098
0 0.3575449101796407 0.5367925659472422 0.13197604790419157 0.04727817745803351
0 0.2602994011976048 0.4895083932853717 0.13197604790419157 0.050071942446043155
0 0.524251497005988 0.2085611510791367 0.11113772455089822 0.050071942446043155
0 0.524251497005988 0.164052757793765 0.11113772455089822 0.04729016786570743
1 0.7204640718562874 0.7864448441247004 0.29517964071856295 0.020851318944844245
