0 0.8425479616306956 0.3470281124497992 0.06893285371702638 0.09317269076305217
1 0.010389688249400479 0.40823293172690767 0.020779376498800958 0.24895582329317273
1 0.010389688249400479 0.11406626506024098 0.020779376498800958 0.0973694779116466
0 0.1632074340527578 0.15579317269076304 0.06394484412470022 0.09178714859437753
0 0.28611510791366906 0.24967871485943777 0.05563549160671463 0.10987951807228913
0 0.22798561151079136 0.5104518072289156 0.06561151079136694 0.09736947791164655
0 0.2267326139088729 0.6251907630522088 0.06145083932853717 0.09873493975903606
0 0.3355335731414868 0.8630220883534137 0.05979616306954437 0.1182128514056225
1 0.01080335731414868 0.7100401606425703 0.02160671462829736 0.2600803212851405
0 0.33636091127098317 0.9457730923694779 0.05979616306954437 0.10014056224899599
1 0.8155575539568345 0.18985943775100397 0.02159472422062349 0.2378313253012048
0 0.7914628297362111 0.34772088353413655 0.06976019184652286 0.08901606425702809
