0 0.21451020408163268 0.8456719367588933 0.04308163265306125 0.055638998682476966
0 0.2031938775510204 0.9047826086956521 0.03985714285714286 0.07093544137022387
0 0.5705102040816327 0.23996706192358366 0.04416326530612242 0.048682476943346494
0 0.052928571428571436 0.044565217391304354 0.03877551020408164 0.06119894598155468
0 0.708392857142857 0.16417654808959156 0.035540816326530535 0.04450592885375494
0 0.07824489795918368 0.13357048748353095 0.03985714285714286 0.05006587615283267
0 0.048627551020408166 0.16764822134387353 0.03231632653061225 0.05144927536231886
0 0.18649999999999997 0.16625823451910407 0.045244897959183704 0.05146245059288538
0 0.2721377551020408 0.17529644268774705 0.037704081632653076 0.05006587615283267
0 0.23551530612244898 0.26083662714097494 0.031234693877551033 0.048682476943346494
0 0.2624438775510204 0.2615349143610013 0.031234693877551033 0.0417259552042161
0 0.7116275510204082 0.2434453227931489 0.04201020408163273 0.05284584980237156
0 0.31091836734693884 0.22119235836627144 0.0398571428571428 0.0417259552042161
0 0.31307142857142856 0.25596179183135703 0.0355510204081633 0.0417259552042161
0 0.3373061224489796 0.3477602108036891 0.03230612244897956 0.055625823451910444
1 0.7353214285714286 0.06542160737812912 0.061397959183673544 0.027812911725955205
1 0.6222193877551021 0.06472990777338604 0.06570408163265316 0.02642951251646904
1 0.9405255102040816 0.2017193675889328 0.025846938775510128 0.1168247694334651
1 0.7924132653061225 0.4562384716732543 0.02262244897959191 0.08623188405797108
1 0.6938520408163265 0.5654281949934123 0.06462244897959177 0.03198945981554674
1 0.28937244897959186 0.8860079051383399 0.0678673469387755 0.030592885375494108
1 0.07770918367346939 0.7462318840579711 0.021540816326530626 0.09040843214756245
1 0.1999642857142857 0.5612516469038208 0.08725510204081632 0.029196310935441328
1 0.30121938775510204 0.4249538866930171 0.016153061224489836 0.10152832674571798
1 0.08632653061224489 0.4013109354413702 0.02369387755102041 0.11266139657444003
1 0.013071428571428574 0.23093544137022398 0.019387755102040816 0.05006587615283267
1 0.012535714285714285 0.13704874835309616 0.022622448979591838 0.06814229249011858
1 0.40732142857142856 0.32689723320158104 0.05817346938775509 0.016693017127799758
1 0.4423316326530612 0.2823913043478261 0.022622448979591796 0.09458498023715417
1 0.44179591836734694 0.19894598155467721 0.019387755102040816 0.0945718050065876
1 0.44233163265306125 0.11409749670619235 0.016153061224489836 0.09457180500658761
1 0.40570918367346936 0.06055335968379447 0.06570408163265305 0.02642951251646904
1 0.3480765306122449 0.06333333333333334 0.06678571428571434 0.02642951251646904
1 0.2462857142857143 0.06264163372859025 0.046326530612244905 0.02504611330698288
1 0.14071938775510204 0.06264163372859025 0.05062244897959185 0.03337285902503294
0 0.7816377551020408 0.2775230566534914 0.04201020408163273 0.04866930171277997
0 0.7579438775510203 0.2976877470355731 0.03339795918367349 0.05284584980237156
0 0.3674693877551021 0.347068511198946 0.03446938775510201 0.05980237154150196
0 0.18649999999999997 0.7712648221343875 0.045244897959183704 0.05981554677206863
0 0.10732653061224491 0.7719565217391304 0.04416326530612245 0.055638998682476966
