0 0.17091836734693877 0.2259552042160738 0.05204081632653061 0.06719367588932806
0 0.1239795918367347 0.2259552042160738 0.06326530612244897 0.06719367588932806
0 0.7127551020408164 0.5250329380764164 0.04693877551020408 0.06719367588932806
0 0.8030612244897959 0.6798418972332015 0.04183673469387755 0.05533596837944664
0 0.6744897959183673 0.030303030303030304 0.04897959183673469 0.06060606060606061
0 0.6887755102040817 0.13570487483530963 0.04693877551020408 0.05928853754940711
0 0.6158163265306122 0.11133069828722003 0.04387755102040816 0.05138339920948617
0 0.621938775510204 0.1442687747035573 0.03979591836734694 0.05006587615283267
0 0.7438775510204082 0.7035573122529645 0.05 0.06455862977602109
0 0.6637755102040817 0.1956521739130435 0.04081632653061224 0.06060606060606061
0 0.6377551020408163 0.20685111989459815 0.04081632653061224 0.05533596837944664
0 0.575 0.2595520421607378 0.04897959183673469 0.05401844532279315
1 0.8836734693877552 0.6897233201581028 0.03571428571428571 0.08300395256916997
1 0.8566326530612245 0.5480895915678524 0.03571428571428571 0.08827404479578392
1 0.6035714285714285 0.8557312252964426 0.06938775510204082 0.048748353096179184
1 0.49795918367346936 0.758893280632411 0.03979591836734694 0.08827404479578392
1 0.1586734693877551 0.32938076416337286 0.03979591836734694 0.09354413702239789
1 0.3816326530612245 0.13899868247694336 0.04285714285714286 0.11725955204216074
1 0.5081632653061224 0.23254281949934125 0.08061224489795918 0.04479578392621871
1 0.6076530612244898 0.34189723320158105 0.026530612244897958 0.0764163372859025
1 0.6494897959183673 0.37549407114624506 0.07653061224489796 0.05138339920948617
1 0.7122448979591837 0.3544137022397892 0.07551020408163266 0.04743083003952569
1 0.7760204081632653 0.3346508563899868 0.07551020408163266 0.043478260869565216
1 0.8071428571428572 0.2753623188405797 0.03571428571428571 0.08827404479578392
1 0.7913265306122449 0.20355731225296442 0.03571428571428571 0.08959156785243742
1 0.7673469387755102 0.0764163372859025 0.02959183673469388 0.06324110671936758
0 0.7357142857142858 0.7990777338603425 0.04693877551020408 0.06455862977602109
0 0.7142857142857143 0.7747035573122529 0.04795918367346939 0.05533596837944664
0 0.5826530612244898 0.2971014492753623 0.053061224489795916 0.057971014492753624
0 0.22040816326530613 0.1732542819499341 0.05510204081632653 0.07114624505928854
0 0.20357142857142857 0.09090909090909091 0.04591836734693878 0.034255599472990776
