1 0.28356583072100316 0.04034400948991697 0.10750783699059566 0.038932384341637004
0 0.7416144200626958 0.7531376037959667 0.04410658307210029 0.05424673784104391
0 0.8840399686520377 0.7274080664294187 0.044098746081504686 0.08345195729537355
0 0.8335031347962382 0.33728351126927636 0.042272727272727316 0.0764887307236062
0 0.781128526645768 0.33728351126927636 0.042272727272727316 0.07371293001186238
0 0.7898550156739811 0.5313048635824437 0.043189655172413716 0.0667615658362989
0 0.7356426332288402 0.48679715302491106 0.05421630094043892 0.06953736654804271
0 0.6455956112852665 0.4360379596678529 0.048699059561128605 0.09596678529062869
0 0.6437578369905956 0.3664887307236062 0.04502351097178687 0.09319098457888488
0 0.3988832288401254 0.8838790035587187 0.05329937304075234 0.10986951364175551
0 0.4296669278996865 0.709329774614472 0.04502351097178687 0.07510083036773421
0 0.3671786833855799 0.6759489916963227 0.048699059561128515 0.07787663107947816
0 0.2477311912225705 0.27539145907473306 0.07809561128526644 0.08345195729537369
0 0.19581504702194358 0.2795670225385528 0.07717868338557995 0.08345195729537369
1 0.7085384012539185 0.8428469750889681 0.04594827586206905 0.03338078291814958
1 0.8665791536050158 0.8463226571767497 0.08637147335423201 0.03755634638196925
1 0.8831191222570532 0.03965005931198102 0.11026645768025065 0.037544483985765126
1 0.6759208463949844 0.26774614472123365 0.022970219435736634 0.15437722419928823
1 0.6070062695924765 0.49166666666666664 0.02664576802507837 0.15438908659549228
1 0.3639655172413793 0.8449347568208778 0.031238244514106592 0.03198102016607359
1 0.23532915360501566 0.8497983392645314 0.08086206896551727 0.03615658362989326
1 0.17927507836990594 0.8484104389086596 0.042264890282131665 0.03338078291814958
1 0.15079153605015674 0.48053973902728353 0.031238244514106592 0.13768683274021346
1 0.4521747648902821 0.03965005931198102 0.04043103448275856 0.03199288256227758
1 0.22108542319749216 0.11544483985765124 0.035838557993730424 0.11404507710557531
