1 0.22923197492163008 0.8879003558718861 0.04075235109717868 0.166073546856465
0 0.6320532915360502 0.10260972716488731 0.041536050156739814 0.07354685646500593
0 0.34913793103448276 0.04092526690391459 0.052507836990595615 0.03795966785290629
0 0.35462382445141066 0.10142348754448399 0.054075235109717866 0.07354685646500593
0 0.4800156739811912 0.06109134045077105 0.0493730407523511 0.07354685646500593
0 0.4588557993730408 0.14887307236061684 0.05329153605015674 0.09134045077105575
0 0.4376959247648903 0.29062870699881377 0.06974921630094044 0.08659549228944247
0 0.3926332288401254 0.30308422301304866 0.06739811912225706 0.07947805456702253
0 0.765282131661442 0.597864768683274 0.07993730407523511 0.09489916963226572
0 0.646551724137931 0.5759193357058126 0.054858934169279 0.0771055753262159
0 0.6336206896551724 0.6743772241992882 0.05799373040752351 0.08422301304863583
0 0.3879310344827586 0.9092526690391459 0.06504702194357367 0.12930011862396204
0 0.3969435736677116 0.9608540925266904 0.06347962382445141 0.07829181494661921
1 0.695141065830721 0.13997627520759193 0.02821316614420063 0.07354685646500593
1 0.3232758620689655 0.26868327402135234 0.1042319749216301 0.05575326215895611
1 0.47962382445141066 0.34104389086595494 0.1042319749216301 0.06168446026097272
1 0.7449059561128527 0.6559905100830368 0.025078369905956112 0.051008303677342826
1 0.7656739811912225 0.8475682087781732 0.034482758620689655 0.1257413997627521
1 0.7711598746081505 0.9234875444839857 0.02586206896551724 0.05219454329774614
1 0.20572100313479624 0.6358244365361803 0.02664576802507837 0.06524317912218268
1 0.2872257053291536 0.9679715302491103 0.07915360501567398 0.06405693950177936
