1 0.7746865203761756 0.11862396204033215 0.11050156739811912 0.07236061684460261
0 0.22884012539184953 0.6714116251482799 0.050156739811912224 0.06761565836298933
0 0.0932601880877743 0.6014234875444839 0.054075235109717866 0.09489916963226572
0 0.1963166144200627 0.23606168446026096 0.05172413793103448 0.08778173190984578
0 0.2476489028213166 0.2526690391459075 0.05172413793103448 0.08540925266903915
0 0.21199059561128528 0.4395017793594306 0.050940438871473356 0.07829181494661921
0 0.27155172413793105 0.41340450771055753 0.06269592476489028 0.08540925266903915
0 0.36637931034482757 0.3914590747330961 0.0603448275862069 0.10913404507710557
0 0.3777429467084639 0.32443653618030843 0.05642633228840126 0.1055753262158956
0 0.5462382445141066 0.9074733096085409 0.06739811912225706 0.12455516014234876
0 0.5399686520376176 0.727164887307236 0.054075235109717866 0.08659549228944247
0 0.6057993730407524 0.7141162514827996 0.05799373040752351 0.09134045077105575
0 0.7778213166144201 0.3594306049822064 0.0877742946708464 0.1055753262158956
0 0.8275862068965517 0.37959667852906287 0.08620689655172414 0.1055753262158956
1 0.24882445141065831 0.7698695136417556 0.050156739811912224 0.04744958481613286
1 0.09365203761755486 0.7236061684460261 0.08934169278996865 0.06405693950177936
1 0.359717868338558 0.21708185053380782 0.04310344827586207 0.15776986951364175
1 0.39655172413793105 0.45848161328588377 0.047021943573667714 0.15895610913404506
1 0.585423197492163 0.8801897983392646 0.03526645768025078 0.04151838671411625
1 0.7108150470219435 0.9252669039145908 0.08385579937304075 0.060498220640569395
1 0.7656739811912225 0.9412811387900356 0.04623824451410658 0.046263345195729534
1 0.8440438871473355 0.5907473309608541 0.0493730407523511 0.14472123368920523
1 0.6101097178683386 0.06465005931198102 0.0438871473354232 0.04389086595492289
1 0.825626959247649 0.2117437722419929 0.050940438871473356 0.1221826809015421
