0 0.510009765625 0.4514973958333333 0.04541015625 0.06770833333333333
1 0.357666015625 0.8919270833333334 0.201171875 0.07682291666666667
1 0.504638671875 0.8955078125 0.05517578125 0.059244791666666664
1 0.482177734375 0.7041015625 0.0263671875 0.09505208333333333
0 0.4619140625 0.4156901041666667 0.07861328125 0.09635416666666667
0 0.464111328125 0.6240234375 0.064453125 0.07877604166666667
0 0.214599609375 0.85546875 0.0537109375 0.09309895833333333
0 0.552978515625 0.453125 0.0478515625 0.07486979166666667
0 0.613037109375 0.4518229166666667 0.05908203125 0.09440104166666667
0 0.629638671875 0.5185546875 0.05712890625 0.06510416666666667
0 0.749755859375 0.3391927083333333 0.09033203125 0.13802083333333334
0 0.639892578125 0.2545572916666667 0.0478515625 0.08463541666666667
