0 0.537841796875 0.5009765625 0.05859375 0.07291666666666667
1 0.180419921875 0.4104817708333333 0.09765625 0.2760416666666667
1 0.21337890625 0.6015625 0.0546875 0.08333333333333333
1 0.34716796875 0.5263671875 0.07470703125 0.053385416666666664
0 0.552001953125 0.4306640625 0.08642578125 0.12174479166666667
0 0.40087890625 0.4837239583333333 0.07080078125 0.099609375
0 0.17236328125 0.216796875 0.0791015625 0.08919270833333333
0 0.546875 0.5569661458333334 0.064453125 0.07747395833333333
0 0.562255859375 0.6344401041666666 0.0810546875 0.09635416666666667
0 0.517822265625 0.6722005208333334 0.05908203125 0.08723958333333333
0 0.677490234375 0.7841796875 0.119140625 0.14518229166666666
0 0.71240234375 0.6217447916666666 0.0712890625 0.07942708333333333
