0 0.666767640769779 0.8171223470661673 0.039707769066286557 0.08483146067415737
1 0.8136671418389166 0.6731710362047442 0.011111903064861116 0.2587016229712859
1 0.8132679971489666 0.30808364544319605 0.015089094796863914 0.2545193508114857
0 0.5794226657163222 0.6321410736579276 0.0555808980755524 0.1098751560549314
0 0.5798218104062722 0.5438264669163545 0.056379187455452534 0.1057053682896379
0 0.6612116892373485 0.5445193508114857 0.05240199572344974 0.08204744069912613
0 0.6639914468995011 0.3859675405742821 0.056379187455452534 0.09041198501872653
0 0.5714825374198147 0.30460674157303375 0.038118317890235225 0.08344569288389517
0 0.2697469707769066 0.38179151061173533 0.05240912330719884 0.10153558052434462
0 0.22289736279401282 0.3783146067415731 0.061931575196008545 0.09735330836454434
