0 0.6789023521026372 0.795880149812734 0.043478260869565216 0.0898876404494382
1 0.819672131147541 0.634207240948814 0.021382751247327157 0.2596754057428215
1 0.804704205274412 0.2702871410736579 0.024946543121881683 0.25593008739076156
0 0.5844618674269423 0.6223470661672909 0.05987170349251604 0.11610486891385768
0 0.5812544547398432 0.5337078651685393 0.06058446186742694 0.11235955056179775
0 0.6625089094796864 0.5243445692883895 0.05559515324305061 0.08863920099875156
0 0.6589451176051319 0.365792759051186 0.05987170349251604 0.09612983770287141
0 0.5637918745545261 0.2965043695380774 0.041339985744832504 0.08863920099875156
0 0.2655024946543122 0.4107365792759051 0.05630791161796151 0.10736579275905118
0 0.21846044191019245 0.4126092384519351 0.06557377049180328 0.10486891385767791
