0 0.9724489795918367 0.46710526315789475 0.05510204081632653 0.07368421052631578
0 0.8704081632653061 0.47828947368421054 0.11020408163265306 0.06973684210526315
0 0.8959183673469387 0.33289473684210524 0.11020408163265306 0.05789473684210526
1 0.17653061224489797 0.35328947368421054 0.0673469387755102 0.13815789473684212
1 0.1540816326530612 0.5927631578947369 0.06326530612244897 0.14210526315789473
1 0.9877551020408163 0.2565789473684211 0.024489795918367346 0.034210526315789476
0 0.11836734693877551 0.4855263157894737 0.12244897959183673 0.06315789473684211
0 0.20510204081632652 0.4901315789473684 0.11836734693877551 0.07368421052631578
0 0.5816326530612245 0.31973684210526315 0.09795918367346938 0.06184210526315789
1 0.7418367346938776 0.24736842105263157 0.0673469387755102 0.02763157894736842
1 0.6469387755102041 0.24210526315789474 0.05510204081632653 0.02894736842105263
0 0.7204081632653061 0.43355263157894736 0.10612244897959183 0.05394736842105263
0 0.8326530612244898 0.5631578947368421 0.10612244897959183 0.075
