0 0.41690816326530616 0.8184473684210526 0.11002040816326523 0.06257894736842098
0 0.44063265306122446 0.7370855263157895 0.10138775510204083 0.06675000000000002
0 0.44170408163265307 0.9060657894736842 0.09491836734693876 0.08484210526315791
0 0.31767346938775515 0.9081578947368422 0.0841224489795919 0.08344736842105273
0 0.21413265306122448 0.7426447368421052 0.08414285714285712 0.06676315789473686
1 0.2961122448979592 0.2815921052631579 0.20924489795918372 0.034763157894736864
1 0.6671428571428571 0.284375 0.21787755102040815 0.03198684210526316
1 0.732938775510204 0.885203947368421 0.22004081632653047 0.04032894736842117
1 0.09117346938775511 0.824703947368421 0.049612244897959186 0.06675000000000002
0 0.5042755102040817 0.25307894736842107 0.09059183673469391 0.07510526315789472
0 0.5053469387755102 0.31009868421052633 0.10571428571428568 0.07232894736842109
0 0.21520408163265306 0.5402828947368421 0.0906122448979592 0.05980263157894743
1 0.09224489795918367 0.6383355263157895 0.03881632653061224 0.041723684210526364
1 0.09117346938775511 0.5764407894736842 0.04100000000000001 0.03477631578947362
0 0.38131632653061226 0.6369473684210526 0.07765306122448982 0.06397368421052632
0 0.5743775510204081 0.7183092105263157 0.11002040816326523 0.06259210526315781
