0 0.9714285714285714 0.4986842105263158 0.05714285714285714 0.07631578947368421
0 0.8724489795918368 0.4967105263157895 0.12040816326530612 0.07631578947368421
0 0.9204081632653062 0.6394736842105263 0.11632653061224489 0.06447368421052632
1 0.20204081632653062 0.6677631578947368 0.08775510204081632 0.1394736842105263
1 0.14183673469387756 0.4309210526315789 0.08571428571428572 0.14473684210526316
0 0.12244897959183673 0.5401315789473684 0.1306122448979592 0.06973684210526315
0 0.20918367346938777 0.5296052631578947 0.12857142857142856 0.08026315789473684
0 0.6112244897959184 0.6736842105263158 0.10612244897959183 0.06710526315789474
1 0.7816326530612245 0.7348684210526316 0.07142857142857142 0.031578947368421054
1 0.6877551020408164 0.7467105263157895 0.05918367346938776 0.031578947368421054
0 0.7295918367346939 0.5513157894736842 0.11224489795918367 0.060526315789473685
0 0.8204081632653061 0.4144736842105263 0.11632653061224489 0.08157894736842106
