1 0.711875 0.28973277074542897 0.15 0.06751054852320675
1 0.48875 0.2651195499296765 0.1175 0.06188466947960619
1 0.170625 0.2440225035161744 0.21 0.0759493670886076
0 0.648125 0.7672292545710268 0.08 0.08860759493670886
0 0.626875 0.6751054852320675 0.0925 0.11392405063291139
0 0.44125 0.7376933895921237 0.0925 0.10267229254571027
0 0.380625 0.909985935302391 0.1 0.1209563994374121
0 0.388125 0.8227848101265823 0.1 0.12658227848101267
0 0.315 0.30028129395218 0.105 0.12658227848101267
0 0.321875 0.2039381153305204 0.10375 0.1279887482419128
