1 0.6953 0.269817158931083 0.1458500000000001 0.052855133614627264
1 0.47033125 0.2670323488045007 0.11371250000000004 0.05007032348804504
1 0.1520375 0.27677215189873416 0.20642499999999997 0.05562587904360058
0 0.66810625 0.7517369901547117 0.07416249999999998 0.08206751054852315
0 0.64029375 0.6620323488045007 0.08528750000000002 0.10569620253164554
0 0.45982500000000004 0.7427004219409282 0.08530000000000001 0.09457102672292547
0 0.4122375 0.9200281293952179 0.09147500000000008 0.11265822784810114
0 0.413475 0.8324050632911392 0.09147500000000008 0.11822784810126574
0 0.29975625 0.3191912798874824 0.0964125 0.11821378340365679
0 0.2991375 0.22253164556962024 0.09517499999999998 0.119606188466948
