1 0.64375 0.22644163150492264 0.15375 0.08860759493670886
1 0.425 0.2805907172995781 0.12125 0.07876230661040788
1 0.11625 0.37060478199718705 0.2125 0.10689170182841069
0 0.714375 0.7025316455696202 0.08875 0.09845288326300984
0 0.66875 0.6223628691983122 0.10375 0.12376933895921238
0 0.509375 0.7468354430379747 0.10125 0.11392405063291139
0 0.49875 0.9310829817158931 0.11125 0.13220815752461323
0 0.4825 0.8459915611814346 0.1125 0.13783403656821377
0 0.26875 0.3748241912798875 0.1175 0.13924050632911392
0 0.24875 0.279887482419128 0.11625 0.14064697609001406
