0 0.757847533632287 0.5685483870967742 0.04185351270553064 0.11021505376344086
0 0.7428998505231689 0.5833333333333334 0.0343796711509716 0.0913978494623656
0 0.6128550074738416 0.4220430107526882 0.05530642750373692 0.07795698924731183
0 0.5127055306427504 0.030913978494623656 0.05680119581464873 0.06182795698924731
0 0.45739910313901344 0.4489247311827957 0.05680119581464873 0.06989247311827956
0 0.40956651718983555 0.45161290322580644 0.05680119581464873 0.08064516129032258
0 0.5717488789237668 0.7123655913978495 0.0343796711509716 0.08333333333333333
0 0.5582959641255605 0.885752688172043 0.05680119581464873 0.07526881720430108
0 0.5127055306427504 0.8306451612903226 0.04484304932735426 0.10215053763440861
1 0.6150971599402093 0.021505376344086023 0.11509715994020926 0.043010752688172046
1 0.43871449925261585 0.04032258064516129 0.11061285500747384 0.07795698924731183
1 0.328101644245142 0.6263440860215054 0.05082212257100149 0.22580645161290322
