0 0.23916292974588937 0.5040322580645161 0.04932735426008968 0.11827956989247312
0 0.2526158445440957 0.521505376344086 0.04035874439461883 0.0967741935483871
0 0.39461883408071746 0.3951612903225806 0.059790732436472344 0.08870967741935484
0 0.523168908819133 0.033602150537634407 0.059790732436472344 0.06720430107526881
0 0.546337817638266 0.4596774193548387 0.059790732436472344 0.08064516129032258
0 0.593423019431988 0.47580645161290325 0.059790732436472344 0.0913978494623656
0 0.4125560538116592 0.6922043010752689 0.03886397608370702 0.08870967741935484
0 0.4118086696562033 0.8682795698924731 0.061285500747384154 0.08602150537634409
0 0.4618834080717489 0.8239247311827957 0.05082212257100149 0.10752688172043011
1 0.42376681614349776 0.016129032258064516 0.11509715994020926 0.03225806451612903
1 0.5964125560538116 0.05913978494623656 0.11210762331838565 0.10483870967741936
1 0.6606875934230194 0.668010752688172 0.06726457399103139 0.23118279569892472
