0 0.12257847533632286 0.913763440860215 0.055680119581464876 0.09456989247311814
0 0.43463378176382655 0.9541129032258063 0.05799701046337811 0.06397849462365579
0 0.42805680119581463 0.9262903225806451 0.04795216741405088 0.052849462365591314
0 0.5316890881913303 0.710013440860215 0.037130044843049374 0.09319892473118276
0 0.769118086696562 0.5744086021505377 0.05258594917787744 0.09736559139784953
0 0.532847533632287 0.4290591397849462 0.033258594917787744 0.09596774193548384
0 0.5359417040358745 0.34283602150537634 0.03944693572496261 0.09319892473118284
0 0.37547085201793723 0.6056989247311828 0.04331838565022424 0.05424731182795701
0 0.2803437967115097 0.5646774193548387 0.035575485799701066 0.09736559139784953
0 0.31591928251121076 0.48748655913978495 0.05258594917787744 0.07094086021505373
1 0.13649476831091184 0.649502688172043 0.0340358744394619 0.23088709677419358
1 0.7598355754857997 0.7586827956989248 0.027832585949177886 0.2016666666666666
1 0.7609940209267564 0.43880376344086025 0.033258594917787744 0.1933064516129032
1 0.4485500747384155 0.1794220430107527 0.12295964125560536 0.06954301075268818
1 0.13650224215246637 0.35466397849462367 0.035575485799701066 0.2308870967741935
