0 0.6056351236146632 0.8136291309669523 0.06199488491048596 0.09457772337821295
1 0.16535805626598465 0.2023623011015912 0.028090366581415165 0.24061199510403916
1 0.8957672634271099 0.20861689106487147 0.024219948849104736 0.2030599755201958
1 0.8967348678601874 0.4839963280293757 0.03002557544757016 0.19193390452876372
1 0.8972165387894288 0.7385189718482252 0.02324808184143221 0.10014687882496932
0 0.13919863597612958 0.3567441860465116 0.06878090366581416 0.08205630354957155
0 0.1881202046035806 0.36230722154222766 0.07168797953964197 0.09318237454100367
0 0.6608525149190111 0.29067319461444313 0.06975277067348673 0.09179926560587519
0 0.6637595907928389 0.5104283965728275 0.06199488491048596 0.08900856793145658
0 0.6177450980392157 0.6216952264381885 0.0590878090366581 0.07788249694002447
0 0.605153452685422 0.8970746634026927 0.0590878090366581 0.09735618115055075
