0 0.3981244671781756 0.8157894736842105 0.06308610400682012 0.09547123623011015
1 0.8307757885763001 0.19400244798041616 0.030690537084398978 0.2423500611995104
1 0.1010230179028133 0.21848225214198286 0.026427962489343565 0.20318237454100369
1 0.10315430520034101 0.4938800489596083 0.03239556692242114 0.193390452876377
1 0.10571184995737426 0.7484700122399021 0.023870417732310314 0.1003671970624235
0 0.8589087809036658 0.34761321909424725 0.06990622335890878 0.0832313341493268
0 0.8103154305200341 0.3543451652386781 0.07246376811594203 0.09424724602203183
0 0.33674339300937767 0.29498164014687883 0.07075873827791987 0.09302325581395349
0 0.33631713554987214 0.51468788249694 0.06308610400682012 0.09057527539779682
0 0.38405797101449274 0.6248470012239902 0.059676044330775786 0.0795593635250918
0 0.39940323955669227 0.8996328029375765 0.059676044330775786 0.09914320685434516
