1 0.6682825484764543 0.07809983896940419 0.038781163434903045 0.1320450885668277
1 0.7693905817174516 0.9412238325281803 0.03185595567867036 0.10466988727858294
1 0.7181440443213296 0.7085346215780999 0.027700831024930747 0.10305958132045089
1 0.7617728531855956 0.5966183574879227 0.07340720221606649 0.09339774557165861
1 0.7991689750692521 0.464573268921095 0.036011080332409975 0.19001610305958133
1 0.29085872576177285 0.15056360708534622 0.0332409972299169 0.08695652173913043
1 0.2451523545706371 0.3687600644122383 0.03185595567867036 0.1111111111111111
1 0.2195290858725762 0.7375201288244766 0.037396121883656507 0.14653784219001612
1 0.21121883656509696 0.9025764895330113 0.03462603878116344 0.15136876006441224
0 0.6267313019390581 0.9927536231884058 0.05124653739612189 0.014492753623188406
0 0.6745152354570637 0.8743961352657005 0.054016620498614956 0.07890499194847021
0 0.7361495844875346 0.8075684380032206 0.062326869806094184 0.0644122383252818
0 0.6862880886426593 0.8027375201288245 0.0664819944598338 0.061191626409017714
0 0.5297783933518005 0.8164251207729468 0.0443213296398892 0.0644122383252818
0 0.43005540166204986 0.8542673107890499 0.05955678670360111 0.07085346215780998
0 0.3898891966759003 0.678743961352657 0.06509695290858726 0.06602254428341385
0 0.296398891966759 0.5056360708534622 0.05955678670360111 0.07407407407407407
0 0.21191135734072022 0.4975845410628019 0.07063711911357341 0.06924315619967794
0 0.15581717451523547 0.5136876006441223 0.05678670360110803 0.07407407407407407
0 0.48545706371191133 0.17310789049919484 0.06371191135734072 0.06602254428341385
0 0.6869806094182825 0.1892109500805153 0.06925207756232687 0.06280193236714976
