1 0.8983795013850415 0.3344847020933977 0.16030470914127426 0.03476650563607081
1 0.058012465373961215 0.1550644122383253 0.04904432132963989 0.026425120772946856
1 0.13995152354570636 0.15714975845410628 0.0885180055401662 0.030595813204508857
1 0.3367382271468144 0.23295491143317235 0.08732686980609417 0.0264251207729469
1 0.4354293628808864 0.18983091787439613 0.07656509695290854 0.07927536231884058
1 0.5514681440443213 0.15507246376811595 0.16268698060941833 0.029210950080515274
1 0.9815166204986151 0.40472624798711754 0.022728531855955792 0.1390821256038647
1 0.7853324099722991 0.7670289855072464 0.07296398891966768 0.03199677938808374
1 0.5951315789473685 0.8045813204508856 0.09450138504155127 0.02919484702093397
1 0.2763296398891967 0.8080595813204509 0.12440443213296398 0.03338164251207723
1 0.1273961218836565 0.8066666666666666 0.14235457063711912 0.030595813204508857
0 0.06638504155124654 0.31709339774557166 0.04664819944598337 0.05840579710144925
0 0.191398891966759 0.27119967793880834 0.06459833795013849 0.05840579710144925
0 0.25300554016620497 0.20444444444444446 0.05144044321329638 0.06953301127214172
0 0.25359418282548474 0.262157809983897 0.047853185595567886 0.07371980676328498
0 0.23087257617728532 0.4436634460547504 0.05263157894736842 0.04729468599033817
0 0.19079639889196676 0.5563204508856683 0.05621883656509698 0.06397745571658618
0 0.33853185595567864 0.615426731078905 0.05263157894736838 0.07091787439613521
0 0.4808864265927978 0.7357407407407407 0.05980609418282542 0.06397745571658618
0 0.482084487534626 0.8337842190016103 0.055027700831024956 0.07648953301127215
0 0.4641412742382271 0.898462157809984 0.05980609418282542 0.061207729468599016
0 0.7799515235457064 0.5396296296296296 0.05264542936288087 0.06953301127214162
0 0.7799515235457064 0.3052737520128824 0.05023545706371189 0.07650563607085345
