0 0.5723514211886305 0.5420454545454545 0.09560723514211886 0.07727272727272727
0 0.7325581395348837 0.7125 0.07364341085271318 0.06477272727272727
0 0.10529715762273902 0.6 0.10077519379844961 0.07272727272727272
0 0.5387596899224806 0.2772727272727273 0.07751937984496124 0.07727272727272727
0 0.4702842377260982 0.3352272727272727 0.07622739018087855 0.07272727272727272
1 0.8727390180878553 0.5488636363636363 0.060723514211886306 0.12727272727272726
1 0.6492248062015504 0.8392045454545455 0.07622739018087855 0.045454545454545456
1 0.7945736434108527 0.16022727272727272 0.06589147286821706 0.13636363636363635
0 0.312015503875969 0.31136363636363634 0.08139534883720931 0.07613636363636364
1 0.9056847545219638 0.7159090909090909 0.04780361757105943 0.06704545454545455
0 0.5542635658914729 0.875 0.08656330749354005 0.09431818181818181
0 0.5568475452196382 0.7454545454545455 0.08785529715762273 0.07272727272727272
0 0.3087855297157623 0.2034090909090909 0.07881136950904392 0.06704545454545455
1 0.07299741602067183 0.2852272727272727 0.06847545219638243 0.1409090909090909
1 0.11304909560723514 0.49375 0.0710594315245478 0.1625
1 0.165374677002584 0.74375 0.06976744186046512 0.15454545454545454
1 0.4877260981912145 0.8625 0.07364341085271318 0.03977272727272727
0 0.9341085271317829 0.3 0.07881136950904392 0.07954545454545454
0 0.8565891472868217 0.2994318181818182 0.10465116279069768 0.08068181818181819
0 0.5155038759689923 0.6142045454545455 0.082687338501292 0.08295454545454546
