0 0.4406847545219638 0.5556136363636364 0.07431524547803615 0.07370454545454547
0 0.22167958656330747 0.6647954545454545 0.06325581395348835 0.05563636363636368
0 0.4564987080103359 0.14114772727272729 0.06798449612403101 0.07927272727272726
0 0.7427131782945736 0.5723068181818182 0.0774935400516796 0.05702272727272728
0 0.6897416020671835 0.5027613636363636 0.07273901808785524 0.05702272727272722
1 0.3806007751937985 0.8143011363636364 0.14073643410852718 0.03198863636363647
1 0.0943798449612403 0.570221590909091 0.039534883720930225 0.06119318181818184
1 0.8296834625322996 0.814306818181818 0.15021963824289403 0.03477272727272717
0 0.7435077519379846 0.36993750000000003 0.07590439276485789 0.06119318181818184
1 0.18767441860465114 0.8143011363636364 0.0711627906976744 0.03198863636363647
0 0.07065891472868217 0.4818977272727273 0.09645994832041344 0.06259090909090914
0 0.21534883720930234 0.5069375 0.06958656330749356 0.0681477272727273
0 0.8652648578811369 0.3859375 0.06642118863049107 0.059806818181818176
1 0.8146640826873386 0.16757386363636365 0.1549612403100776 0.0375568181818182
1 0.5743087855297158 0.16618181818181818 0.18027131782945732 0.034772727272727295
1 0.28571705426356586 0.16757954545454545 0.17236434108527127 0.034772727272727295
1 0.09596253229974161 0.42626704545454547 0.0332170542635659 0.059806818181818176
0 0.647829457364341 0.9116647727272729 0.08064599483204136 0.05980681818181831
0 0.6628617571059432 0.8435170454545455 0.07590439276485789 0.08205681818181822
0 0.3695284237726098 0.49372159090909096 0.08381136950904393 0.06119318181818184
