0 0.5478036175710594 0.5636363636363636 0.08785529715762273 0.08409090909090909
0 0.7416020671834626 0.7045454545454546 0.07364341085271318 0.06477272727272727
0 0.6136950904392765 0.15284090909090908 0.082687338501292 0.08863636363636364
0 0.2467700258397933 0.5340909090909091 0.08785529715762273 0.06818181818181818
0 0.31266149870801035 0.4738636363636364 0.082687338501292 0.06704545454545455
1 0.5555555555555556 0.8278409090909091 0.14470284237726097 0.053409090909090906
1 0.8856589147286822 0.63125 0.05167958656330749 0.06704545454545455
1 0.11369509043927649 0.759090909090909 0.15503875968992248 0.05795454545454545
0 0.28552971576227393 0.3346590909090909 0.08656330749354005 0.0715909090909091
1 0.7454780361757106 0.8568181818181818 0.07622739018087855 0.042045454545454546
0 0.9263565891472868 0.5477272727272727 0.10723514211886305 0.07613636363636364
0 0.7790697674418605 0.55 0.082687338501292 0.07727272727272727
0 0.16279069767441862 0.33181818181818185 0.07622739018087855 0.06931818181818182
1 0.2558139534883721 0.12443181818181819 0.16020671834625322 0.060227272727272727
1 0.4928940568475452 0.15965909090909092 0.1847545219638243 0.0625
1 0.7771317829457365 0.2056818181818182 0.17571059431524547 0.06136363636363636
1 0.9121447028423773 0.48920454545454545 0.04521963824289406 0.06477272727272727
0 0.27325581395348836 0.8829545454545454 0.09043927648578812 0.0715909090909091
0 0.2719638242894057 0.8136363636363636 0.0917312661498708 0.09204545454545454
0 0.6298449612403101 0.5136363636363637 0.09431524547803617 0.07272727272727272
