1 0.7827750906892382 0.8324571805006588 0.021704957678355556 0.09318840579710147
0 0.25432285368802904 0.37766139657444003 0.06255139056831925 0.05424242424242419
1 0.11837968561064088 0.8846179183135704 0.08935912938331321 0.027812911725955073
1 0.6819347037484885 0.4291238471673255 0.1212575574365175 0.02364953886693023
1 0.5427992744860943 0.42843214756258235 0.10083434099153565 0.025032938076416336
1 0.4119588875453447 0.42703557312252965 0.10466747279322847 0.027826086956521744
1 0.2798488512696493 0.28239130434782606 0.021704957678355487 0.13073781291172595
1 0.23006650544135432 0.19893939393939394 0.07532043530834344 0.03060606060606063
0 0.5830108827085853 0.761528326745718 0.028077388149939573 0.03478260869565229
0 0.9148911729141476 0.3046442687747036 0.04596130592503022 0.055638998682476966
0 0.18858524788391776 0.7211989459815547 0.053615477629987945 0.057022397891963075
0 0.24155985489721885 0.9103425559947298 0.0421281741233374 0.07093544137022387
0 0.24219467956469165 0.8289855072463768 0.04596130592503022 0.0584189723320157
0 0.41834340991535673 0.9061725955204216 0.05105199516324066 0.06259552042160736
0 0.3041051995163241 0.7865678524374177 0.037013301088270875 0.04032938076416324
0 0.6187545344619105 0.765 0.04084643288996376 0.04172595520421617
0 0.6564087061668682 0.6885111989459816 0.039564691656590115 0.047299077733860384
0 0.6276844014510279 0.7072859025032938 0.04596130592503022 0.05981554677206863
0 0.6315175332527206 0.6342687747035574 0.04850060459492135 0.055625823451910444
0 0.5319467956469166 0.6356587615283268 0.045949214026602174 0.05284584980237156
0 0.32516928657799277 0.6349670619235837 0.043397823458282934 0.06814229249011862
0 0.3041051995163241 0.37835968379446644 0.06255139056831925 0.06119894598155474
