1 0.8240628778718259 0.7845849802371542 0.08706166868198308 0.030303030303030304
0 0.37061668681983073 0.24176548089591568 0.05441354292623942 0.07246376811594203
1 0.8258766626360339 0.05862977602108037 0.03143893591293833 0.09881422924901186
1 0.44740024183796856 0.7028985507246377 0.030229746070133012 0.13306982872200263
1 0.4371221281741233 0.5513833992094862 0.030229746070133012 0.11067193675889328
1 0.4268440145102781 0.4090909090909091 0.032648125755743655 0.11594202898550725
1 0.28536880290205563 0.27602108036890644 0.12091898428053205 0.03293807641633729
1 0.20556227327690446 0.22793148880105402 0.032648125755743655 0.08300395256916997
0 0.74546553808948 0.5718050065876152 0.03385731559854897 0.03293807641633729
0 0.35006045949214026 0.9644268774703557 0.05441354292623942 0.05401844532279315
0 0.6807738814993954 0.14624505928853754 0.05562273276904474 0.061923583662714096
0 0.8579201934703748 0.19104084321475626 0.06771463119709795 0.05138339920948617
0 0.782950423216445 0.19696969696969696 0.056831922611850064 0.05401844532279315
0 0.8663845223700121 0.38274044795783924 0.06166868198307134 0.05928853754940711
0 0.7484885126964933 0.26679841897233203 0.03990326481257558 0.043478260869565216
0 0.750906892382104 0.6100131752305665 0.041112454655380895 0.04743083003952569
0 0.6831922611850061 0.6567852437417655 0.045949214026602174 0.0461133069828722
0 0.6989117291414753 0.6245059288537549 0.05804111245465538 0.05401844532279315
0 0.6324062877871826 0.6337285902503293 0.05441354292623942 0.05665349143610013
0 0.626360338573156 0.525691699604743 0.05199516324062878 0.05401844532279315
0 0.6112454655380894 0.30039525691699603 0.06529625151148731 0.052700922266139656
0 0.37484885126964934 0.2957839262187088 0.060459492140266025 0.07246376811594203
