0 0.7437086092715232 0.9509933774834437 0.10993377483443709 0.09801324503311258
1 0.5940397350993377 0.05364238410596026 0.3033112582781457 0.10728476821192053
1 0.433112582781457 0.06225165562913907 0.06622516556291391 0.08609271523178808
1 0.26026490066225166 0.1741721854304636 0.22781456953642384 0.10596026490066225
0 0.3834437086092715 0.12450331125827814 0.14834437086092717 0.10993377483443709
0 0.4271523178807947 0.3072847682119205 0.11788079470198676 0.10066225165562914
0 0.2827814569536424 0.5827814569536424 0.09271523178807947 0.09801324503311258
0 0.2139072847682119 0.6503311258278146 0.10463576158940398 0.09536423841059603
0 0.5966887417218543 0.7370860927152317 0.10728476821192053 0.09536423841059603
0 0.7562913907284768 0.895364238410596 0.10198675496688742 0.12847682119205298
