0 0.7841059602649006 0.9403973509933775 0.10066225165562914 0.11920529801324503
1 0.5543046357615894 0.04370860927152318 0.3033112582781457 0.08741721854304636
1 0.39536423841059604 0.0695364238410596 0.060927152317880796 0.08211920529801324
1 0.23311258278145697 0.19602649006622516 0.2251655629139073 0.08741721854304636
0 0.3509933774834437 0.13642384105960265 0.14304635761589404 0.09933774834437085
0 0.4105960264900662 0.31390728476821195 0.11258278145695365 0.09271523178807947
0 0.29072847682119207 0.6013245033112583 0.08609271523178808 0.09271523178807947
0 0.22847682119205298 0.6748344370860927 0.09933774834437085 0.08874172185430464
0 0.6165562913907284 0.7278145695364239 0.10198675496688742 0.08874172185430464
0 0.7900662251655629 0.871523178807947 0.09271523178807947 0.12317880794701987
