1 0.7367424242424242 0.054637865311308764 0.09772727272727273 0.030495552731893267
1 0.5647727272727273 0.6264294790343075 0.03636363636363636 0.04066073697585769
1 0.43674242424242427 0.5959339263024143 0.03257575757575758 0.036848792884371026
1 0.30946969696969695 0.5660736975857688 0.03939393939393939 0.036848792884371026
1 0.48787878787878786 0.0063532401524777635 0.10151515151515152 0.012706480304955527
0 0.6272727272727273 0.727445997458704 0.03787878787878788 0.05590851334180432
0 0.25984848484848483 0.741423125794155 0.037121212121212124 0.07115628970775095
0 0.3196969696969697 0.2617534942820839 0.04393939393939394 0.05972045743329098
0 0.38636363636363635 0.04193138500635324 0.03333333333333333 0.05590851334180432
0 0.346969696969697 0.07687420584498093 0.031818181818181815 0.06607369758576874
0 0.3659090909090909 0.12642947903430748 0.03409090909090909 0.06353240152477764
0 0.3481060606060606 0.33735705209656924 0.03106060606060606 0.05717916137229987
0 0.35265151515151516 0.37801778907242695 0.031818181818181815 0.045743329097839895
0 0.415530303030303 0.39644218551461247 0.03333333333333333 0.06861499364675985
0 0.41893939393939394 0.36149936467598476 0.030303030303030304 0.053367217280813214
0 0.42234848484848486 0.20838627700127066 0.030303030303030304 0.05972045743329098
0 0.6378787878787879 0.2604828462515883 0.03939393939393939 0.0698856416772554
1 0.5511363636363636 0.409148665819568 0.07803030303030303 0.05082592121982211
1 0.7151515151515152 0.45044472681067343 0.10378787878787879 0.053367217280813214
1 0.6867424242424243 0.656289707750953 0.038636363636363635 0.03811944091486658
1 0.6140151515151515 0.026048284625158832 0.1 0.030495552731893267
