1 0.19734848484848486 0.8143138500635324 0.01824242424242425 0.06257941550190597
1 0.19693181818181818 0.16827191867852606 0.01907575757575756 0.16411689961880555
1 0.5655265151515152 0.37481575603557815 0.01990151515151514 0.057026683608640404
1 0.5655227272727272 0.5917789072426938 0.01824242424242419 0.05146124523506988
1 0.5655227272727272 0.8073570520965693 0.01659090909090916 0.06259212198221091
1 0.19817424242424245 0.5896950444726811 0.01824242424242425 0.16968233799237614
0 0.6165189393939393 0.2565946632782719 0.02902272727272723 0.057026683608640404
0 0.6762234848484848 0.8650762388818296 0.03897727272727276 0.05284625158830993
0 0.384340909090909 0.8330876747141042 0.03068181818181814 0.06675984752223629
0 0.24544318181818178 0.7524205844980941 0.02985606060606058 0.05007623888182984
0 0.27156439393939397 0.8129224904701398 0.035659090909090946 0.04589580686149922
0 0.29809848484848483 0.7746759847522238 0.033999999999999996 0.05006353240152489
0 0.424969696969697 0.7753748411689961 0.03068181818181818 0.04589580686149922
0 0.44860227272727277 0.7614548919949173 0.02321969696969704 0.04867852604828456
0 0.4506742424242424 0.6543646759847522 0.03731818181818181 0.04867852604828456
0 0.42953030303030304 0.6536721728081322 0.028196969696969717 0.04449809402795423
0 0.3387310606060606 0.6696632782719186 0.032340909090909135 0.04311308767471411
0 0.33956060606060606 0.30458068614993644 0.03731818181818181 0.05841168996188059
1 0.4394810606060606 0.4276620076238882 0.01990151515151514 0.1265565438373571
1 0.44072348484848484 0.14949809402795425 0.017416666666666674 0.17106734434561627
1 0.5663522727272726 0.16827191867852606 0.018249999999999936 0.0611944091486658
1 0.19776136363636365 0.3762007623888183 0.017416666666666674 0.16828462515883097
