1 0.26401515151515154 0.9339263024142312 0.037121212121212124 0.017789072426937738
1 0.5848484848484848 0.4135959339263024 0.037121212121212124 0.04193138500635324
1 0.4575757575757576 0.3761118170266836 0.03333333333333333 0.03939008894536213
1 0.3306818181818182 0.3386277001270648 0.03939393939393939 0.03811944091486658
1 0.3958333333333333 0.9720457433290979 0.10075757575757575 0.03811944091486658
0 0.6632575757575757 0.34942820838627703 0.038636363636363635 0.05717916137229987
0 0.3159090909090909 0.1454891994917408 0.03787878787878788 0.07369758576874205
0 0.284469696969697 0.6327827191867853 0.0446969696969697 0.062261753494282084
0 0.30757575757575756 0.8767471410419314 0.03409090909090909 0.05717916137229987
0 0.2765151515151515 0.8227445997458704 0.03333333333333333 0.06734434561626429
0 0.3037878787878788 0.7858958068614994 0.03484848484848485 0.06480304955527319
0 0.3253787878787879 0.5762388818297332 0.031818181818181815 0.05844980940279543
0 0.3375 0.5393900889453621 0.03257575757575758 0.04701397712833545
0 0.40075757575757576 0.5546378653113088 0.03484848484848485 0.0698856416772554
0 0.39734848484848484 0.5895806861499364 0.03106060606060606 0.054637865311308764
0 0.3723484848484849 0.7369758576874206 0.03106060606060606 0.060991105463786534
0 0.5871212121212122 0.7992376111817027 0.04090909090909091 0.07115628970775095
1 0.5318181818181819 0.6124523506988564 0.07803030303030303 0.054637865311308764
1 0.6958333333333333 0.6581956797966964 0.10378787878787879 0.05844980940279543
1 0.706060606060606 0.44790343074968236 0.038636363636363635 0.04066073697585769
1 0.5208333333333334 0.9955527318932655 0.09924242424242424 0.008894536213468869
