0 0.8042605233219567 0.4172468354430379 0.06637087599544927 0.07232770745428967
0 0.3565130830489192 0.8894303797468355 0.05737201365187708 0.07371308016877649
0 0.1422013651877133 0.6314345991561181 0.05175199089874859 0.07510548523206748
0 0.2710125142207054 0.6411673699015471 0.06637087599544941 0.06398030942334741
0 0.38351251422070537 0.304592123769339 0.05287258248009104 0.08623066104078762
0 0.3143230944254835 0.5702355836849508 0.058498293515358346 0.06675808720112522
0 0.27382536973833904 0.4534071729957806 0.056251422070534726 0.06675808720112522
0 0.3745108077360637 0.43045710267229254 0.05737201365187708 0.07649789029535863
1 0.7834470989761092 0.30111111111111105 0.01799772468714441 0.17385372714486635
1 0.07976393629124004 0.6828938115330521 0.014624573378839587 0.16411392405063283
1 0.07976393629124004 0.5285126582278481 0.014624573378839587 0.06397327707454292
1 0.07976109215017065 0.3852566807313643 0.01687144482366326 0.18636427566807312
