1 0.21361979166666667 0.648158273381295 0.054114583333333334 0.02503597122302155
1 0.39989583333333334 0.6210359712230216 0.023906250000000018 0.04034532374100714
1 0.11607421875 0.19683453237410073 0.017617187500000003 0.057035971223021564
0 0.50939453125 0.7204748201438849 0.02391927083333334 0.03338129496402884
1 0.198515625 0.11477697841726618 0.06166666666666668 0.020863309352517987
0 0.64029296875 0.7684676258992806 0.028945312500000025 0.040330935251798525
0 0.6182682291666667 0.7503812949640287 0.030208333333333393 0.023640287769784264
0 0.59560546875 0.7802805755395683 0.03272135416666666 0.022258992805755436
0 0.5219791666666667 0.7851510791366906 0.03145833333333329 0.029208633093525116
0 0.4452018229166666 0.6864028776978417 0.03147135416666661 0.029208633093525116
0 0.49555338541666666 0.5855683453237409 0.0364973958333333 0.030589928057553943
0 0.2431966145833333 0.34356834532374103 0.027695312499999975 0.02503597122302155
0 0.2450846354166667 0.44509352517985606 0.0364973958333333 0.030589928057553943
0 0.1997721354166667 0.44440287769784165 0.03147135416666669 0.03476258992805751
0 0.11167317708333334 0.3157482014388489 0.02391927083333334 0.03615827338129496
0 0.17271484375 0.3143597122302158 0.025169270833333313 0.03893525179856115
0 0.6855989583333333 0.327568345323741 0.026432291666666607 0.020863309352517987
0 0.75482421875 0.3567841726618705 0.028945312500000025 0.023640287769784184
0 0.7372005208333333 0.3143597122302158 0.026432291666666607 0.041726618705035974
0 0.7554557291666666 0.1864028776978417 0.027682291666666654 0.02503597122302157
0 0.73783203125 0.20309352517985607 0.017617187499999964 0.02782733812949637
0 0.6497265625 0.2907122302158273 0.030208333333333393 0.030604316546762565
0 0.2834700520833333 0.46874100719424455 0.025169270833333313 0.04171223021582735
0 0.2538932291666667 0.5202014388489209 0.03398437500000003 0.030589928057553943
1 0.7491666666666666 0.7698561151079136 0.022656250000000117 0.05145323741007193
1 0.381640625 0.1161726618705036 0.06544270833333332 0.020863309352517987
1 0.4640885416666667 0.3435611510791367 0.018880208333333332 0.08623021582733814
1 0.37786458333333334 0.43466187050359706 0.08307291666666661 0.020863309352517987
1 0.27654947916666667 0.5793165467625899 0.018880208333333332 0.05702158273381294
1 0.13809895833333333 0.6467697841726618 0.054114583333333334 0.022258992805755436
1 0.07831380208333333 0.48474100719424457 0.020143229166666665 0.05702158273381294
1 0.6409244791666667 0.5181151079136691 0.05286458333333329 0.023654676258992886
1 0.4955533854166667 0.5181151079136691 0.04404947916666672 0.023654676258992886
