1 0.4069010416666667 0.8338129496402877 0.029947916666666668 0.06330935251798561
1 0.4055989583333333 0.6266187050359712 0.0390625 0.031654676258992806
1 0.8248697916666666 0.8784172661870504 0.0546875 0.027338129496402876
0 0.3014322916666667 0.520863309352518 0.032552083333333336 0.030215827338129497
1 0.88671875 0.7762589928057554 0.026041666666666668 0.06906474820143885
0 0.240234375 0.3841726618705036 0.040364583333333336 0.03741007194244604
0 0.2591145833333333 0.4050359712230216 0.024739583333333332 0.03597122302158273
0 0.23502604166666666 0.43453237410071943 0.0234375 0.03884892086330935
0 0.24153645833333334 0.5151079136690647 0.029947916666666668 0.03884892086330935
0 0.3404947916666667 0.5856115107913669 0.029947916666666668 0.03884892086330935
0 0.423828125 0.516546762589928 0.032552083333333336 0.04460431654676259
0 0.67578125 0.7589928057553957 0.026041666666666668 0.033093525179856115
0 0.5846354166666666 0.7719424460431654 0.032552083333333336 0.04460431654676259
0 0.5911458333333334 0.820863309352518 0.03515625 0.03884892086330935
0 0.71875 0.8992805755395683 0.03515625 0.030215827338129497
0 0.7115885416666666 0.8323741007194244 0.037760416666666664 0.033093525179856115
0 0.62890625 0.27266187050359714 0.022135416666666668 0.031654676258992806
0 0.5930989583333334 0.2014388489208633 0.024739583333333332 0.034532374100719423
0 0.6334635416666666 0.21510791366906476 0.041666666666666664 0.034532374100719423
0 0.7454427083333334 0.17697841726618704 0.026041666666666668 0.033093525179856115
0 0.7330729166666666 0.1985611510791367 0.02734375 0.02446043165467626
0 0.6666666666666666 0.30719424460431655 0.03125 0.03741007194244604
0 0.5579427083333334 0.7330935251798562 0.040364583333333336 0.033093525179856115
0 0.5162760416666666 0.7719424460431654 0.03125 0.041726618705035974
1 0.22330729166666666 0.2647482014388489 0.049479166666666664 0.031654676258992806
1 0.8606770833333334 0.5762589928057554 0.02734375 0.07338129496402877
1 0.6451822916666666 0.5172661870503598 0.07942708333333333 0.031654676258992806
1 0.5755208333333334 0.625179856115108 0.029947916666666668 0.09352517985611511
1 0.4602864583333333 0.7553956834532374 0.0546875 0.027338129496402876
1 0.4186197916666667 0.9165467625899281 0.02734375 0.06330935251798561
1 0.572265625 0.9597122302158273 0.0546875 0.02877697841726619
1 0.4641927083333333 0.3489208633093525 0.028645833333333332 0.0618705035971223
1 0.484375 0.5071942446043165 0.02734375 0.051798561151079135
