1 0.3138020833333333 0.7827338129496403 0.032552083333333336 0.06330935251798561
1 0.3736979166666667 0.5856115107913669 0.040364583333333336 0.033093525179856115
1 0.6959635416666666 0.9741007194244604 0.0546875 0.030215827338129497
0 0.3059895833333333 0.4482014388489209 0.033854166666666664 0.031654676258992806
1 0.7845052083333334 0.9007194244604316 0.029947916666666668 0.07050359712230216
0 0.2884114583333333 0.2971223021582734 0.041666666666666664 0.03884892086330935
0 0.3001302083333333 0.3237410071942446 0.026041666666666668 0.03741007194244604
0 0.2688802083333333 0.3424460431654676 0.024739583333333332 0.03884892086330935
0 0.2513020833333333 0.42158273381294964 0.03125 0.03884892086330935
0 0.32421875 0.5237410071942447 0.03125 0.03884892086330935
0 0.4231770833333333 0.48848920863309353 0.033854166666666664 0.04460431654676259
0 0.58984375 0.8079136690647482 0.02734375 0.034532374100719423
0 0.5 0.7870503597122303 0.033854166666666664 0.04460431654676259
0 0.4921875 0.8359712230215828 0.036458333333333336 0.04028776978417266
0 0.58984375 0.956115107913669 0.036458333333333336 0.031654676258992806
0 0.6022135416666666 0.8906474820143885 0.0390625 0.034532374100719423
0 0.6888020833333334 0.3316546762589928 0.0234375 0.031654676258992806
0 0.67578125 0.25107913669064746 0.026041666666666668 0.03597122302158273
0 0.7102864583333334 0.27841726618705037 0.041666666666666664 0.03597122302158273
0 0.8274739583333334 0.2827338129496403 0.02734375 0.034532374100719423
0 0.8092447916666666 0.2992805755395683 0.02734375 0.02446043165467626
0 0.71484375 0.3776978417266187 0.032552083333333336 0.03884892086330935
0 0.486328125 0.7410071942446043 0.041666666666666664 0.034532374100719423
0 0.4348958333333333 0.7633093525179856 0.033854166666666664 0.04316546762589928
1 0.3079427083333333 0.1776978417266187 0.05078125 0.034532374100719423
1 0.818359375 0.702158273381295 0.029947916666666668 0.07482014388489208
1 0.6321614583333334 0.5683453237410072 0.08072916666666667 0.03597122302158273
1 0.5345052083333334 0.6453237410071943 0.033854166666666664 0.09352517985611511
1 0.3873697916666667 0.7273381294964029 0.0546875 0.030215827338129497
1 0.30078125 0.8647482014388489 0.029947916666666668 0.06330935251798561
1 0.4329427083333333 0.960431654676259 0.0546875 0.031654676258992806
1 0.5110677083333334 0.34388489208633094 0.03125 0.0618705035971223
1 0.4830729166666667 0.5014388489208633 0.028645833333333332 0.051798561151079135
