1 0.22749099639855944 0.7794348508634223 0.0468187274909964 0.19623233908948196
1 0.24909963985594238 0.554160125588697 0.04801920768307323 0.19623233908948196
1 0.8679471788715486 0.1813186813186813 0.040216086434573826 0.14050235478806908
1 0.8436374549819928 0.41012558869701726 0.031212484993997598 0.07692307692307693
1 0.8346338535414166 0.521978021978022 0.029411764705882353 0.07142857142857142
1 0.8142256902761105 0.7021193092621664 0.027611044417767107 0.10675039246467818
0 0.5930372148859544 0.48430141287284145 0.05582232893157263 0.06593406593406594
0 0.6065426170468188 0.34615384615384615 0.05942376950780312 0.06907378335949764
0 0.7022809123649459 0.36381475667189955 0.0546218487394958 0.065149136577708
0 0.7334933973589436 0.2837519623233909 0.0546218487394958 0.08241758241758242
0 0.5981392557022809 0.2598116169544741 0.05582232893157263 0.08084772370486656
0 0.507202881152461 0.24725274725274726 0.05702280912364946 0.07770800627943485
0 0.2503001200480192 0.29395604395604397 0.07743097238895558 0.08163265306122448
0 0.2418967587034814 0.41051805337519626 0.08103241296518607 0.09026687598116169
