1 0.10757202881152461 0.5640345368916798 0.029777911164465796 0.13769230769230775
1 0.10650960384153661 0.17460753532182102 0.02552821128451379 0.12378335949764518
1 0.1081032412965186 0.3554160125588697 0.024465786314525804 0.12378335949764525
1 0.25487695078031214 0.8199450549450551 0.1478331332533013 0.03755102040816329
1 0.42823829531812724 0.8192503924646781 0.1478331332533013 0.03894034536891681
1 0.9116296518607444 0.6182810047095761 0.025528211284513925 0.13769230769230775
1 0.7866626650660263 0.06125196232339089 0.10529411764705887 0.03616169544740973
1 0.6101110444177671 0.06473312401883831 0.056368547418967636 0.03199372056514913
1 0.5239585834333733 0.06264521193092622 0.052118847539015564 0.03059654631083202
1 0.3846308523409364 0.06751177394034537 0.07976590636254494 0.02364207221350079
0 0.5234273709483794 0.3811420722135008 0.044669867947178914 0.06675824175824177
0 0.6297839135654262 0.380447409733124 0.046794717887154884 0.07092621664050236
0 0.6281902761104442 0.2538854003139717 0.04360744297719093 0.0653689167974882
0 0.6925330132052822 0.2232849293563579 0.05743097238895548 0.0625824175824176
0 0.6941326530612245 0.4020054945054945 0.0563685474189675 0.06397959183673468
0 0.6925360144057624 0.5216169544740973 0.05317527010804331 0.0667660910518053
0 0.626062424969988 0.8491522762951333 0.05423769507803122 0.09318681318681311
0 0.5367226890756303 0.8456789638932496 0.06062424969987995 0.09735478806907386
