1 0.8928571428571429 0.4379905808477237 0.0546218487394958 0.14285714285714285
1 0.8217286914765907 0.06200941915227629 0.04801920768307323 0.12401883830455258
1 0.8535414165666266 0.2358712715855573 0.0468187274909964 0.12794348508634223
1 0.7971188475390156 0.7327315541601256 0.15006002400960383 0.08320251177394035
1 0.6287515006002401 0.7868916797488226 0.15066026410564226 0.0847723704866562
1 0.12244897959183673 0.7448979591836735 0.05042016806722689 0.141287284144427
1 0.1407563025210084 0.16483516483516483 0.10864345738295318 0.06828885400313972
1 0.3127250900360144 0.11263736263736264 0.06062424969987995 0.04945054945054945
1 0.39585834333733494 0.08320251177394035 0.056422569027611044 0.04631083202511774
1 0.531812725090036 0.04395604395604396 0.08163265306122448 0.047880690737833596
0 0.45528211284513803 0.3920722135007849 0.055222088835534214 0.07849293563579278
0 0.3520408163265306 0.4250392464678179 0.05822328931572629 0.08320251177394035
0 0.33013205282112845 0.30180533751962324 0.0546218487394958 0.07692307692307693
0 0.2620048019207683 0.2923861852433281 0.06782713085234093 0.07927786499215071
0 0.2935174069627851 0.4662480376766091 0.0666266506602641 0.08006279434850863
0 0.3169267707082833 0.5820251177394035 0.06422569027611044 0.08163265306122448
0 0.44237695078031214 0.8787284144427001 0.06962785114045618 0.1075353218210361
0 0.5285114045618248 0.8469387755102041 0.07683073229291716 0.11381475667189953
