0 0.6327218934911242 0.15995848161328588 0.07804733727810649 0.08345195729537364
0 0.7888165680473372 0.553552787663108 0.06417159763313617 0.06119810201660739
0 0.7975 0.46245551601423485 0.07804733727810649 0.05981020166073542
0 0.7359245562130178 0.2225385527876631 0.08323964497041418 0.05841043890865956
1 0.8339201183431952 0.8699703440094899 0.10579881656804731 0.034768683274021286
1 0.8165754437869822 0.1836002372479241 0.09886094674556202 0.030593119810201685
0 0.35435650887573966 0.5090510083036773 0.07631656804733733 0.08066429418742586
0 0.6778254437869822 0.5584223013048636 0.07804733727810649 0.05981020166073542
0 0.6752144970414201 0.6418742586002373 0.07631656804733733 0.05423487544483989
0 0.5806878698224852 0.7086358244365362 0.08498520710059178 0.05423487544483989
0 0.6552736686390533 0.895005931198102 0.07110946745562137 0.0764887307236062
0 0.7341937869822485 0.7440984578884935 0.07631656804733733 0.061198102016607255
1 0.5329955621301775 0.18220640569395016 0.13528106508875745 0.03338078291814945
1 0.417655325443787 0.3414531435349941 0.04335798816568039 0.04311981020166076
1 0.23727810650887574 0.3699703440094899 0.10233727810650889 0.02504151838671413
1 0.5260650887573964 0.8699703440094899 0.09713017751479286 0.03754448398576523
