0 0.07174556213017752 0.594306049822064 0.10650887573964497 0.06524317912218268
0 0.5562130177514792 0.7330960854092526 0.07840236686390532 0.05338078291814947
0 0.4430473372781065 0.7372479240806643 0.07692307692307693 0.06524317912218268
0 0.14571005917159763 0.6791221826809015 0.07544378698224852 0.06880189798339265
1 0.9497041420118343 0.7805456702253856 0.04585798816568047 0.08659549228944247
1 0.09467455621301775 0.7425860023724793 0.04142011834319527 0.08066429418742586
0 0.5162721893491125 0.3837485172004745 0.10355029585798817 0.06405693950177936
0 0.5665680473372781 0.6441281138790036 0.07692307692307693 0.06524317912218268
0 0.6708579881656804 0.6453143534994069 0.07100591715976332 0.06405693950177936
0 0.757396449704142 0.571767497034401 0.07100591715976332 0.06998813760379596
0 0.966715976331361 0.6370106761565836 0.057692307692307696 0.05812574139976275
0 0.7965976331360947 0.6963226571767497 0.07988165680473373 0.06405693950177936
1 0.10281065088757396 0.5154211150652431 0.04585798816568047 0.10913404507710557
1 0.30547337278106507 0.4288256227758007 0.05473372781065089 0.03558718861209965
1 0.34763313609467456 0.28529062870699884 0.034023668639053255 0.0830367734282325
1 0.9600591715976331 0.5338078291814946 0.05029585798816568 0.07947805456702253
