0 0.3319672131147541 0.23733804475853945 0.07581967213114754 0.0800942285041225
0 0.47438524590163933 0.38103651354534745 0.06864754098360656 0.071849234393404
0 0.48924180327868855 0.2502944640753828 0.06864754098360656 0.071849234393404
0 0.5543032786885246 0.1513545347467609 0.05635245901639344 0.07656065959952886
1 0.8314549180327869 0.6731448763250883 0.05942622950819672 0.1684334511189635
1 0.8048155737704918 0.9128386336866903 0.05225409836065574 0.17432273262661954
1 0.16393442622950818 0.8851590106007067 0.05430327868852459 0.14605418138987045
1 0.19006147540983606 0.6189634864546525 0.0625 0.19905771495877503
1 0.2520491803278688 0.0712603062426384 0.06147540983606557 0.1425206124852768
0 0.8463114754098361 0.7862190812720848 0.06864754098360656 0.08480565371024736
0 0.7950819672131147 0.7767962308598351 0.08709016393442623 0.0812720848056537
0 0.5619877049180327 0.6755005889281508 0.05737704918032787 0.08362779740871613
0 0.5245901639344263 0.7402826855123675 0.07684426229508197 0.08716136631330977
0 0.5163934426229508 0.8227326266195524 0.07581967213114754 0.0800942285041225
0 0.38883196721311475 0.9293286219081273 0.06864754098360656 0.07891637220259129
0 0.15625 0.7402826855123675 0.08196721311475409 0.08716136631330977
0 0.21157786885245902 0.7461719670200235 0.08811475409836066 0.0800942285041225
0 0.2151639344262295 0.2232037691401649 0.08709016393442623 0.09422850412249706
0 0.42776639344262296 0.1707891637220259 0.07581967213114754 0.08480565371024736
