0 0.29372950819672133 0.7238987043580684 0.061700819672131174 0.07926972909305059
0 0.4007991803278689 0.5437926972909305 0.055655737704918086 0.07232037691401647
0 0.2858657786885246 0.5424028268551236 0.055645491803278664 0.07232037691401647
0 0.19210040983606558 0.4805064782096584 0.061700819672131174 0.05703180212014129
1 0.6088934426229508 0.10081272084805654 0.14276639344262287 0.04866902237926972
1 0.8248514344262295 0.10081272084805654 0.15849385245901645 0.03755005889281507
1 0.8780891393442622 0.8365547703180212 0.13187500000000005 0.045901060070671414
1 0.6403534836065574 0.8393345111896348 0.16937499999999994 0.048680800942284955
1 0.14552254098360654 0.8372497055359247 0.15002049180327864 0.05007067137809186
0 0.705076844262295 0.07021201413427562 0.06654713114754103 0.07093050647820966
0 0.7026536885245901 0.12932273262661953 0.061700819672131174 0.09179034157832744
0 0.6439805327868854 0.40818021201413424 0.06775614754098372 0.057020023557125994
0 0.7044723360655738 0.4429564193168433 0.06775614754098372 0.07926972909305059
0 0.776454918032787 0.4415665488810365 0.061700819672131174 0.07926972909305059
0 0.8841342213114753 0.5750824499411072 0.06171106557377051 0.07094228504122499
0 0.7492366803278689 0.8629858657243815 0.06775614754098372 0.08484098939929326
0 0.7480276639344262 0.799004711425206 0.060502049180327824 0.09318021201413416
0 0.2955481557377049 0.8588103651354535 0.07259221311475413 0.09041224970553591
0 0.22416495901639344 0.6223733804475854 0.06533811475409834 0.0792815076560659
