0 0.7213114754098361 0.7037691401648999 0.07684426229508197 0.0812720848056537
0 0.5512295081967213 0.6071849234393404 0.06967213114754098 0.07302709069493522
0 0.5660860655737705 0.7379269729093051 0.06967213114754098 0.07302709069493522
0 0.5261270491803278 0.8533568904593639 0.05737704918032787 0.07773851590106007
1 0.1408811475409836 0.43109540636042404 0.06147540983606557 0.1684334511189635
1 0.11065573770491803 0.18610129564193167 0.05430327868852459 0.18610129564193167
1 0.7371926229508197 0.050647820965842166 0.05635245901639344 0.10129564193168433
1 0.7725409836065574 0.29328621908127206 0.06557377049180328 0.19905771495877503
1 0.8401639344262295 0.8568904593639576 0.06454918032786885 0.17785630153121318
0 0.10092213114754098 0.32626619552414604 0.06967213114754098 0.08598351001177856
0 0.1526639344262295 0.32037691401649 0.08811475409836066 0.08244994110718493
0 0.40061475409836067 0.3486454652532391 0.0584016393442623 0.08480565371024736
0 0.42213114754098363 0.2750294464075383 0.0778688524590164 0.08833922261484099
0 0.4113729508196721 0.19316843345111898 0.07684426229508197 0.0812720848056537
0 0.5107581967213115 0.052414605418138985 0.06967213114754098 0.0800942285041225
0 0.7776639344262295 0.16548881036513546 0.08196721311475409 0.08833922261484099
0 0.7233606557377049 0.17608951707891637 0.08811475409836066 0.0812720848056537
0 0.8376024590163934 0.682567726737338 0.08811475409836066 0.09540636042402827
0 0.6439549180327869 0.7968197879858657 0.07684426229508197 0.08598351001177856
