1 0.9441276252019386 0.20998178506375229 0.0246688206785137 0.15300546448087432
0 0.6394345718901454 0.811511839708561 0.06907915993537964 0.07092896174863397
0 0.8331017770597737 0.7989981785063752 0.0567366720516962 0.07927140255009105
0 0.604903069466882 0.8574043715846995 0.0740064620355411 0.09874316939890718
0 0.6049030694668821 0.9339071038251366 0.07155088852988685 0.09597449908925329
1 0.1904281098546042 0.18008196721311476 0.029612277867528247 0.15994535519125683
1 0.10531502423263328 0.4964936247723133 0.02714054927302101 0.15856102003642983
1 0.9459693053311793 0.8066393442622951 0.02589660743134083 0.07510018214936251
0 0.5740549273021002 0.5048360655737706 0.06907915993537964 0.07510018214936251
0 0.639442649434572 0.7051183970856101 0.0740064620355411 0.06954462659380684
0 0.6912520193861066 0.5632513661202186 0.06660743134087241 0.07510018214936251
0 0.6906300484652665 0.30107468123861564 0.07030694668820675 0.07092896174863388
0 0.6061308562197092 0.282304189435337 0.06415185783521815 0.0806739526411658
0 0.15527463651050083 0.3031693989071038 0.09252019386106625 0.08622950819672137
1 0.9428836833602584 0.7099726775956283 0.0246688206785137 0.08205828779599263
1 0.944119547657512 0.4735428051001821 0.02714054927302093 0.14602914389799634
