1 0.19063004846526657 0.04553734061930783 0.13570274636510501 0.030965391621129327
0 0.7568659127625202 0.30601092896174864 0.07108239095315025 0.08561020036429873
0 0.7221324717285945 0.09107468123861566 0.07754442649434572 0.07285974499089254
0 0.8012924071082391 0.33879781420765026 0.09531502423263329 0.0947176684881603
0 0.8691437802907916 0.3296903460837887 0.09369951534733441 0.09107468123861566
1 0.2560581583198708 0.8852459016393442 0.14539579967689822 0.052823315118397086
1 0.5452342487883683 0.9426229508196722 0.1421647819063005 0.04918032786885246
0 0.49515347334410337 0.41621129326047357 0.07431340872374798 0.08743169398907104
0 0.6631663974151858 0.31876138433515483 0.06946688206785137 0.09107468123861566
0 0.5323101777059773 0.2777777777777778 0.07431340872374798 0.08378870673952642
0 0.30210016155088854 0.3105646630236794 0.07108239095315025 0.08743169398907104
0 0.2956381260096931 0.4080145719489982 0.0791599353796446 0.08196721311475409
0 0.3691437802907916 0.9098360655737705 0.08723747980613894 0.11293260473588343
1 0.42326332794830374 0.015482695810564663 0.12924071082390953 0.030965391621129327
