0 0.3602803738317757 0.7831594634873323 0.08598130841121496 0.12071535022354694
1 0.18411214953271027 0.2518628912071535 0.05514018691588785 0.33681073025335323
1 0.25560747663551403 0.853204172876304 0.058878504672897194 0.293591654247392
1 0.22009345794392524 0.5730253353204173 0.04392523364485981 0.23845007451564829
0 0.3490654205607477 0.4128166915052161 0.07850467289719626 0.13710879284649777
0 0.7004672897196261 0.40238450074515647 0.08691588785046729 0.12667660208643816
0 0.6406542056074767 0.6445603576751118 0.08317757009345794 0.13561847988077497
0 0.6018691588785047 0.46497764530551416 0.07102803738317758 0.10581222056631892
0 0.5962616822429907 0.2593144560357675 0.07570093457943926 0.14307004470938897
1 0.35 0.9187779433681073 0.04205607476635514 0.16244411326378538
