0 0.6504158878504672 0.23160953800298062 0.06367289719626179 0.12101341281669149
1 0.22304205607476632 0.04663189269746647 0.3497476635514019 0.029210134128166924
1 0.7563831775700934 0.0494113263785395 0.3453831775700934 0.031997019374068555
1 0.49647196261682247 0.04801788375558867 0.1482710280373832 0.029210134128166913
0 0.4201542056074767 0.27820417287630406 0.07587850467289725 0.10570789865871834
0 0.47423364485981306 0.8317511177347243 0.0671588785046729 0.12239940387481388
0 0.6137803738317757 0.6961475409836065 0.07414018691588778 0.11265275707898663
0 0.49647196261682247 0.6662369597615498 0.05582242990654207 0.10013412816691514
0 0.36826168224299066 0.6926602086438152 0.08024299065420562 0.10013412816691514
1 0.7999953271028039 0.18849478390462 0.233747663551402 0.031982116244411336
