0 0.3317757009345794 0.2600596125186289 0.07570093457943926 0.10134128166915052
1 0.21588785046728973 0.8315946348733234 0.018691588785046728 0.33681073025335323
1 0.21728971962616822 0.18330849478390462 0.019626168224299065 0.36661698956780925
1 0.2163551401869159 0.5059612518628912 0.018691588785046728 0.23695976154992549
0 0.36074766355140186 0.6274217585692996 0.06635514018691589 0.12071535022354694
0 0.7079439252336449 0.5409836065573771 0.07663551401869159 0.10730253353204174
0 0.6228971962616823 0.31892697466467956 0.07102803738317758 0.11773472429210134
0 0.6042056074766355 0.5059612518628912 0.06261682242990654 0.08941877794336811
0 0.6210280373831776 0.710134128166915 0.06261682242990654 0.12816691505216096
1 0.3042056074766355 0.10357675111773472 0.019626168224299065 0.20715350223546944
