0 0.572298076923077 0.8825181159420289 0.07086538461538466 0.0709420289855072
0 0.5848461538461539 0.7462137681159421 0.06938461538461546 0.06815217391304348
0 0.7140288461538462 0.6481702898550724 0.07382692307692305 0.06119565217391299
0 0.652028846153846 0.5751449275362319 0.06790384615384605 0.06536231884057979
0 0.8690576923076924 0.6293840579710145 0.05019230769230774 0.0514492753623188
0 0.7908076923076922 0.3894655797101449 0.05611538461538452 0.05563405797101446
0 0.7169903846153846 0.2615217391304348 0.06201923076923077 0.06119565217391302
0 0.7974519230769231 0.05358695652173913 0.07232692307692311 0.0653623188405797
0 0.07475000000000001 0.2914221014492754 0.07973076923076924 0.06259057971014495
1 0.30432692307692305 0.07931159420289856 0.2554230769230769 0.025036231884057958
0 0.38404807692307696 0.4075452898550725 0.07825 0.06675724637681163
0 0.3862692307692308 0.5939130434782608 0.0767692307692308 0.06119565217391299
1 0.6077307692307692 0.08000905797101449 0.12696153846153843 0.023641304347826082
1 0.8011442307692307 0.8526086956521739 0.12698076923076917 0.022246376811594155
1 0.4497596153846154 0.8526086956521739 0.1122115384615385 0.022246376811594155
1 0.10871153846153847 0.7086684782608695 0.023615384615384618 0.10987318840579706
1 0.10871153846153847 0.45135869565217385 0.026576923076923064 0.1154347826086957
0 0.501423076923077 0.6551177536231884 0.0649615384615384 0.07233695652173903
