0 0.10192307692307692 0.39945652173913043 0.08076923076923077 0.07246376811594203
0 0.24711538461538463 0.39945652173913043 0.07884615384615384 0.07065217391304347
0 0.36153846153846153 0.286231884057971 0.07115384615384615 0.07427536231884058
0 0.43365384615384617 0.35054347826086957 0.075 0.06884057971014493
0 0.3951923076923077 0.14221014492753623 0.057692307692307696 0.050724637681159424
0 0.6423076923076924 0.23731884057971014 0.06346153846153846 0.057971014492753624
0 0.7711538461538462 0.3170289855072464 0.07115384615384615 0.06340579710144928
0 0.9798076923076923 0.25815217391304346 0.04038461538461539 0.07427536231884058
0 0.6836538461538462 0.9166666666666666 0.07307692307692308 0.07971014492753623
1 0.926923076923077 0.7210144927536232 0.05 0.2427536231884058
0 0.5875 0.6168478260869565 0.07692307692307693 0.07971014492753623
0 0.3903846153846154 0.5978260869565217 0.07115384615384615 0.07789855072463768
1 0.9538461538461539 0.43568840579710144 0.03653846153846154 0.1213768115942029
1 0.15384615384615385 0.18659420289855072 0.03461538461538462 0.1213768115942029
1 0.12307692307692308 0.5163043478260869 0.032692307692307694 0.1068840579710145
1 0.24519230769230768 0.8487318840579711 0.11923076923076924 0.030797101449275364
1 0.5173076923076924 0.8713768115942029 0.125 0.036231884057971016
0 0.33653846153846156 0.4855072463768116 0.08269230769230769 0.06702898550724638
