0 0.5067307692307692 0.8885869565217391 0.08461538461538462 0.08152173913043478
0 0.4673076923076923 0.7572463768115942 0.08269230769230769 0.07971014492753623
0 0.3192307692307692 0.6847826086956522 0.08461538461538462 0.07427536231884058
0 0.3663461538461538 0.6014492753623188 0.07884615384615384 0.07608695652173914
0 0.16346153846153846 0.6938405797101449 0.05961538461538462 0.057971014492753624
0 0.19230769230769232 0.4438405797101449 0.06538461538461539 0.06521739130434782
0 0.23846153846153847 0.3052536231884058 0.07307692307692308 0.07065217391304347
0 0.11826923076923077 0.11503623188405797 0.08461538461538462 0.07789855072463768
0 0.875 0.21920289855072464 0.09038461538461538 0.07608695652173914
1 0.6076923076923076 0.05253623188405797 0.25576923076923075 0.07065217391304347
0 0.5951923076923077 0.38858695652173914 0.09038461538461538 0.07971014492753623
0 0.6307692307692307 0.572463768115942 0.08846153846153847 0.07427536231884058
1 0.3096153846153846 0.1068840579710145 0.12884615384615383 0.04528985507246377
1 0.2759615384615385 0.9003623188405797 0.12884615384615383 0.043478260869565216
1 0.6201923076923077 0.8369565217391305 0.11346153846153846 0.041666666666666664
1 0.9259615384615385 0.6340579710144928 0.04423076923076923 0.11231884057971014
1 0.8740384615384615 0.3813405797101449 0.05 0.11775362318840579
0 0.5307692307692308 0.6521739130434783 0.07884615384615384 0.08333333333333333
