0 0.4495114006514658 0.19008264462809918 0.05374592833876222 0.07024793388429752
0 0.740228013029316 0.7448347107438017 0.06026058631921824 0.07231404958677685
0 0.498371335504886 0.8233471074380165 0.050488599348534204 0.0640495867768595
0 0.4258957654723127 0.862603305785124 0.05374592833876222 0.07644628099173553
1 0.753257328990228 0.5785123966942148 0.06840390879478828 0.19421487603305784
1 0.8151465798045603 0.27169421487603307 0.050488599348534204 0.12396694214876033
1 0.6815960912052117 0.9421487603305785 0.05374592833876222 0.11570247933884298
1 0.21254071661237786 0.8543388429752066 0.04234527687296417 0.11983471074380166
1 0.2890879478827362 0.4535123966942149 0.043973941368078175 0.1012396694214876
1 0.34120521172638435 0.19111570247933884 0.035830618892508145 0.06611570247933884
0 0.38355048859934854 0.7706611570247934 0.057003257328990226 0.0640495867768595
0 0.23289902280130292 0.6332644628099173 0.05863192182410423 0.0743801652892562
1 0.36482084690553745 0.0743801652892562 0.035830618892508145 0.07231404958677685
0 0.6286644951140065 0.06301652892561983 0.057003257328990226 0.08264462809917356
0 0.5407166123778502 0.03925619834710744 0.06188925081433225 0.07851239669421488
0 0.6555374592833876 0.3760330578512397 0.057003257328990226 0.07851239669421488
0 0.6164495114006515 0.2902892561983471 0.057003257328990226 0.07024793388429752
0 0.49185667752442996 0.3181818181818182 0.05211726384364821 0.06818181818181818
0 0.48615635179153094 0.2427685950413223 0.05211726384364821 0.06611570247933884
