0 0.6237785016286646 0.7747933884297521 0.04723127035830619 0.06198347107438017
0 0.21172638436482086 0.3605371900826446 0.05374592833876222 0.06198347107438017
0 0.4226384364820847 0.1921487603305785 0.04560260586319218 0.05578512396694215
0 0.4820846905537459 0.12603305785123967 0.04560260586319218 0.07024793388429752
1 0.24022801302931596 0.5237603305785123 0.04234527687296417 0.1921487603305785
1 0.255700325732899 0.8409090909090909 0.035830618892508145 0.11983471074380166
1 0.2182410423452769 0.14566115702479338 0.03908794788273615 0.11983471074380166
1 0.6864820846905537 0.05475206611570248 0.02768729641693811 0.10950413223140495
1 0.7117263843648208 0.4617768595041322 0.030944625407166124 0.09917355371900827
1 0.7263843648208469 0.731404958677686 0.02768729641693811 0.06198347107438017
0 0.5447882736156352 0.1962809917355372 0.05211726384364821 0.05371900826446281
0 0.7214983713355049 0.2675619834710744 0.05211726384364821 0.06611570247933884
1 0.7320846905537459 0.8522727272727273 0.02768729641693811 0.06818181818181818
0 0.4812703583061889 0.9638429752066116 0.04723127035830619 0.07231404958677685
0 0.5732899022801303 0.9576446280991735 0.05211726384364821 0.07851239669421488
0 0.38273615635179153 0.6787190082644629 0.048859934853420196 0.07024793388429752
0 0.43973941368078173 0.7458677685950413 0.050488599348534204 0.06198347107438017
0 0.5521172638436482 0.6694214876033058 0.04560260586319218 0.06198347107438017
0 0.5757328990228013 0.7386363636363636 0.04560260586319218 0.05991735537190083
