0 0.14333333333333334 0.49166925465838507 0.05509559434746465 0.09597826086956514
1 0.9742435577722359 0.7107220496894411 0.03275976724854518 0.23088509316770195
0 0.6019700748129676 0.9269953416149068 0.052119700748129716 0.11265527950310551
1 0.115785536159601 0.2795729813664596 0.02977556109725685 0.33100931677018636
0 0.6660016625103907 0.44854813664596277 0.052119700748129716 0.09318322981366459
0 0.5807564422277639 0.4075232919254658 0.048395677472984226 0.09734472049689437
0 0.4992227763923525 0.49166925465838507 0.053607647547797184 0.09874223602484478
0 0.10089359933499584 0.49166925465838507 0.050631753948462165 0.09318322981366459
1 0.9731296758104738 0.28304347826086956 0.030532003325020797 0.24062111801242234
0 0.6243100581878637 0.6592624223602485 0.05658354114713212 0.09458074534161486
