1 0.9160735294117647 0.5063258317025441 0.03344117647058825 0.0917906066536203
1 0.9160735294117647 0.334554794520548 0.03761764705882342 0.09318003913894327
0 0.584764705882353 0.3874070450097847 0.08570588235294113 0.054246575342465804
0 0.5230955882352941 0.28587573385518594 0.07942647058823528 0.05145792563600786
1 0.057999999999999996 0.3714138943248532 0.0271764705882353 0.1390900195694716
0 0.4300735294117647 0.5556947162426614 0.08988235294117648 0.059804305283757235
0 0.454110294117647 0.45973091976516633 0.10451470588235284 0.059814090019569464
0 0.5565367647058823 0.515366927592955 0.07107352941176477 0.051457925636007804
1 0.9213014705882353 0.7017318982387475 0.027161764705882392 0.059804305283757235
1 0.9171176470588235 0.6370596868884539 0.03135294117647049 0.05562622309197643
