1 0.6102941176470589 0.7671232876712328 0.1426470588235294 0.04403131115459882
1 0.35955882352941176 0.8087084148727984 0.14411764705882352 0.046966731898238745
0 0.35661764705882354 0.5817025440313112 0.09852941176470588 0.0684931506849315
0 0.19338235294117648 0.5665362035225049 0.09411764705882353 0.06360078277886497
1 0.2051470588235294 0.2455968688845401 0.2088235294117647 0.050880626223091974
0 0.5647058823529412 0.44129158512720157 0.10882352941176471 0.07240704500978473
0 0.43014705882352944 0.48043052837573386 0.11176470588235295 0.0821917808219178
0 0.5360294117647059 0.5327788649706457 0.09264705882352942 0.057729941291585124
1 0.8955882352941177 0.723091976516634 0.09411764705882353 0.03131115459882583
1 0.8007352941176471 0.735812133072407 0.08823529411764706 0.033268101761252444
