1 0.6701461377870563 0.9380804953560371 0.11899791231732777 0.07120743034055728
1 0.4363256784968685 0.9876160990712074 0.1837160751565762 0.02476780185758514
0 0.4321503131524008 0.28173374613003094 0.054279749478079335 0.08668730650154799
0 0.4290187891440501 0.4179566563467492 0.05010438413361169 0.06811145510835913
0 0.5427974947807933 0.9814241486068112 0.05010438413361169 0.03715170278637771
0 0.5981210855949896 0.586687306501548 0.05845511482254697 0.09597523219814241
0 0.534446764091858 0.29411764705882354 0.04384133611691023 0.07430340557275542
0 0.6325678496868476 0.35294117647058826 0.04384133611691023 0.07430340557275542
0 0.6430062630480167 0.29876160990712075 0.06680584551148225 0.08668730650154799
0 0.6826722338204593 0.28792569659442724 0.06680584551148225 0.0804953560371517
0 0.5793319415448852 0.2306501547987616 0.05636743215031315 0.09287925696594428
