1 0.06858037578288101 0.6558204334365325 0.020626304801670145 0.16272445820433437
1 0.830125260960334 0.6412074303405573 0.022505219206680527 0.17523219814241492
1 0.8263778705636743 0.28236842105263155 0.018768267223382065 0.2726006191950464
0 0.34056367432150314 0.4548452012383902 0.05064718162839246 0.06399380804953565
0 0.42919624217119 0.4179876160990712 0.03843423799582469 0.06260061919504648
0 0.8479436325678498 0.44510835913312696 0.05626304801670155 0.06674922600619196
0 0.5801878914405011 0.6203405572755417 0.055323590814196244 0.06953560371517022
0 0.3733924843423799 0.5994891640866873 0.041273486430062595 0.05284829721362227
0 0.43482254697286005 0.7253560371517027 0.042212943632567904 0.05145510835913314
0 0.40340292275574113 0.7538699690402477 0.04688935281837157 0.08346749226006195
0 0.40481210855949895 0.8136687306501548 0.04219206680584547 0.08622291021671834
0 0.34291231732776617 0.6801547987616099 0.05158663883089766 0.06674922600619196
1 0.06671189979123174 0.33800309597523226 0.026242171189979124 0.2364396284829722
