1 0.3277661795407098 0.9365325077399381 0.11899791231732777 0.07120743034055728
1 0.5636743215031316 0.9876160990712074 0.1837160751565762 0.02476780185758514
0 0.5678496868475992 0.28173374613003094 0.054279749478079335 0.08668730650154799
0 0.5709812108559499 0.4179566563467492 0.05010438413361169 0.06811145510835913
0 0.4551148225469729 0.9814241486068112 0.05010438413361169 0.03715170278637771
0 0.40187891440501045 0.586687306501548 0.05845511482254697 0.09597523219814241
0 0.46555323590814196 0.29411764705882354 0.04384133611691023 0.07430340557275542
0 0.3674321503131524 0.35294117647058826 0.04384133611691023 0.07430340557275542
0 0.3569937369519833 0.29876160990712075 0.06680584551148225 0.08668730650154799
0 0.3173277661795407 0.28792569659442724 0.06680584551148225 0.0804953560371517
0 0.42066805845511485 0.2306501547987616 0.05636743215031315 0.09287925696594428
