0 0.9136155606407322 0.8238841978287093 0.08581235697940504 0.10253317249698432
0 0.8323798627002288 0.5398069963811821 0.08123569794050343 0.09288299155609167
0 0.9164759725400458 0.9041013268998793 0.08810068649885583 0.10735826296743065
0 0.7013729977116705 0.6712907117008444 0.08009153318077804 0.08323281061519903
0 0.5995423340961098 0.7581423401688782 0.09382151029748284 0.08926417370325694
0 0.35697940503432496 0.6809408926417371 0.08695652173913043 0.09167671893848009
0 0.20766590389016018 0.2804583835946924 0.08810068649885583 0.1158021712907117
1 0.7751716247139588 0.2744270205066345 0.13157894736842105 0.06272617611580217
1 0.5383295194508009 0.2925211097708082 0.14988558352402745 0.06875753920386007
1 0.37128146453089245 0.30518697225572977 0.14416475972540047 0.06513872135102533
1 0.09096109839816933 0.39505428226779254 0.059496567505720827 0.07599517490952955
1 0.07608695652173914 0.7665862484921593 0.059496567505720827 0.1399276236429433
