0 0.25418060200668896 0.6117533718689788 0.10367892976588629 0.057803468208092484
0 0.3779264214046823 0.535645472061657 0.11371237458193979 0.057803468208092484
1 0.18394648829431437 0.2350674373795761 0.08695652173913043 0.028901734104046242
1 0.27591973244147155 0.22832369942196531 0.13043478260869565 0.02697495183044316
1 0.6605351170568562 0.20134874759152216 0.13043478260869565 0.036608863198458574
1 0.7491638795986622 0.1994219653179191 0.07692307692307693 0.028901734104046242
1 0.725752508361204 0.7129094412331407 0.13377926421404682 0.03275529865125241
1 0.8260869565217391 0.708092485549133 0.10033444816053512 0.02697495183044316
1 0.3377926421404682 0.7408477842003853 0.08695652173913043 0.025048169556840076
0 0.5167224080267558 0.7524084778420038 0.12040133779264214 0.08092485549132948
0 0.5468227424749164 0.18497109826589594 0.12374581939799331 0.07514450867052024
0 0.5066889632107023 0.6377649325626205 0.12040133779264214 0.07707129094412331
0 0.5418060200668896 0.8073217726396917 0.11371237458193979 0.06936416184971098
