0 0.23314381270903012 0.5931502890173411 0.09418060200668896 0.05146435452793841
0 0.37075250836120405 0.5270809248554913 0.10377926421404683 0.05007707129094414
1 0.24280936454849497 0.21484585741811177 0.08448160535117057 0.023641618497109846
1 0.3345484949832776 0.21484585741811174 0.12795986622073577 0.01809248554913292
1 0.7220066889632107 0.21484585741811177 0.12555183946488302 0.02641618497109828
1 0.8113377926421405 0.21832369942196533 0.07244147157190643 0.02223506743737956
1 0.678561872909699 0.7273699421965318 0.13036789297658868 0.02225433526011552
1 0.7799498327759198 0.7294508670520232 0.09655518394648831 0.020867052023121467
1 0.2874581939799331 0.7273603082851637 0.0820735785953177 0.01946050096339118
0 0.4624916387959866 0.7516955684007707 0.10866220735785956 0.07371868978805393
0 0.6133779264214047 0.1912042389210019 0.11103678929765882 0.06815028901734105
0 0.47819397993311036 0.6369653179190752 0.10622073578595315 0.06953757225433532
0 0.4757692307692308 0.8080346820809249 0.10137123745819399 0.06396917148362244
