0 0.267962308598351 0.5971830985915493 0.07420494699646643 0.05821596244131456
0 0.36808009422850413 0.215962441314554 0.06949352179034157 0.04976525821596244
0 0.4381625441696113 0.30422535211267604 0.06949352179034157 0.05258215962441314
0 0.5058892815076561 0.2577464788732394 0.06007067137809187 0.05352112676056338
0 0.6325088339222615 0.2830985915492958 0.0706713780918728 0.05258215962441314
0 0.6348645465253239 0.33943661971830985 0.0706713780918728 0.056338028169014086
0 0.8663133097762074 0.5971830985915493 0.0812720848056537 0.06103286384976526
0 0.9216725559481743 0.5967136150234742 0.08833922261484099 0.05258215962441314
1 0.2043580683156655 0.7380281690140845 0.04122497055359246 0.12582159624413145
1 0.19199057714958775 0.34413145539906104 0.0447585394581861 0.12582159624413145
1 0.18845700824499412 0.19624413145539907 0.04122497055359246 0.046948356807511735
1 0.8816254416961131 0.23380281690140844 0.045936395759717315 0.12769953051643193
1 0.8845700824499411 0.3563380281690141 0.038869257950530034 0.1107981220657277
1 0.8951707891637221 0.6605633802816901 0.03769140164899882 0.08544600938967137
1 0.8951707891637221 0.7460093896713615 0.03769140164899882 0.10140845070422536
0 0.5141342756183745 0.6413145539906103 0.053003533568904596 0.05821596244131456
0 0.5176678445229682 0.7488262910798122 0.0447585394581861 0.05070422535211268
0 0.11366313309776208 0.5948356807511737 0.07773851590106007 0.05821596244131456
0 0.16784452296819788 0.5957746478873239 0.09187279151943463 0.06103286384976526
0 0.36454652532391046 0.6070422535211267 0.06949352179034157 0.05258215962441314
