0 0.3822791519434629 0.6870845070422535 0.0715312131919906 0.05841314553990614
0 0.8585747938751471 0.6001549295774647 0.061060070671377996 0.054244131455399046
0 0.7469140164899882 0.5459107981220657 0.06454652532391043 0.054244131455399046
0 0.8036160188457008 0.49097652582159623 0.06628975265017664 0.04728638497652578
0 0.7695936395759717 0.39084037558685447 0.06455830388692572 0.05563380281690141
0 0.6989340400471142 0.3894507042253521 0.06978798586572438 0.05563380281690141
0 0.37180800942285036 0.21002816901408453 0.07501766784452303 0.06398122065727699
0 0.37180800942285036 0.16552112676056338 0.06455830388692572 0.06953990610328639
1 0.2069434628975265 0.7399342723004695 0.15702002355712602 0.03059154929577458
1 0.7006772673733804 0.7427183098591549 0.15702002355712597 0.0333802816901408
1 0.8864899882214371 0.7434131455399061 0.05757361601884583 0.03199061032863844
1 0.8271672555948174 0.19125352112676056 0.1587632508833922 0.03476995305164317
1 0.6736395759717314 0.19125352112676056 0.13783274440518253 0.029211267605633816
1 0.2915547703180212 0.18777934272300467 0.10643109540636041 0.02782159624413145
1 0.18425795053003532 0.18916901408450704 0.12561837455830388 0.02782159624413145
0 0.322962308598351 0.49097652582159623 0.0715312131919906 0.041727699530516485
0 0.1877502944640754 0.4902769953051643 0.06280329799764428 0.03476995305164317
0 0.3875088339222615 0.8094741784037559 0.0715312131919906 0.06120187793427236
0 0.3857656065959953 0.7663568075117371 0.07501766784452303 0.07231924882629107
0 0.3683215547703181 0.6098920187793427 0.06455830388692572 0.054244131455399046
