0 0.7467608951707891 0.4295774647887324 0.0812720848056537 0.06384976525821597
0 0.5806831566548881 0.795774647887324 0.07538280329799764 0.05539906103286385
0 0.5270906949352179 0.7009389671361502 0.07538280329799764 0.05821596244131456
0 0.45170789163722025 0.7394366197183099 0.06595995288574794 0.05821596244131456
0 0.3309776207302709 0.7 0.07656065959952886 0.05821596244131456
0 0.3386336866902238 0.644131455399061 0.07773851590106007 0.061971830985915494
0 0.15429917550058891 0.3629107981220657 0.08833922261484099 0.0676056338028169
0 0.09952885747938751 0.35774647887323946 0.09422850412249706 0.06009389671361502
1 0.8345111896348646 0.2971830985915493 0.05771495877502945 0.12769953051643193
1 0.7779740871613663 0.6882629107981221 0.061248527679623084 0.12769953051643193
1 0.7555948174322733 0.8352112676056338 0.04711425206124853 0.04976525821596244
1 0.07538280329799764 0.7215962441314554 0.0624263839811543 0.13051643192488263
1 0.09422850412249706 0.6 0.053003533568904596 0.11267605633802817
1 0.13663133097762073 0.2971830985915493 0.048292108362779744 0.08732394366197183
1 0.1513545347467609 0.21220657276995306 0.050647820965842166 0.10328638497652583
0 0.5106007067137809 0.3586854460093897 0.06007067137809187 0.061971830985915494
0 0.5259128386336867 0.2516431924882629 0.050647820965842166 0.05352112676056338
0 0.8987043580683156 0.4488262910798122 0.08480565371024736 0.06384976525821597
0 0.8451118963486455 0.4422535211267606 0.0989399293286219 0.06854460093896714
0 0.6531213191990577 0.4089201877934272 0.07538280329799764 0.05821596244131456
