0 0.2569727891156463 0.6724613220815753 0.06894557823129255 0.05701828410689165
0 0.2578146258503402 0.7656399437412096 0.07062925170068023 0.06258790436005626
0 0.22081632653061226 0.8268424753867791 0.0639115646258503 0.03753867791842483
0 0.22081632653061226 0.8741350210970464 0.06727891156462586 0.04033755274261612
0 0.22081632653061226 0.914465541490858 0.05717687074829933 0.045893108298171746
0 0.7446853741496599 0.5292053445850915 0.0588605442176871 0.0542475386779185
0 0.6782568027210885 0.5278129395218003 0.06726190476190469 0.0542475386779185
1 0.14849489795918366 0.289985935302391 0.1278061224489796 0.02087201125175805
1 0.3864625850340136 0.29068213783403657 0.13285714285714287 0.01947960618846698
1 0.6084608843537416 0.29207454289732776 0.11940476190476197 0.01947960618846698
1 0.8506292517006803 0.2913783403656821 0.12948979591836732 0.02087201125175805
1 0.862406462585034 0.7489592123769341 0.08913265306122443 0.015302390998593684
1 0.7093622448979591 0.7461744022503516 0.08913265306122443 0.02087201125175797
0 0.2864030612244898 0.2649507735583685 0.06389455782312924 0.05980309423347396
1 0.40496598639455783 0.7447819971870604 0.09585034013605445 0.01808720112517567
0 0.6647959183673469 0.6084810126582278 0.0706462585034013 0.043122362869198266
0 0.7581377551020407 0.5931856540084388 0.06896258503401353 0.04589310829817158
0 0.7556122448979591 0.6529887482419128 0.06727891156462576 0.04589310829817158
0 0.32508503401360545 0.6592545710267229 0.06727891156462586 0.047285513361462736
0 0.7547704081632653 0.2698241912798875 0.06559523809523818 0.0584106891701828
0 0.15859693877551023 0.5417229254571027 0.07736394557823131 0.048677918424753885
0 0.19811224489795914 0.5897116736990154 0.06557823129251698 0.04172995780590712
