0 0.7210884353741497 0.3080168776371308 0.07312925170068027 0.06047819971870605
0 0.8333333333333334 0.3136427566807314 0.0782312925170068 0.06188466947960619
0 0.9098639455782312 0.2869198312236287 0.04931972789115646 0.05485232067510549
0 0.9659863945578231 0.2890295358649789 0.05272108843537415 0.057665260196905765
0 0.9923469387755102 0.2890295358649789 0.015306122448979591 0.04922644163150492
0 0.5229591836734694 0.7039381153305204 0.06972789115646258 0.052039381153305204
0 0.5246598639455783 0.6490857946554149 0.06972789115646258 0.05907172995780591
1 0.26445578231292516 0.1990154711673699 0.03231292517006803 0.10689170182841069
1 0.25255102040816324 0.3952180028129395 0.030612244897959183 0.1111111111111111
1 0.24319727891156462 0.5787623066104078 0.030612244897959183 0.09985935302390998
1 0.22959183673469388 0.7784810126582279 0.03231292517006803 0.10829817158931083
1 0.7814625850340136 0.8122362869198312 0.023809523809523808 0.07454289732770746
1 0.7865646258503401 0.6856540084388185 0.030612244897959183 0.07454289732770746
0 0.22789115646258504 0.31153305203938114 0.07653061224489796 0.05625879043600562
1 0.8001700680272109 0.4338959212376934 0.027210884353741496 0.08016877637130802
0 0.6224489795918368 0.6420534458509142 0.05612244897959184 0.06188466947960619
0 0.5994897959183674 0.7187060478199718 0.05952380952380952 0.06047819971870605
0 0.6717687074829932 0.7194092827004219 0.05952380952380952 0.05907172995780591
0 0.7006802721088435 0.36357243319268634 0.061224489795918366 0.05907172995780591
0 0.20918367346938777 0.6983122362869199 0.07482993197278912 0.057665260196905765
0 0.5680272108843537 0.22081575246132207 0.06292517006802721 0.06610407876230662
0 0.6241496598639455 0.2552742616033755 0.05442176870748299 0.057665260196905765
