0 0.26875180375180374 0.3838156209987196 0.07681096681096684 0.0584122919334187
1 0.30167388167388165 0.8580857874519846 0.11128427128427129 0.027823303457106298
1 0.18646464646464647 0.8559987195902689 0.12539682539682542 0.02364916773367481
1 0.786010101010101 0.12790012804097312 0.1394949494949495 0.02225352112676056
1 0.5563780663780664 0.127202304737516 0.12539682539682537 0.02920614596670935
1 0.19665223665223666 0.12929577464788733 0.13636363636363635 0.030601792573623568
0 0.6425901875901876 0.730134443021767 0.08151515151515153 0.055633802816901466
0 0.5587301587301587 0.6459859154929577 0.08935064935064929 0.06536491677336742
0 0.8126551226551227 0.6814468629961589 0.07053391053391068 0.06120358514724706
0 0.7397691197691197 0.5847887323943662 0.07838383838383838 0.06537772087067854
0 0.7162626262626263 0.4130217669654289 0.0752380952380953 0.07231754161331629
