0 0.39826839826839827 0.28169014084507044 0.07503607503607504 0.07426376440460948
1 0.9242424242424242 0.3687580025608195 0.044733044733044736 0.10115236875800256
1 0.9365079365079365 0.26696542893725994 0.04040404040404041 0.11395646606914213
1 0.049062049062049064 0.706145966709347 0.04184704184704185 0.12548015364916773
1 0.07647907647907648 0.5038412291933418 0.047619047619047616 0.11395646606914213
1 0.12265512265512266 0.1882202304737516 0.050505050505050504 0.12291933418693982
0 0.7395382395382395 0.6536491677336748 0.07215007215007214 0.07810499359795134
0 0.6558441558441559 0.5691421254801536 0.0836940836940837 0.08706786171574904
0 0.6645021645021645 0.7970550576184379 0.07792207792207792 0.06914212548015365
0 0.5656565656565656 0.7215108834827144 0.08225108225108226 0.07682458386683738
0 0.3759018759018759 0.6798975672215108 0.08946608946608947 0.07426376440460948
