0 0.31024531024531027 0.3348271446862996 0.09090909090909091 0.07426376440460948
1 0.2041847041847042 0.8002560819462228 0.11544011544011544 0.052496798975672214
1 0.09307359307359307 0.7714468629961587 0.12842712842712842 0.05121638924455826
1 0.8845598845598845 0.20614596670934698 0.1414141414141414 0.05377720870678617
1 0.663059163059163 0.1530089628681178 0.12987012987012986 0.05761843790012804
1 0.3152958152958153 0.07234314980793854 0.1414141414141414 0.06145966709346991
0 0.5707070707070707 0.7548015364916774 0.09379509379509379 0.07170294494238157
0 0.5137085137085137 0.6542893725992317 0.10533910533910534 0.08322663252240717
0 0.7489177489177489 0.7464788732394366 0.08658008658008658 0.07554417413572344
0 0.7070707070707071 0.6363636363636364 0.09379509379509379 0.08066581306017925
0 0.7344877344877345 0.4654289372599232 0.09379509379509379 0.08706786171574904
