0 0.41143497757847536 0.7068548387096775 0.09192825112107623 0.06612903225806452
0 0.8957399103139013 0.6838709677419355 0.08744394618834081 0.06451612903225806
0 0.867152466367713 0.5830645161290322 0.07847533632286996 0.06532258064516129
0 0.6647982062780269 0.5907258064516129 0.09417040358744394 0.06532258064516129
0 0.6939461883408071 0.6818548387096774 0.09192825112107623 0.06612903225806452
0 0.5459641255605381 0.7129032258064516 0.08071748878923767 0.05806451612903226
0 0.797085201793722 0.34516129032258064 0.09977578475336323 0.06290322580645161
0 0.7124439461883408 0.3467741935483871 0.08183856502242152 0.06612903225806452
0 0.02914798206278027 0.2629032258064516 0.05829596412556054 0.06612903225806452
0 0.05493273542600897 0.6080645161290322 0.08183856502242152 0.062096774193548386
0 0.4854260089686099 0.6443548387096775 0.0952914798206278 0.06290322580645161
1 0.9136771300448431 0.7858870967741935 0.11210762331838565 0.029838709677419355
1 0.9052690582959642 0.43709677419354837 0.1804932735426009 0.04032258064516129
1 0.4624439461883408 0.4645161290322581 0.07511210762331838 0.03467741935483871
1 0.2281390134529148 0.4814516129032258 0.2163677130044843 0.04032258064516129
1 0.10482062780269058 0.7540322580645161 0.04932735426008968 0.12096774193548387
1 0.09585201793721973 0.665725806451613 0.042600896860986545 0.06451612903225806
1 0.05605381165919283 0.37661290322580643 0.06278026905829596 0.18629032258064515
1 0.5028026905829597 0.8116935483870967 0.06726457399103139 0.03306451612903226
1 0.9775784753363229 0.7794354838709677 0.04484304932735426 0.028225806451612902
