0 0.35818385650224216 0.3092741935483871 0.09417040358744394 0.06774193548387097
0 0.8396860986547086 0.26491935483870965 0.08856502242152467 0.06532258064516129
0 0.8385650224215246 0.3681451612903226 0.08071748878923767 0.06612903225806452
0 0.6373318385650224 0.3883064516129032 0.0952914798206278 0.06612903225806452
0 0.6418161434977578 0.29516129032258065 0.09417040358744394 0.06774193548387097
0 0.48878923766816146 0.2846774193548387 0.08183856502242152 0.05967741935483871
0 0.8323991031390134 0.6112903225806452 0.10089686098654709 0.06370967741935483
0 0.749439461883408 0.6209677419354839 0.08408071748878924 0.06693548387096775
0 0.08464125560538116 0.8 0.0952914798206278 0.06774193548387097
0 0.03811659192825112 0.45483870967741935 0.07623318385650224 0.06290322580645161
0 0.44730941704035876 0.3604838709677419 0.09641255605381166 0.06370967741935483
1 0.8301569506726457 0.1625 0.11210762331838565 0.031451612903225803
1 0.9119955156950673 0.5048387096774194 0.17600896860986548 0.041935483870967745
1 0.4725336322869955 0.5399193548387097 0.07623318385650224 0.035483870967741936
1 0.2382286995515695 0.5556451612903226 0.2163677130044843 0.042741935483870966
1 0.04484304932735426 0.30483870967741933 0.0515695067264574 0.12096774193548387
1 0.05941704035874439 0.392741935483871 0.043721973094170405 0.06532258064516129
1 0.09697309417040359 0.682258064516129 0.06726457399103139 0.1870967741935484
1 0.4204035874439462 0.1935483870967742 0.06726457399103139 0.03387096774193549
1 0.9125560538116592 0.15766129032258064 0.08295964125560538 0.02903225806451613
