0 0.2216087443946188 0.41866532258064515 0.08507847533632286 0.061201612903225844
0 0.20517376681614352 0.9172741935483871 0.09086322869955159 0.07370967741935491
0 0.21097533632286997 0.7677620967741935 0.08313901345291476 0.058411290322580696
0 0.3530829596412556 0.7559395161290323 0.08506726457399102 0.051459677419354796
0 0.3598486547085202 0.6098991935483871 0.08312780269058294 0.06258870967741928
0 0.2312780269058296 0.6231129032258065 0.08506726457399102 0.06119354838709686
0 0.2013116591928251 0.5146290322580646 0.07540358744394618 0.05285483870967739
0 0.6885313901345292 0.7260322580645161 0.07926008968609871 0.066758064516129
0 0.6933632286995516 0.6655322580645161 0.08506726457399115 0.05424193548387096
0 0.8712387892376683 0.1711008064516129 0.08507847533632298 0.0639758064516129
0 0.38885089686098656 0.17179032258064514 0.07927130044843053 0.05424193548387096
0 0.30184417040358746 0.4770766129032257 0.0792713004484305 0.06397580645161284
1 0.06790358744394619 0.7712379032258064 0.03286995515695067 0.07928225806451608
1 0.12977017937219731 0.8929354838709678 0.08312780269058297 0.03059677419354843
1 0.3656502242152467 0.8901532258064516 0.09860986547085206 0.0250322580645161
1 0.796804932735426 0.8943266129032258 0.19914798206278012 0.03337903225806441
1 0.6121580717488789 0.8929354838709678 0.07346412556053808 0.0250322580645161
1 0.5512556053811659 0.8073991935483871 0.040605381165919316 0.14881451612903232
1 0.5522197309417041 0.47638306451612894 0.042533632286995575 0.051459677419354796
1 0.5493217488789238 0.30670564516129034 0.03673766816143496 0.15437903225806457
1 0.1829372197309417 0.19474193548387098 0.1662780269058296 0.025032258064516123
1 0.30571188340807176 0.19613306451612905 0.08700672645739913 0.02504032258064517
1 0.709798206278027 0.1926532258064516 0.2571524663677131 0.02920967741935486
1 0.0679035874439462 0.474991935483871 0.04060538116591929 0.04590322580645167
1 0.06983183856502242 0.8400846774193548 0.03286995515695067 0.0751048387096775
