1 0.5950527704485489 0.8157589880159787 0.1157519788918206 0.031997336884154425
0 0.5929881266490765 0.5890479360852197 0.07027704485488125 0.07093209054593873
0 0.24986807387862797 0.5932223701731025 0.07577836411609498 0.06814913448735013
0 0.24435356200527705 0.47639813581890816 0.05926121372031665 0.05423435419440748
0 0.2788060686015831 0.8484420772303596 0.07853562005277041 0.09179760319573908
1 0.12378627968337733 0.12382157123834886 0.12952506596306068 0.030599201065246325
1 0.5247757255936676 0.12590545938748335 0.24253298153034306 0.0403328894806924
1 0.7280277044854881 0.1947536617842876 0.03170184696569917 0.06676431424766975
1 0.7307783641160949 0.4506657789613848 0.03168865435356198 0.12796271637816248
0 0.30360817941952506 0.09601198402130494 0.07027704485488125 0.07788282290279629
1 0.1279155672823219 0.8150599201065246 0.063377308707124 0.03616511318242355
1 0.4131530343007916 0.812276964047936 0.1157519788918206 0.02503328894806918
0 0.2553759894459103 0.3484354194407457 0.07579155672823218 0.07093209054593873
0 0.2354023746701847 0.2990679094540613 0.038588390501319264 0.030599201065246363
0 0.36011213720316626 0.6008721704394141 0.07027704485488125 0.06398135818908117
