1 0.3324538258575198 0.7829560585885486 0.12005277044854881 0.05992010652463382
0 0.38852242744063326 0.5639147802929427 0.08443271767810026 0.085219707057257
0 0.7203166226912929 0.651797603195739 0.08970976253298153 0.08388814913448735
0 0.753957783641161 0.5399467376830892 0.0712401055408971 0.06790945406125166
0 0.6312664907651715 0.8921438082556591 0.09894459102902374 0.10785619174434088
1 0.9439313984168866 0.22636484687083888 0.11213720316622691 0.06125166444740346
1 0.5653034300791556 0.1311584553928096 0.24538258575197888 0.0985352862849534
1 0.35158311345646437 0.1484687083888149 0.04617414248021108 0.07190412782956059
1 0.287598944591029 0.39613848202396806 0.06200527704485488 0.1318242343541944
0 0.787598944591029 0.15579227696404793 0.08575197889182058 0.09187749667110519
1 0.7856200527704486 0.8961384820239681 0.06992084432717678 0.05059920106524634
1 0.5098944591029023 0.8242343541944075 0.11873350923482849 0.05326231691078562
0 0.7737467018469657 0.41278295605858856 0.08970976253298153 0.08655126498002663
0 0.8047493403693932 0.36950732356857524 0.044854881266490766 0.03861517976031957
0 0.6114775725593667 0.6324900133155792 0.08311345646437995 0.07856191744340879
