1 0.6530343007915568 0.7916111850865513 0.12005277044854881 0.05326231691078562
0 0.6081794195250659 0.5699067909454061 0.08179419525065963 0.08255659121171771
0 0.27242744063324537 0.6398135818908123 0.0870712401055409 0.08122503328894808
0 0.24406332453825857 0.5266311584553928 0.06860158311345646 0.06524633821571238
0 0.34894459102902375 0.8841544607190412 0.09498680738786279 0.1051930758988016
1 0.0633245382585752 0.20306258322237017 0.1266490765171504 0.05459387483355526
1 0.45382585751978893 0.1278295605858855 0.24538258575197888 0.08655126498002663
1 0.6662269129287599 0.15645805592543274 0.04353562005277045 0.07190412782956059
1 0.7170184696569921 0.40745672436750996 0.055408970976253295 0.1318242343541944
0 0.23087071240105542 0.1411451398135819 0.08311345646437995 0.08921438082556592
1 0.1945910290237467 0.8808255659121171 0.06860158311345646 0.047936085219707054
1 0.4736147757255937 0.8235685752330226 0.11873350923482849 0.04660452729693742
0 0.23087071240105542 0.3981358189081225 0.0870712401055409 0.08388814913448735
0 0.2025065963060686 0.35352862849533956 0.04353562005277045 0.037283621837549935
0 0.38192612137203164 0.6264980026631158 0.08047493403693931 0.0758988015978695
