0 0.22424354243542435 0.35134615384615386 0.03825338253382537 0.06669230769230768
1 0.12028290282902827 0.7253589743589743 0.009741697416974154 0.07246153846153844
1 0.09663591635916359 0.43398717948717946 0.045891758917589176 0.029000000000000005
1 0.1800861008610086 0.7818974358974359 0.09318573185731856 0.023179487179487087
1 0.3428167281672817 0.7811794871794873 0.020861008610086145 0.02174358974358979
1 0.4227859778597786 0.7818974358974359 0.06119311193111931 0.023179487179487087
1 0.4805043050430504 0.5687948717948718 0.011119311193111886 0.049282051282051355
1 0.4794649446494465 0.4035384615384615 0.009040590405904088 0.049282051282051355
1 0.5997662976629766 0.5195000000000001 0.013210332103321044 0.14787179487179491
1 0.7033825338253383 0.7797307692307693 0.11195571955719555 0.030435897435897447
1 0.8278659286592865 0.7797179487179488 0.02434194341943415 0.02174358974358979
1 0.9092250922509225 0.7818974358974359 0.057712177121771305 0.026102564102563973
1 0.9683394833948339 0.5209615384615384 0.010430504305043073 0.04638461538461532
1 0.904009840098401 0.24407692307692308 0.06120541205412053 0.02610256410256412
1 0.7837023370233702 0.24334615384615385 0.02504305043050418 0.027564102564102563
1 0.7099876998769988 0.24043589743589744 0.020861008610086145 0.021743589743589718
0 0.8661070110701107 0.5746025641025642 0.029901599015990092 0.07828205128205121
0 0.8709778597785978 0.5108076923076923 0.034083640836408406 0.055102564102564124
0 0.8556765067650676 0.3991794871794872 0.03546125461254604 0.06958974358974356
0 0.5865559655596556 0.3325 0.03825338253382537 0.06669230769230768
0 0.5876014760147601 0.19478205128205128 0.03894218942189418 0.06956410256410256
0 0.26145141451414516 0.8087179487179488 0.03616236162361621 0.0797435897435898
0 0.34629151291512916 0.45644871794871794 0.030590405904059047 0.07392307692307688
0 0.3511562115621156 0.5303717948717949 0.034760147601476006 0.06233333333333334
0 0.42070110701107005 0.35134615384615386 0.04172201722017215 0.05797435897435901
0 0.3511562115621156 0.32815384615384613 0.03894218942189418 0.06958974358974356
0 0.22007380073800736 0.4202051282051283 0.03407134071340712 0.0797435897435898
0 0.10672201722017219 0.34989743589743594 0.03546125461254611 0.06958974358974356
