1 0.3628536285362854 0.823076923076923 0.00984009840098401 0.04358974358974359
1 0.3634686346863469 0.6564102564102564 0.012300123001230012 0.1282051282051282
1 0.4661746617466175 0.5397435897435897 0.023370233702337023 0.023076923076923078
1 0.5455104551045511 0.5435897435897435 0.023370233702337023 0.017948717948717947
1 0.492619926199262 0.2923076923076923 0.07134071340713408 0.03076923076923077
1 0.3683886838868389 0.09358974358974359 0.015990159901599015 0.18717948717948718
1 0.6279212792127922 0.06794871794871794 0.00984009840098401 0.04358974358974359
0 0.5817958179581796 0.3217948717948718 0.033210332103321034 0.07948717948717948
0 0.6476014760147601 0.3230769230769231 0.03444034440344403 0.08205128205128205
0 0.34747847478474786 0.9743589743589743 0.038130381303813035 0.04358974358974359
0 0.518450184501845 0.8217948717948718 0.03567035670356704 0.06666666666666667
0 0.482779827798278 0.8102564102564103 0.02952029520295203 0.07179487179487179
0 0.5701107011070111 0.6679487179487179 0.02952029520295203 0.08717948717948718
0 0.5799507995079951 0.8128205128205128 0.03444034440344403 0.08205128205128205
