0 0.2939453125 0.22395833333333334 0.041015625 0.0546875
0 0.21875 0.23567708333333334 0.0390625 0.0546875
0 0.2490234375 0.18619791666666666 0.037109375 0.046875
0 0.7353515625 0.4908854166666667 0.041015625 0.046875
0 0.744140625 0.40234375 0.04296875 0.052083333333333336
0 0.6298828125 0.328125 0.03125 0.044270833333333336
0 0.6591796875 0.3307291666666667 0.03125 0.046875
0 0.7001953125 0.3216145833333333 0.03125 0.046875
0 0.7333984375 0.3125 0.037109375 0.044270833333333336
0 0.7685546875 0.3098958333333333 0.025390625 0.036458333333333336
0 0.765625 0.2708333333333333 0.037109375 0.052083333333333336
0 0.7236328125 0.21223958333333334 0.041015625 0.052083333333333336
0 0.642578125 0.15364583333333334 0.037109375 0.044270833333333336
1 0.75 0.009114583333333334 0.08203125 0.018229166666666668
0 0.6396484375 0.11197916666666667 0.0390625 0.046875
0 0.4580078125 0.7942708333333334 0.033203125 0.044270833333333336
0 0.462890625 0.71484375 0.033203125 0.044270833333333336
0 0.458984375 0.7057291666666666 0.029296875 0.044270833333333336
0 0.5947265625 0.6145833333333334 0.03515625 0.044270833333333336
0 0.5556640625 0.6171875 0.05078125 0.0546875
0 0.1630859375 0.3541666666666667 0.041015625 0.0546875
0 0.2998046875 0.4296875 0.0390625 0.052083333333333336
1 0.2578125 0.4205729166666667 0.046875 0.0234375
1 0.080078125 0.4166666666666667 0.013671875 0.041666666666666664
1 0.0673828125 0.296875 0.01953125 0.08072916666666667
1 0.0546875 0.18229166666666666 0.013671875 0.046875
1 0.4697265625 0.3346354166666667 0.015625 0.036458333333333336
1 0.4560546875 0.22005208333333334 0.021484375 0.0859375
1 0.4443359375 0.10677083333333333 0.013671875 0.041666666666666664
1 0.7919921875 0.4153645833333333 0.01953125 0.07552083333333333
1 0.650390625 0.4440104166666667 0.01953125 0.08072916666666667
1 0.681640625 0.48046875 0.046875 0.020833333333333332
1 0.4755859375 0.1484375 0.021484375 0.078125
1 0.556640625 0.36328125 0.064453125 0.026041666666666668
1 0.837890625 0.3098958333333333 0.05859375 0.028645833333333332
1 0.5478515625 0.040364583333333336 0.08203125 0.033854166666666664
0 0.296875 0.39453125 0.03515625 0.044270833333333336
0 0.310546875 0.34765625 0.037109375 0.0546875
