0 0.6747363281250001 0.1885286458333333 0.03650390625000011 0.048671874999999996
0 0.7514062499999999 0.1864453125 0.03546874999999994 0.050078124999999994
0 0.715947265625 0.14332031250000002 0.03337890625000006 0.04174479166666667
0 0.26583007812500004 0.5355338541666667 0.036503906249999996 0.04174479166666659
0 0.24757812499999998 0.4486067708333334 0.039648437499999994 0.04309895833333336
0 0.35345703125 0.3540234375 0.02816406250000003 0.04033854166666669
0 0.3242578125 0.36167968749999996 0.02816406250000003 0.04174479166666659
0 0.28357421875 0.36028645833333334 0.02816406250000003 0.04171874999999995
0 0.249140625 0.358203125 0.032343750000000004 0.04031250000000005
0 0.213681640625 0.3623828125 0.021894531250000016 0.03476562500000006
0 0.213154296875 0.32273437499999996 0.03337890625000001 0.047291666666666655
0 0.24810546875 0.2559765625 0.03652343749999998 0.04726562500000001
0 0.32268554687499995 0.18295572916666666 0.03337890624999995 0.04033854166666667
1 0.20063476562500002 0.0522265625 0.07927734375 0.020859374999999996
0 0.321640625 0.14192708333333334 0.03546875000000005 0.04171874999999999
0 0.5719921875 0.7837890625 0.02921875000000007 0.04033854166666669
0 0.5599902343750001 0.7052083333333333 0.030253906250000018 0.03895833333333343
0 0.56259765625 0.696171875 0.025039062500000098 0.04031250000000005
0 0.417607421875 0.6314973958333333 0.03130859374999995 0.03893229166666664
0 0.45724609375 0.6266276041666666 0.0458984375 0.04591145833333332
0 0.818681640625 0.2935286458333333 0.03650390625000011 0.05007812499999997
0 0.690380859375 0.39296875000000003 0.03443359374999999 0.04588541666666668
1 0.731064453125 0.3762890625 0.04486328125000005 0.015286458333333345
1 0.907353515625 0.3394270833333333 0.009394531249999893 0.03895833333333332
1 0.907353515625 0.21842447916666666 0.011464843750000009 0.07789062499999999
1 0.9078710937500001 0.10229166666666667 0.010429687500000062 0.043125000000000004
1 0.513056640625 0.33037760416666667 0.011464843750000009 0.03476562499999999
1 0.514619140625 0.2149609375 0.014589843750000053 0.08205729166666664
1 0.51357421875 0.10020833333333334 0.010429687500000062 0.038958333333333345
1 0.201689453125 0.46946614583333335 0.012519531249999993 0.07372395833333334
1 0.345634765625 0.47295572916666667 0.012519531250000049 0.07789062500000006
1 0.31798828125 0.5146614583333333 0.04695312500000004 0.013906249999999934
1 0.48697265625 0.1475 0.013554687499999996 0.07510416666666668
1 0.42959960937499997 0.3748958333333334 0.06154296874999998 0.015312499999999988
1 0.14587890625 0.3748958333333334 0.05738281249999999 0.01807291666666666
1 0.40457031250000003 0.053619791666666666 0.08031250000000001 0.01807291666666666
0 0.6908984375 0.3575130208333333 0.031289062499999964 0.03893229166666664
0 0.67212890625 0.3136979166666667 0.033398437500000044 0.048697916666666674
