0 0.7236328125 0.7486979166666666 0.0390625 0.052083333333333336
0 0.7216796875 0.8502604166666666 0.0390625 0.049479166666666664
0 0.755859375 0.8059895833333334 0.033203125 0.046875
0 0.486328125 0.18619791666666666 0.033203125 0.052083333333333336
0 0.55078125 0.16666666666666666 0.03515625 0.0546875
0 0.6171875 0.3125 0.03125 0.0390625
0 0.6123046875 0.2734375 0.033203125 0.0390625
0 0.615234375 0.21875 0.033203125 0.0390625
0 0.619140625 0.17317708333333334 0.03125 0.046875
0 0.6181640625 0.12630208333333334 0.02734375 0.03125
0 0.6474609375 0.12760416666666666 0.037109375 0.046875
0 0.6953125 0.17708333333333334 0.037109375 0.052083333333333336
0 0.74609375 0.2799479166666667 0.03125 0.046875
1 0.8515625 0.12369791666666667 0.01953125 0.10677083333333333
0 0.77734375 0.28125 0.033203125 0.049479166666666664
0 0.283203125 0.5807291666666666 0.03125 0.041666666666666664
0 0.3427734375 0.5690104166666666 0.03125 0.041666666666666664
0 0.349609375 0.5729166666666666 0.03125 0.036458333333333336
0 0.40625 0.3841145833333333 0.03125 0.044270833333333336
0 0.4072265625 0.4361979166666667 0.037109375 0.06510416666666667
0 0.638671875 0.9348958333333334 0.0390625 0.052083333333333336
0 0.5703125 0.7591145833333334 0.037109375 0.049479166666666664
1 0.580078125 0.8151041666666666 0.013671875 0.059895833333333336
1 0.6259765625 0.5260416666666666 0.025390625 0.018229166666666668
1 0.712890625 0.5338541666666666 0.0625 0.0234375
1 0.798828125 0.5390625 0.029296875 0.015625
1 0.5380859375 0.10546875 0.0546875 0.018229166666666668
1 0.5283203125 0.2955729166666667 0.05859375 0.020833333333333332
1 0.4990234375 0.2578125 0.01171875 0.0625
1 0.7646484375 0.5013020833333334 0.056640625 0.0234375
1 0.59765625 0.4127604166666667 0.015625 0.08333333333333333
1 0.611328125 0.0390625 0.015625 0.06510416666666667
1 0.83984375 0.3958333333333333 0.017578125 0.10677083333333333
0 0.5966796875 0.7604166666666666 0.03125 0.044270833333333336
0 0.630859375 0.73828125 0.0390625 0.046875
