1 0.7004950495049505 0.5424354243542435 0.0594059405940594 0.02952029520295203
1 0.8061056105610561 0.5544280442804428 0.10891089108910891 0.03690036900369004
1 0.5965346534653465 0.6273062730627307 0.026402640264026403 0.05166051660516605
1 0.5841584158415841 0.7804428044280443 0.0231023102310231 0.03874538745387454
1 0.6303630363036303 0.27121771217712176 0.036303630363036306 0.15129151291512916
1 0.6138613861386139 0.43726937269372695 0.0297029702970297 0.07564575645756458
1 0.44801980198019803 0.16974169741697417 0.06930693069306931 0.033210332103321034
1 0.17491749174917492 0.4446494464944649 0.037953795379537955 0.1088560885608856
1 0.30115511551155116 0.6928044280442804 0.056105610561056105 0.03136531365313653
1 0.20627062706270627 0.6826568265682657 0.054455445544554455 0.03136531365313653
0 0.6674917491749175 0.772140221402214 0.052805280528052806 0.04797047970479705
0 0.6287128712871287 0.6900369003690037 0.0627062706270627 0.06826568265682657
0 0.5717821782178217 0.6937269372693727 0.0627062706270627 0.06826568265682657
0 0.900990099009901 0.18542435424354242 0.052805280528052806 0.06642066420664207
0 0.8968646864686468 0.0996309963099631 0.054455445544554455 0.06457564575645756
0 0.9026402640264026 0.06273062730627306 0.04950495049504951 0.042435424354243544
0 0.7211221122112211 0.16420664206642066 0.054455445544554455 0.06826568265682657
0 0.6633663366336634 0.1411439114391144 0.0627062706270627 0.07011070110701106
0 0.6171617161716172 0.13376383763837638 0.06105610561056106 0.07749077490774908
0 0.4084158415841584 0.45940959409594095 0.066006600660066 0.07749077490774908
0 0.4183168316831683 0.32564575645756455 0.06930693069306931 0.07749077490774908
0 0.46204620462046203 0.2988929889298893 0.056105610561056105 0.06826568265682657
0 0.3358085808580858 0.2878228782287823 0.06105610561056106 0.07749077490774908
0 0.2466996699669967 0.30996309963099633 0.057755775577557754 0.07011070110701106
0 0.3184818481848185 0.48523985239852396 0.056105610561056105 0.07011070110701106
0 0.283003300330033 0.5931734317343174 0.054455445544554455 0.06088560885608856
0 0.16584158415841585 0.2822878228782288 0.07425742574257425 0.07564575645756458
