1 0.2995049504950495 0.5378228782287823 0.0594059405940594 0.027675276752767528
1 0.19306930693069307 0.5488929889298892 0.10891089108910891 0.03505535055350553
1 0.400990099009901 0.6254612546125461 0.024752475247524754 0.05166051660516605
1 0.41171617161716173 0.7785977859778598 0.0231023102310231 0.03874538745387454
1 0.37376237623762376 0.26845018450184505 0.034653465346534656 0.15129151291512916
1 0.38696369636963696 0.4354243542435424 0.028052805280528052 0.07564575645756458
1 0.556930693069307 0.17158671586715868 0.06930693069306931 0.033210332103321034
1 0.8259075907590759 0.45018450184501846 0.036303630363036306 0.1088560885608856
1 0.6955445544554455 0.6964944649446494 0.056105610561056105 0.03136531365313653
1 0.7904290429042904 0.6881918819188192 0.054455445544554455 0.03136531365313653
0 0.32838283828382836 0.768450184501845 0.052805280528052806 0.04797047970479705
0 0.367986798679868 0.6881918819188192 0.0627062706270627 0.06826568265682657
0 0.42574257425742573 0.6928044280442804 0.0627062706270627 0.06826568265682657
0 0.10396039603960396 0.17804428044280443 0.052805280528052806 0.06457564575645756
0 0.10973597359735973 0.09225092250922509 0.054455445544554455 0.06273062730627306
0 0.10396039603960396 0.055350553505535055 0.04950495049504951 0.04059040590405904
0 0.28465346534653463 0.1595940959409594 0.054455445544554455 0.06642066420664207
0 0.3424092409240924 0.13745387453874539 0.0627062706270627 0.07011070110701106
0 0.3886138613861386 0.13099630996309963 0.0594059405940594 0.07749077490774908
0 0.5924092409240924 0.4612546125461255 0.06435643564356436 0.07564575645756458
0 0.5841584158415841 0.32656826568265684 0.06765676567656766 0.07564575645756458
0 0.5412541254125413 0.29981549815498154 0.056105610561056105 0.06826568265682657
0 0.6674917491749175 0.29059040590405905 0.0594059405940594 0.07749077490774908
0 0.7566006600660066 0.3145756457564576 0.057755775577557754 0.07011070110701106
0 0.6815181518151815 0.488929889298893 0.056105610561056105 0.07011070110701106
0 0.7153465346534653 0.5977859778597786 0.054455445544554455 0.06088560885608856
0 0.8374587458745875 0.2896678966789668 0.07260726072607261 0.07380073800738007
