1 0.48382838283828383 0.2726660516605166 0.01990099009900981 0.0639667896678967
1 0.03165841584158416 0.21008302583025826 0.021138613861386144 0.20861623616236158
1 0.4832013201320133 0.1544557195571956 0.021155115511551238 0.11961254612546122
1 0.3967491749174918 0.37906826568265684 0.044785478547854765 0.023634686346863474
1 0.2592986798679868 0.3769741697416974 0.033580858085808615 0.022250922509225095
1 0.9801567656765677 0.13219557195571957 0.02239273927392729 0.06675276752767528
1 0.717062706270627 0.3790590405904059 0.13310231023102306 0.026420664206642054
1 0.5677970297029703 0.37976014760147603 0.065924092409241 0.02501845018450185
1 0.787970297029703 0.5918634686346864 0.02363036303630371 0.07649446494464951
1 0.5155445544554454 0.8672416974169742 0.09577557755775572 0.03197416974169749
1 0.3078052805280528 0.7010424354243542 0.023630363036303618 0.06119926199261985
1 0.30718646864686466 0.8067435424354243 0.022392739273927383 0.058431734317343095
0 0.275470297029703 0.2851845018450185 0.03856435643564357 0.05564575645756462
0 0.3438778877887789 0.33664206642066424 0.055973597359736 0.06398523985239854
0 0.3351815181518152 0.40062730627306276 0.055973597359736 0.06398523985239854
0 0.8221782178217822 0.08630073800738008 0.05471947194719476 0.05285977859778599
0 0.8980528052805281 0.10021217712177122 0.05224422442244238 0.05562730627306274
0 0.9415924092409241 0.09812730627306274 0.054735973597359856 0.051457564575645744
0 0.8215511551155115 0.2893634686346863 0.05597359735973591 0.05562730627306269
0 0.836476897689769 0.35611623616236165 0.058465346534653476 0.0639667896678967
0 0.8383498349834982 0.40757380073800736 0.06468646864686467 0.061199261992619956
0 0.5261138613861387 0.6064667896678968 0.06219471947194728 0.06677121771217723
0 0.6467821782178219 0.6092527675276753 0.06221122112211229 0.06953874538745397
0 0.6747689768976897 0.5640498154981549 0.05597359735973591 0.05702952029520289
0 0.6716666666666667 0.7052121771217712 0.06468646864686477 0.06119926199261985
0 0.643052805280528 0.8018726937269373 0.05722772277227715 0.05979704797047965
0 0.49439768976897686 0.7031273062730626 0.058465346534653385 0.05702952029520289
0 0.39426567656765676 0.7316328413284133 0.04975247524752471 0.05562730627306269
0 0.6585973597359737 0.8943634686346864 0.06095709570957105 0.07511070110701114
