0 0.7011041009463722 0.6590612777053455 0.12145110410094637 0.09778357235984354
0 0.668769716088328 0.5143415906127771 0.11829652996845426 0.08735332464146023
0 0.25236593059936907 0.2561929595827901 0.11514195583596215 0.10430247718383312
1 0.9014195583596214 0.1831812255541069 0.07413249211356467 0.04954367666232073
1 0.7570977917981072 0.20990873533246415 0.07886435331230283 0.05867014341590613
1 0.5063091482649842 0.24445893089960888 0.15457413249211358 0.0560625814863103
1 0.18454258675078863 0.7320730117340287 0.07413249211356467 0.1303780964797914
1 0.13958990536277602 0.5312907431551499 0.0804416403785489 0.15123859191655803
1 0.10410094637223975 0.39113428943937417 0.05993690851735016 0.09908735332464146
0 0.7760252365930599 0.28552803129074317 0.10883280757097792 0.09647979139504563
0 0.4960567823343849 0.6095176010430248 0.11198738170347003 0.08604954367666232
