0 0.7270820189274448 0.6328552803129074 0.10094637223974763 0.08623207301173408
0 0.548730283911672 0.6342438070404172 0.08749211356466881 0.08621903520208604
0 0.16341482649842273 0.34565189048239897 0.11105678233438485 0.07928292046936111
1 0.20127760252365934 0.8978031290743155 0.04880126182965302 0.0764928292046937
1 0.20463722397476342 0.7642894393741851 0.05889589905362779 0.057027379400260765
1 0.19791009463722398 0.5542764015645372 0.0386908517350158 0.12378096479791402
1 0.715307570977918 0.1996088657105606 0.1514353312302839 0.037548891786179935
1 0.46880914826498427 0.2017014341590613 0.1766719242902208 0.038943937418513694
1 0.2946529968454259 0.19961538461538464 0.114416403785489 0.031981747066492795
0 0.2980205047318612 0.7649804432855281 0.10096214511041009 0.07509778357235973
0 0.6294873817034701 0.4756910039113429 0.08749211356466881 0.08066492829204694
