0 0.6143533123028391 0.2900912646675359 0.12145110410094637 0.09778357235984354
0 0.6498422712933754 0.4348109517601043 0.11829652996845426 0.08735332464146023
0 0.38091482649842273 0.8024771838331161 0.11514195583596215 0.10430247718383312
1 0.9889589905362776 0.6675358539765319 0.022082018927444796 0.04954367666232073
1 0.8698738170347003 0.6897001303780965 0.07886435331230283 0.05867014341590613
1 0.6222397476340694 0.7346805736636245 0.15457413249211358 0.0560625814863103
1 0.10173501577287067 0.38265971316818775 0.07413249211356467 0.1303780964797914
1 0.15141955835962145 0.5827900912646675 0.0804416403785489 0.15123859191655803
1 0.18217665615141956 0.7235984354628422 0.05993690851735016 0.09908735332464146
0 0.8525236593059937 0.6134289439374185 0.10883280757097792 0.09647979139504563
0 0.44637223974763407 0.39960886571056065 0.11198738170347003 0.08604954367666232
