1 0.10384615384615385 0.47619047619047616 0.047692307692307694 0.11054421768707483
0 0.5392307692307692 0.7916666666666666 0.07384615384615385 0.10034013605442177
0 0.7961538461538461 0.12670068027210885 0.07846153846153846 0.08673469387755102
0 0.8569230769230769 0.12244897959183673 0.08923076923076922 0.08163265306122448
0 0.6530769230769231 0.22874149659863946 0.05846153846153846 0.06802721088435375
0 0.5746153846153846 0.20578231292517007 0.07692307692307693 0.07993197278911565
0 0.45153846153846156 0.21683673469387754 0.07692307692307693 0.06802721088435375
0 0.3069230769230769 0.3460884353741497 0.06923076923076923 0.06972789115646258
1 0.23 0.782312925170068 0.09692307692307692 0.05442176870748299
1 0.42923076923076925 0.7627551020408163 0.1076923076923077 0.05612244897959184
1 0.6423076923076924 0.7423469387755102 0.11076923076923077 0.05952380952380952
1 0.12230769230769231 0.6930272108843537 0.046153846153846156 0.06462585034013606
1 0.09 0.29846938775510207 0.05076923076923077 0.1377551020408163
