1 0.555976923076923 0.0653656462585034 0.09687692307692312 0.04450680272108844
0 0.23388461538461539 0.5180697278911565 0.08429230769230771 0.0737244897959184
0 0.8107461538461539 0.8588180272108844 0.07296923076923079 0.07926870748299313
0 0.8094923076923078 0.9262755102040816 0.06541538461538458 0.0918027210884354
0 0.7308615384615385 0.6919217687074829 0.05661538461538455 0.059795918367346886
0 0.7585384615384616 0.607780612244898 0.06667692307692312 0.07787414965986389
0 0.7591615384615384 0.47078231292517003 0.05536923076923078 0.07928571428571429
0 0.6553692307692307 0.3010969387755102 0.05661538461538455 0.07093537414965984
1 0.26911538461538465 0.17801020408163265 0.04152307692307694 0.10292517006802723
1 0.26911538461538465 0.39846088435374155 0.04152307692307694 0.11542517006802722
1 0.2691076923076923 0.6355952380952381 0.044030769230769234 0.1196258503401361
1 0.3590692307692308 0.06744047619047619 0.05536923076923078 0.04590136054421768
1 0.7176384615384614 0.06674319727891158 0.12078461538461537 0.04450680272108844
