1 0.8730769230769231 0.6513605442176871 0.06 0.11394557823129252
0 0.5392307692307692 0.20833333333333334 0.08153846153846153 0.10714285714285714
0 0.1176923076923077 0.7610544217687075 0.08615384615384615 0.09523809523809523
0 0.05846153846153846 0.7457482993197279 0.09538461538461539 0.09013605442176871
0 0.2823076923076923 0.7091836734693877 0.06461538461538462 0.07312925170068027
0 0.3507692307692308 0.7568027210884354 0.08307692307692308 0.08843537414965986
0 0.4715384615384615 0.7865646258503401 0.08153846153846153 0.07653061224489796
0 0.6438461538461538 0.7091836734693877 0.07538461538461538 0.07653061224489796
1 0.833076923076923 0.3171768707482993 0.1 0.0663265306122449
1 0.6376923076923077 0.27125850340136054 0.11076923076923077 0.06972789115646258
1 0.42846153846153845 0.22193877551020408 0.11384615384615385 0.07312925170068027
1 0.9123076923076923 0.4379251700680272 0.052307692307692305 0.06972789115646258
1 0.8384615384615385 0.8256802721088435 0.06461538461538462 0.141156462585034
