1 0.4208705701078582 0.07504608294930876 0.1506779661016949 0.022258064516129026
0 0.16510015408320494 0.8240034562211982 0.08927580893682588 0.059804147465437885
0 0.4813251155624037 0.8003571428571428 0.07069337442218797 0.06258064516129025
0 0.46737288135593225 0.7176036866359446 0.06137134052388296 0.05006912442396318
0 0.4729506933744222 0.5646140552995392 0.07625577812018491 0.05563364055299542
0 0.6106009244992295 0.5367914746543779 0.06881355932203385 0.05563364055299535
0 0.6078120184899846 0.492286866359447 0.06323574730354385 0.05284562211981567
0 0.6375731895223421 0.48672235023041477 0.05952234206471494 0.04450460829493087
0 0.8849768875192604 0.43943548387096776 0.06323574730354385 0.05006912442396318
0 0.6282742681047766 0.3462557603686636 0.08184899845916796 0.05841013824884798
0 0.15765793528505392 0.2502880184331797 0.08184899845916793 0.06119815668202765
1 0.1846302003081664 0.16683755760368663 0.02790446841294301 0.12238479262672813
1 0.18370570107858242 0.38519585253456223 0.03348228043143298 0.1196082949308755
1 0.18556240369799692 0.562528801843318 0.029768875192604016 0.1126612903225806
1 0.18556240369799692 0.7134274193548387 0.026040061633281958 0.06676267281105996
1 0.9119491525423727 0.5249769585253456 0.027904468412942834 0.06536866359447005
1 0.9119491525423729 0.3657200460829493 0.02417565485362104 0.10570276497695852
1 0.9110169491525424 0.16057603686635943 0.02976887519260391 0.10709677419354836
