0 0.03543913713405239 0.7033410138248848 0.07087827426810478 0.0748847926267281
0 0.10015408320493066 0.4717741935483871 0.09244992295839753 0.06105990783410138
0 0.20724191063174113 0.4936635944700461 0.07395993836671803 0.052995391705069124
0 0.4106317411402157 0.5109447004608295 0.08320493066255778 0.06336405529953917
0 0.46687211093990755 0.41244239631336405 0.08320493066255778 0.0587557603686636
0 0.524653312788906 0.4210829493087558 0.07858243451463791 0.05414746543778802
0 0.536979969183359 0.39976958525345624 0.06779661016949153 0.05069124423963134
0 0.6340523882896765 0.22292626728110598 0.07395993836671803 0.05414746543778802
0 0.7218798151001541 0.42684331797235026 0.08936825885978428 0.06912442396313365
0 0.7827426810477658 0.7880184331797235 0.09244992295839753 0.06912442396313365
1 0.8836671802773498 0.7776497695852534 0.14021571648690292 0.03456221198156682
1 0.6078582434514638 0.7505760368663594 0.1633281972265023 0.041474654377880185
1 0.3728813559322034 0.7240783410138248 0.15408320493066255 0.03686635944700461
1 0.17334360554699538 0.7027649769585254 0.09244992295839753 0.02880184331797235
1 0.524653312788906 0.1912442396313364 0.09090909090909091 0.029953917050691243
1 0.7349768875192604 0.21370967741935484 0.14329738058551617 0.03341013824884793
1 0.9661016949152542 0.24078341013824886 0.06779661016949153 0.03456221198156682
