0 0.9144838212634823 0.23271889400921658 0.0847457627118644 0.07027649769585254
0 0.8998459167950693 0.4706221198156682 0.08628659476117104 0.056451612903225805
0 0.7889060092449923 0.4642857142857143 0.06933744221879815 0.04838709677419355
0 0.5847457627118644 0.4763824884792627 0.07704160246533127 0.0587557603686636
0 0.5546995377503852 0.5806451612903226 0.07704160246533127 0.05414746543778802
0 0.4953775038520801 0.5806451612903226 0.07395993836671803 0.04953917050691244
0 0.48921417565485364 0.6036866359447005 0.06317411402157165 0.04723502304147465
0 0.4391371340523883 0.7908986175115207 0.06933744221879815 0.04953917050691244
0 0.3012326656394453 0.6036866359447005 0.08320493066255778 0.06451612903225806
0 0.14869029275808937 0.2574884792626728 0.08628659476117104 0.06451612903225806
1 0.060092449922958396 0.2805299539170507 0.12018489984591679 0.026497695852534562
1 0.3305084745762712 0.2695852534562212 0.1617873651771957 0.03110599078341014
1 0.5670261941448382 0.2620967741935484 0.15254237288135594 0.027649769585253458
1 0.7688751926040062 0.2540322580645161 0.09090909090909091 0.02304147465437788
1 0.5546995377503852 0.8064516129032258 0.08936825885978428 0.024193548387096774
1 0.3420647149460709 0.8145161290322581 0.14329738058551617 0.024193548387096774
1 0.08089368258859785 0.8237327188940092 0.11864406779661017 0.026497695852534562
