0 0.18869209809264306 0.4786036036036036 0.04904632152588556 0.06981981981981981
1 0.3188010899182561 0.8592342342342343 0.10899182561307902 0.024774774774774775
1 0.49182561307901906 0.8558558558558559 0.09264305177111716 0.03153153153153153
1 0.6559945504087193 0.8108108108108109 0.035422343324250684 0.02252252252252252
1 0.7677111716621253 0.8490990990990991 0.07356948228882834 0.033783783783783786
1 0.967983651226158 0.5382882882882883 0.017711171662125342 0.12837837837837837
0 0.4782016348773842 0.17454954954954954 0.043596730245231606 0.07207207207207207
0 0.4087193460490463 0.24211711711711711 0.04223433242506812 0.06531531531531531
0 0.3249318801089918 0.25225225225225223 0.043596730245231606 0.06306306306306306
0 0.2329700272479564 0.46621621621621623 0.04087193460490463 0.05855855855855856
0 0.4952316076294278 0.5608108108108109 0.043596730245231606 0.060810810810810814
0 0.5470027247956403 0.6182432432432432 0.04223433242506812 0.08108108108108109
0 0.6062670299727521 0.8423423423423423 0.05040871934604905 0.08558558558558559
0 0.6042234332425068 0.6677927927927928 0.047683923705722074 0.09234234234234234
0 0.6450953678474114 0.6768018018018018 0.02997275204359673 0.06531531531531531
0 0.8065395095367848 0.6317567567567568 0.043596730245231606 0.07882882882882883
0 0.8038147138964578 0.45382882882882886 0.04495912806539509 0.07657657657657657
0 0.8474114441416893 0.5157657657657657 0.047683923705722074 0.06756756756756757
0 0.8188010899182562 0.8153153153153153 0.04223433242506812 0.060810810810810814
0 0.9461852861035422 0.6632882882882883 0.03814713896457766 0.06756756756756757
1 0.8685286103542235 0.19369369369369369 0.09264305177111716 0.02927927927927928
1 0.6900544959128065 0.20045045045045046 0.07629427792915532 0.033783783783783786
1 0.6158038147138964 0.20270270270270271 0.08583106267029973 0.02927927927927928
1 0.43256130790190733 0.20382882882882883 0.05313351498637602 0.02927927927927928
1 0.24591280653950953 0.5867117117117117 0.01634877384196185 0.05855855855855856
1 0.24591280653950953 0.7015765765765766 0.017711171662125342 0.06981981981981981
