0 0.5633514986376021 0.02252252252252252 0.04223433242506812 0.036036036036036036
1 0.31743869209809267 0.14189189189189189 0.02997275204359673 0.18243243243243243
1 0.2895095367847411 0.42454954954954954 0.031335149863760216 0.1554054054054054
1 0.28746594005449594 0.6993243243243243 0.01907356948228883 0.060810810810810814
1 0.2452316076294278 0.8761261261261262 0.02997275204359673 0.12612612612612611
0 0.6982288828337875 0.5213963963963963 0.047683923705722074 0.07882882882882883
0 0.6689373297002725 0.3963963963963964 0.04495912806539509 0.07882882882882883
0 0.6777929155313351 0.25788288288288286 0.043596730245231606 0.08108108108108109
0 0.5667574931880109 0.07207207207207207 0.039509536784741145 0.07657657657657657
0 0.4645776566757493 0.481981981981982 0.04223433242506812 0.08108108108108109
0 0.42166212534059944 0.5563063063063063 0.05313351498637602 0.07882882882882883
0 0.27724795640326977 0.6137387387387387 0.05722070844686648 0.09234234234234234
0 0.3814713896457766 0.6396396396396397 0.06130790190735695 0.09009009009009009
0 0.3692098092643052 0.704954954954955 0.043596730245231606 0.05630630630630631
0 0.3692098092643052 0.956081081081081 0.04904632152588556 0.04279279279279279
0 0.476158038147139 0.9797297297297297 0.047683923705722074 0.04054054054054054
1 0.6450953678474114 0.8614864864864865 0.031335149863760216 0.13063063063063063
1 0.6566757493188011 0.740990990990991 0.02997275204359673 0.14414414414414414
1 0.6880108991825613 0.44256756756756754 0.02452316076294278 0.09009009009009009
1 0.4925068119891008 0.07207207207207207 0.03814713896457766 0.036036036036036036
1 0.42438692098092645 0.0518018018018018 0.043596730245231606 0.038288288288288286
