0 0.8112534059945503 0.470045045045045 0.047111716621253304 0.06675675675675673
1 0.6850544959128066 0.8532207207207206 0.10937329700272484 0.02364864864864865
1 0.5125817438692098 0.8560022522522522 0.09254768392370581 0.029211711711711774
1 0.3476907356948229 0.8149774774774775 0.035326975476839245 0.022252252252252244
1 0.23579019073569482 0.8573986486486487 0.07403269754768396 0.03200450450450459
1 0.0326158038147139 0.5521058558558558 0.01599455040871935 0.1279504504504504
0 0.5184741144414169 0.17311936936936936 0.0420708446866485 0.07092342342342343
0 0.5883038147138965 0.2398761261261261 0.04205722070844687 0.06259009009009008
0 0.6724318801089918 0.24822072072072074 0.04374659400544961 0.059819819819819826
0 0.7662397820163487 0.458231981981982 0.04122615803814712 0.05700450450450451
0 0.5054359673024523 0.5604617117117117 0.042915531335149866 0.058400900900900915
0 0.4541144414168937 0.6188738738738739 0.04122615803814712 0.07788288288288298
0 0.3973297002724796 0.8455743243243243 0.0488010899182562 0.08344594594594584
0 0.3977452316076294 0.671722972972973 0.04628065395095372 0.08903153153153147
0 0.356941416893733 0.6807657657657658 0.02859673024523162 0.06536036036036032
0 0.1945708446866485 0.640427927927928 0.04205722070844687 0.07648648648648657
0 0.19541553133514986 0.46239864864864866 0.04374659400544961 0.07371621621621625
0 0.1529223433242507 0.5263851351351351 0.046280653950953696 0.06538288288288283
0 0.18447547683923707 0.8247072072072072 0.04205722070844687 0.05842342342342355
0 0.056171662125340596 0.6752027027027028 0.036185286103542234 0.06815315315315314
1 0.12810626702997274 0.20370495495495494 0.09253405994550411 0.026418918918918895
1 0.30646457765667573 0.20579954954954954 0.07570844686648501 0.030608108108108115
1 0.3804972752043596 0.20649774774774773 0.08581743869209811 0.026418918918918895
1 0.5643256130790191 0.20163288288288286 0.053010899182561265 0.027815315315315302
1 0.754884196185286 0.5785360360360361 0.01682561307901895 0.05842342342342348
1 0.7561444141689373 0.6939752252252253 0.015994550408719357 0.06952702702702704
