0 0.6205701078582434 0.34036144578313254 0.03852080123266564 0.07680722891566265
1 0.4564714946070878 0.8335843373493976 0.061633281972265024 0.04216867469879518
1 0.18451463790446843 0.7748493975903614 0.028505392912172575 0.03765060240963856
1 0.12596302003081664 0.31400602409638556 0.016178736517719568 0.05120481927710843
1 0.13559322033898305 0.17921686746987953 0.020801232665639446 0.09036144578313253
1 0.17257318952234207 0.005271084337349397 0.04776579352850539 0.010542168674698794
1 0.3686440677966102 0.2635542168674699 0.020030816640986132 0.10692771084337349
1 0.37673343605546994 0.12198795180722892 0.01848998459167951 0.10391566265060241
1 0.26771956856702617 0.016566265060240965 0.04699537750385208 0.03313253012048193
1 0.6406009244992296 0.31551204819277107 0.020030816640986132 0.10090361445783133
1 0.649075500770416 0.18072289156626506 0.020030816640986132 0.10993975903614457
1 0.5412172573189522 0.07153614457831325 0.04776579352850539 0.03614457831325301
1 0.40870570107858245 0.2371987951807229 0.023882896764252697 0.08885542168674698
1 0.4167950693374422 0.08659638554216867 0.01848998459167951 0.043674698795180725
1 0.3786594761171032 0.7266566265060241 0.017719568567026195 0.0783132530120482
1 0.8409090909090909 0.6204819277108434 0.02157164869029276 0.04969879518072289
1 0.924884437596302 0.40512048192771083 0.020801232665639446 0.05271084337349398
1 0.9298921417565486 0.34713855421686746 0.023882896764252697 0.06626506024096386
1 0.9360554699537751 0.2371987951807229 0.025423728813559324 0.11746987951807229
0 0.21147919876733437 0.3200301204819277 0.03543913713405239 0.06325301204819277
0 0.20223420647149462 0.3381024096385542 0.03775038520801233 0.07680722891566265
0 0.1652542372881356 0.2447289156626506 0.03543913713405239 0.06325301204819277
0 0.413713405238829 0.6799698795180723 0.03312788906009245 0.06475903614457831
0 0.4857473035439137 0.036897590361445784 0.030046224961479198 0.07379518072289157
0 0.5928351309707242 0.5052710843373494 0.0423728813559322 0.0783132530120482
0 0.8986902927580893 0.40286144578313254 0.04391371340523883 0.08885542168674698
0 0.8054699537750385 0.7906626506024096 0.03852080123266564 0.07228915662650602
0 0.8100924499229584 0.6814759036144579 0.029275808936825885 0.06325301204819277
0 0.7788906009244992 0.5587349397590361 0.032357473035439135 0.05421686746987952
0 0.7985362095531587 0.9307228915662651 0.04160246533127889 0.09186746987951808
0 0.8771186440677966 0.5632530120481928 0.04391371340523883 0.10090361445783133
0 0.8185670261941448 0.18373493975903615 0.03466872110939907 0.06927710843373494
1 0.44684129429892144 0.045180722891566265 0.0485362095531587 0.04066265060240964
