0 0.3886363636363636 0.3163855421686747 0.034930662557781225 0.07093373493975907
1 0.5252773497688752 0.8400301204819277 0.060477657935285055 0.03060240963855412
1 0.7988405238828967 0.8379518072289156 0.02703389830508477 0.03198795180722893
1 0.8817295839753467 0.39149096385542165 0.01352080123266578 0.04867469879518076
1 0.8795993836671802 0.25519578313253016 0.016363636363636195 0.08762048192771085
1 0.8525616332819723 0.059088855421686744 0.04624807395993852 0.03477409638554217
1 0.6433859784283513 0.291355421686747 0.014938366718027812 0.10430722891566263
1 0.6430277349768875 0.14879518072289155 0.012804314329737974 0.10292168674698796
1 0.756864406779661 0.06326807228915662 0.045531587057010714 0.03198795180722891
1 0.370173343605547 0.28787650602409637 0.014938366718027724 0.09734939759036143
1 0.36875192604006163 0.15228162650602411 0.01494607087827425 0.10709337349397592
1 0.48187596302003083 0.0653539156626506 0.046248073959938345 0.02781626506024096
1 0.6049653312788906 0.2572816265060241 0.019206471494607136 0.08621987951807229
1 0.6049614791987673 0.10637801204819278 0.016363636363636372 0.04034638554216866
1 0.6085208012326656 0.7496310240963855 0.013513097072419078 0.07510542168674691
1 0.154595531587057 0.5507454819277108 0.019206471494607094 0.04727409638554215
1 0.08237673343605546 0.3184789156626506 0.018497688751926034 0.05006024096385544
1 0.08060092449922959 0.2600677710843374 0.020631741140215716 0.06118975903614457
1 0.08060092449922959 0.1501882530120482 0.01921417565485362 0.11405120481927714
0 0.7967103235747303 0.38036897590361446 0.032727272727272744 0.05703313253012049
0 0.8045338983050848 0.39984186746987954 0.0341525423728813 0.07091867469879523
0 0.8468682588597843 0.315 0.032010785824345286 0.057018072289156646
0 0.8159167950693375 0.03892319277108434 0.032727272727272744 0.06676204819277108
0 0.5761479198767334 0.6967846385542168 0.029876733436055448 0.05841867469879512
0 0.5387942989214176 0.041009036144578306 0.026325115562403755 0.07370481927710842
0 0.4075269645608629 0.48606927710843373 0.03841294298921414 0.07093373493975907
0 0.10870570107858243 0.32265060240963855 0.039845916795069325 0.08066265060240964
0 0.18056240369799692 0.7266867469879518 0.03557781201848997 0.0653614457831325
0 0.18162942989214176 0.6174849397590362 0.02632511556240371 0.05846385542168682
0 0.2196956856702619 0.5013704819277108 0.029884437596301976 0.0486746987951808
0 0.17985362095531587 0.8671536144578312 0.03699537750385207 0.08484939759036132
0 0.12186825885978428 0.4860617469879518 0.03912942989214177 0.09320783132530118
0 0.19977272727272727 0.12028614457831326 0.031302003081664094 0.06259036144578313
1 0.5768605546995378 0.05909638554216868 0.04695685670261945 0.03198795180722891
