0 0.6151771956856703 0.3253012048192771 0.0423728813559322 0.08132530120481928
1 0.32434514637904466 0.47816265060240964 0.02773497688751926 0.12048192771084337
1 0.5747303543913713 0.8170180722891566 0.054699537750385205 0.04969879518072289
1 0.6459938366718028 0.8463855421686747 0.053929121725731895 0.046686746987951805
1 0.6332819722650231 0.29593373493975905 0.05238828967642527 0.04819277108433735
1 0.7014637904468413 0.32153614457831325 0.05624036979969183 0.04969879518072289
1 0.7211093990755008 0.5557228915662651 0.023112480739599383 0.09337349397590361
1 0.5993836671802774 0.7507530120481928 0.04699537750385208 0.05421686746987952
1 0.6752696456086287 0.7823795180722891 0.023882896764252697 0.0391566265060241
1 0.3524653312788906 0.6558734939759037 0.040832049306625574 0.04216867469879518
0 0.3859784283513097 0.6046686746987951 0.03543913713405239 0.06927710843373494
0 0.7218798151001541 0.6701807228915663 0.0423728813559322 0.06475903614457831
0 0.5261941448382126 0.3260542168674699 0.04314329738058552 0.08885542168674698
1 0.7049306625577813 0.7387048192771084 0.025423728813559324 0.0963855421686747
