1 0.8132044198895028 0.11406837606837605 0.023977900552486154 0.12239316239316238
1 0.16211786372007367 0.42144444444444445 0.01941068139963166 0.13352136752136753
1 0.16365561694290978 0.19543589743589745 0.022486187845303884 0.1265641025641026
0 0.8731491712707182 0.8838974358974357 0.08390423572744005 0.07370940170940161
0 0.8708931860036833 0.8122649572649572 0.08241252302025782 0.07509401709401702
0 0.32099447513812157 0.7427264957264956 0.06143646408839781 0.0639829059829059
0 0.532255985267035 0.7142136752136752 0.09740331491712705 0.10432478632478628
0 0.35244935543278083 0.40823931623931625 0.06441988950276246 0.05702564102564105
0 0.3951565377532229 0.29417948717948716 0.059926335174954 0.04589743589743594
0 0.2288305709023941 0.3595555555555556 0.05394106813996318 0.051452991452991495
0 0.35095764272559854 0.2336923076923077 0.07642725598526703 0.061196581196581216
0 0.4258747697974217 0.5994700854700855 0.07642725598526703 0.0751111111111112
0 0.35470534069981585 0.11894017094017094 0.05994475138121549 0.04868376068376068
0 0.42662983425414364 0.5264529914529915 0.07491712707182321 0.06815384615384616
0 0.46633517495395943 0.47082051282051285 0.061436464088397764 0.04034188034188038
0 0.6079281767955801 0.48055555555555557 0.06292817679558003 0.04866666666666671
0 0.7547697974217311 0.42770085470085467 0.059926335174953896 0.05981196581196578
1 0.5547421731123389 0.5744358974358975 0.0734254143646409 0.022239316239316225
1 0.8094567219152855 0.37902564102564107 0.025469613259668584 0.12379487179487178
1 0.8147145488029466 0.23020512820512823 0.023977900552486154 0.1265641025641026
