1 0.05985267034990792 0.2512820512820513 0.11970534069981584 0.03418803418803419
1 0.45119705340699817 0.8205128205128205 0.14548802946593 0.03247863247863248
1 0.20902394106813996 0.8418803418803419 0.13812154696132597 0.03418803418803419
0 0.8720073664825047 0.11538461538461539 0.08839779005524862 0.08547008547008547
0 0.7955801104972375 0.12478632478632479 0.08839779005524862 0.08376068376068375
0 0.7790055248618785 0.6393162393162393 0.07366482504604052 0.06324786324786325
0 0.7265193370165746 0.4478632478632479 0.12154696132596685 0.10085470085470086
0 0.4171270718232044 0.6452991452991453 0.06629834254143646 0.06495726495726496
0 0.2900552486187845 0.6188034188034188 0.055248618784530384 0.06153846153846154
0 0.3784530386740331 0.7649572649572649 0.06077348066298342 0.0547008547008547
0 0.2302025782688766 0.6658119658119658 0.07366482504604052 0.07863247863247863
0 0.6141804788213628 0.5581196581196581 0.08839779005524862 0.07863247863247863
0 0.10681399631675875 0.6743589743589744 0.0570902394106814 0.06153846153846154
0 0.5359116022099447 0.564957264957265 0.08103130755064457 0.07692307692307693
0 0.4723756906077348 0.5341880341880342 0.049723756906077346 0.05982905982905983
0 0.4677716390423573 0.4025641025641026 0.0570902394106814 0.06324786324786325
0 0.39594843462246776 0.2717948717948718 0.06998158379373849 0.06153846153846154
1 0.5736648250460405 0.44188034188034186 0.03130755064456722 0.07008547008547009
1 0.3379373848987109 0.22735042735042735 0.13443830570902393 0.035897435897435895
1 0.17771639042357273 0.2376068376068376 0.13812154696132597 0.035897435897435895
