1 0.8812154696132597 0.8290598290598291 0.13443830570902393 0.03418803418803419
1 0.6197053406998159 0.19658119658119658 0.14548802946593 0.03247863247863248
1 0.8609576427255985 0.22136752136752136 0.13812154696132597 0.03418803418803419
0 0.049723756906077346 0.8042735042735043 0.08839779005524862 0.08547008547008547
0 0.1270718232044199 0.8102564102564103 0.08839779005524862 0.08376068376068375
0 0.2587476979742173 0.3094017094017094 0.07366482504604052 0.06324786324786325
0 0.26703499079189685 0.5076923076923077 0.12154696132596685 0.10085470085470086
0 0.6132596685082873 0.3735042735042735 0.06629834254143646 0.06495726495726496
0 0.7320441988950276 0.4247863247863248 0.055248618784530384 0.06153846153846154
0 0.6786372007366482 0.26495726495726496 0.06077348066298342 0.0547008547008547
0 0.8011049723756906 0.3905982905982906 0.07366482504604052 0.07863247863247863
0 0.4014732965009208 0.4205128205128205 0.08839779005524862 0.07863247863247863
0 0.923572744014733 0.40512820512820513 0.0570902394106814 0.06153846153846154
0 0.47974217311233885 0.42905982905982903 0.08103130755064457 0.07692307692307693
0 0.5349907918968693 0.4717948717948718 0.049723756906077346 0.05982905982905983
0 0.5101289134438306 0.6017094017094017 0.0570902394106814 0.06324786324786325
0 0.5515653775322283 0.7427350427350428 0.06998158379373849 0.06153846153846154
1 0.4143646408839779 0.5427350427350427 0.03130755064456722 0.07008547008547009
1 0.5976058931860037 0.7982905982905983 0.13443830570902393 0.035897435897435895
1 0.7569060773480663 0.8188034188034188 0.13812154696132597 0.035897435897435895
