1 0.6596638655462185 0.08785714285714286 0.040149393090569564 0.1757142857142857
1 0.2777777777777778 0.21285714285714286 0.051353874883286646 0.2357142857142857
1 0.3127917833800187 0.45 0.04201680672268908 0.16142857142857142
0 0.3963585434173669 0.81 0.047619047619047616 0.07714285714285714
0 0.5032679738562091 0.7192857142857143 0.04668534080298786 0.06857142857142857
0 0.6568627450980392 0.9521428571428572 0.04388422035480859 0.025714285714285714
0 0.6493930905695612 0.9071428571428571 0.04668534080298786 0.06571428571428571
0 0.5929038281979458 0.7421428571428571 0.0392156862745098 0.06857142857142857
0 0.6391223155929038 0.22642857142857142 0.04668534080298786 0.06714285714285714
0 0.6932773109243697 0.20642857142857143 0.04855275443510738 0.06428571428571428
0 0.5312791783380019 0.037142857142857144 0.05042016806722689 0.06857142857142857
0 0.49019607843137253 0.004285714285714286 0.035480859010270774 0.008571428571428572
0 0.41596638655462187 0.025714285714285714 0.0457516339869281 0.032857142857142856
0 0.2852474323062558 0.35285714285714287 0.0457516339869281 0.06714285714285714
1 0.7352941176470589 0.5692857142857143 0.0457516339869281 0.20285714285714285
1 0.765639589169001 0.7764285714285715 0.0457516339869281 0.2042857142857143
1 0.35014005602240894 0.705 0.04108309990662932 0.17857142857142858
1 0.37861811391223155 0.9021428571428571 0.04388422035480859 0.1957142857142857
1 0.6974789915966386 0.32571428571428573 0.032679738562091505 0.14
