1 0.29831932773109243 0.11142857142857143 0.018674136321195144 0.21857142857142858
1 0.6900093370681606 0.16285714285714287 0.02707749766573296 0.23714285714285716
1 0.6797385620915033 0.4064285714285714 0.02707749766573296 0.16
0 0.6339869281045751 0.7814285714285715 0.04201680672268908 0.07
0 0.5191409897292251 0.7178571428571429 0.04201680672268908 0.06142857142857143
0 0.3912231559290383 0.9835714285714285 0.04295051353874883 0.015714285714285715
0 0.39402427637721754 0.9378571428571428 0.04201680672268908 0.05714285714285714
0 0.4327731092436975 0.7614285714285715 0.03361344537815126 0.06285714285714286
0 0.33473389355742295 0.26357142857142857 0.04201680672268908 0.06
0 0.2791783380018674 0.25642857142857145 0.04388422035480859 0.055714285714285716
0 0.4215686274509804 0.05071428571428571 0.04668534080298786 0.05857142857142857
0 0.42250233426704015 0.005 0.036414565826330535 0.01
0 0.45751633986928103 0.004285714285714286 0.035480859010270774 0.008571428571428572
0 0.534547152194211 0.011428571428571429 0.04481792717086835 0.022857142857142857
0 0.6970121381886087 0.30357142857142855 0.04108309990662932 0.06
1 0.27497665732959853 0.625 0.025210084033613446 0.2042857142857143
1 0.2661064425770308 0.8364285714285714 0.025210084033613446 0.2057142857142857
1 0.669000933706816 0.6671428571428571 0.02334267040149393 0.18
1 0.6610644257703081 0.875 0.022408963585434174 0.21142857142857144
1 0.28711484593837533 0.375 0.018674136321195144 0.14142857142857143
