1 0.7394817927170867 0.8351714285714286 0.1427170868347338 0.012514285714285702
1 0.958109243697479 0.7426785714285714 0.012726423902894593 0.1919285714285714
1 0.9581045751633988 0.5180785714285714 0.01454715219421095 0.03472857142857135
1 0.959467787114846 0.42837142857142857 0.01727357609710551 0.13354285714285716
1 0.959014939309057 0.3080428571428571 0.012726423902894593 0.1265714285714286
1 0.8835667600373482 0.23294285714285715 0.15271708683473384 0.02642857142857143
1 0.7331232492997198 0.2336357142857143 0.15362278244631183 0.025042857142857103
1 0.5735854341736695 0.23224285714285717 0.10362278244631187 0.030600000000000023
0 0.32587301587301587 0.2760571428571429 0.04272642390289448 0.05980000000000002
0 0.3595098039215686 0.4554714285714285 0.03726423902894488 0.05980000000000002
0 0.15770774976657326 0.5166642857142857 0.03545284780578901 0.0625857142857142
0 0.14406629318394024 0.5326642857142857 0.04090569561157797 0.05284285714285716
0 0.1622455648926237 0.6321071428571429 0.03545284780578901 0.06535714285714286
0 0.20724556489262372 0.6314142857142857 0.03454715219421102 0.061200000000000046
0 0.13816059757236226 0.6522714285714285 0.030905695611577987 0.03894285714285713
0 0.05089169000933706 0.6919142857142858 0.027273576097105515 0.048685714285714346
0 0.32496732026143793 0.5841285714285714 0.03908496732026145 0.04728571428571432
0 0.6426750700280113 0.7684071428571428 0.03636788048552759 0.059814285714285556
0 0.6431279178338002 0.8539428571428571 0.03363211951447244 0.06397142857142853
0 0.7876610644257703 0.6508785714285714 0.03545284780578901 0.06675714285714289
0 0.8326610644257703 0.6529642857142857 0.03454715219421102 0.05424285714285718
0 0.8390242763772175 0.5994214285714287 0.04182072829131649 0.05284285714285716
0 0.8308450046685341 0.4812071428571429 0.03272642390289445 0.06675714285714289
0 0.641764705882353 0.21277857142857143 0.036358543417366995 0.058414285714285696
1 0.4026890756302521 0.8351642857142857 0.13271708683473388 0.023642857142857077
1 0.26406162464985994 0.8337785714285714 0.13363211951447246 0.023642857142857077
1 0.05180672268907563 0.8337785714285714 0.03817927170868348 0.023642857142857077
1 0.40268907563025214 0.23085714285714284 0.11635854341736696 0.022257142857142833
1 0.2667927170868348 0.22807857142857144 0.1372642390289449 0.019471428571428567
1 0.11407096171802053 0.23016428571428568 0.15363211951447248 0.015299999999999972
1 0.5668113912231559 0.8337785714285716 0.09190476190476196 0.0180714285714287
1 0.8835667600373484 0.8372571428571427 0.1490756302521009 0.022257142857142753
