0 0.336180981595092 0.7316228893058161 0.12733128834355825 0.08065666041275799
0 0.30547546012269944 0.6363508442776734 0.12506134969325156 0.09041275797373369
0 0.4021165644171779 0.2768292682926829 0.13644171779141107 0.0667542213883677
0 0.5908588957055215 0.20172607879924956 0.127361963190184 0.08622889305816134
1 0.41461656441717787 0.230234521575985 0.15690184049079753 0.02921200750469042
1 0.2702453987730062 0.22884615384615384 0.14098159509202457 0.02921200750469042
0 0.29638036809815954 0.37696060037523454 0.11595092024539881 0.0834521575984991
1 0.6647546012269939 0.870703564727955 0.2114723926380368 0.033377110694183795
1 0.7432055214723927 0.22954033771106944 0.15917177914110434 0.02782363977485931
0 0.33958588957055214 0.8971294559099438 0.12506134969325156 0.0834521575984991
0 0.4669325153374233 0.6912945590994372 0.1341717791411043 0.09178236397748585
