0 0.6676788218793829 0.7858355437665783 0.06913043478260865 0.13628647214854112
0 0.3952103786816269 0.6251856763925729 0.06985974754558197 0.11265251989389928
1 0.6577489481065919 0.06956233421750664 0.04781206171107999 0.05562334217506631
1 0.565820476858345 0.07025198938992042 0.125750350631136 0.06257294429708224
1 0.46912342215988784 0.06956233421750664 0.048541374474053316 0.05286472148541113
1 0.18231416549789622 0.29974801061007955 0.02499298737727909 0.2545092838196286
1 0.9666199158485275 0.3491114058355438 0.027208976157082877 0.19748010610079572
0 0.3135834502103787 0.5097612732095491 0.06545582047685837 0.1460477453580902
0 0.7353366058906032 0.3741379310344828 0.07207573632538576 0.12795755968169764
0 0.6412061711079944 0.62657824933687 0.06471248246844317 0.10986737400530508
0 0.7838709677419354 0.5952917771883289 0.06911640953716686 0.12517241379310345
0 0.6662061711079944 0.8991777188328913 0.07207573632538568 0.13490716180371357
1 0.9684572230014025 0.5653846153846154 0.027938288920056203 0.19331564986737398
0 0.15877980364656383 0.4840318302387268 0.0808976157082749 0.13352785145888602
0 0.1606241234221599 0.6279840848806366 0.06985974754558205 0.1210079575596817
