0 0.3429172510518934 0.8063660477453581 0.07433380084151472 0.13527851458885942
0 0.4375876577840112 0.2984084880636605 0.061711079943899017 0.13527851458885942
1 0.7223001402524544 0.8129973474801061 0.030855539971949508 0.09283819628647215
1 0.7251051893408135 0.6392572944297082 0.037868162692847124 0.2413793103448276
1 0.7286115007012622 0.4562334217506631 0.029453015427769985 0.09549071618037135
0 0.5014025245441796 0.14721485411140584 0.07994389901823282 0.129973474801061
0 0.5582047685834503 0.9389920424403183 0.07012622720897616 0.1220159151193634
0 0.4284712482468443 0.7625994694960212 0.06030855539971949 0.1246684350132626
0 0.44039270687237025 0.9814323607427056 0.06591865357643759 0.034482758620689655
0 0.28330995792426367 0.7997347480106101 0.07433380084151472 0.14058355437665782
