0 0.6269284712482468 0.8541114058355438 0.07994389901823282 0.14854111405835543
0 0.5799438990182328 0.3222811671087533 0.06872370266479663 0.14588859416445624
1 0.25245441795231416 0.7360742705570292 0.0364656381486676 0.09814323607427056
1 0.2657784011220196 0.5636604774535809 0.05049088359046283 0.2440318302387268
1 0.27840112201963535 0.3819628647214854 0.03506311360448808 0.09814323607427056
0 0.5308555399719496 0.15251989389920426 0.08555399719495091 0.14323607427055704
0 0.4018232819074334 0.9177718832891246 0.07573632538569425 0.13793103448275862
0 0.5462833099579243 0.7811671087533156 0.06591865357643759 0.13527851458885942
0 0.5133239831697055 0.9854111405835544 0.06732117812061711 0.029177718832891247
0 0.6858345021037868 0.8673740053050398 0.08134642356241234 0.15384615384615385
