0 0.4940889830508474 0.25099605522682444 0.12546610169491532 0.06814595660749509
0 0.2595338983050847 0.5639250493096647 0.13449152542372883 0.054240631163708086
0 0.3626059322033898 0.6591913214990137 0.11953389830508478 0.05285996055226815
0 0.4836440677966102 0.6007790927021696 0.10457627118644071 0.052840236686390464
0 0.568792372881356 0.6918737672583827 0.14343220338983054 0.059802761341222976
0 0.7346186440677966 0.6835305719921103 0.11652542372881355 0.048678500986193196
0 0.2580296610169492 0.7683826429980276 0.10758474576271186 0.048678500986193196
0 0.45523305084745763 0.8107889546351086 0.13148305084745762 0.06398422090729794
0 0.45523305084745763 0.9123175542406312 0.13148305084745762 0.06676528599605527
1 0.24610169491525424 0.27602564102564103 0.17330508474576273 0.026410256410256384
1 0.6360169491525425 0.27741617357001974 0.17627118644067807 0.03755424063116375
1 0.6569279661016949 0.8886785009861933 0.1941949152542372 0.033372781065088675
1 0.21620762711864408 0.8907593688362918 0.11953389830508478 0.02921104536489141
