0 0.7536231884057971 0.5220848056537103 0.1320450885668277 0.061837455830388695
1 0.8542673107890499 0.45141342756183744 0.10628019323671498 0.14752650176678445
1 0.6851851851851852 0.5901060070671378 0.08373590982286634 0.09275618374558305
0 0.7600644122383253 0.5569787985865724 0.11594202898550725 0.0715547703180212
0 0.3172302737520129 0.4721731448763251 0.09500805152979067 0.05653710247349823
0 0.250402576489533 0.5530035335689046 0.09178743961352658 0.05035335689045936
0 0.19484702093397746 0.45185512367491165 0.08051529790660225 0.053003533568904596
0 0.030595813204508857 0.45980565371024734 0.061191626409017714 0.05565371024734982
0 0.0853462157809984 0.3666077738515901 0.09822866344605476 0.061837455830388695
0 0.2109500805152979 0.2871024734982332 0.10789049919484701 0.052120141342756186
