0 0.7536231884057971 0.47791519434628976 0.12077294685990338 0.052120141342756186
1 0.8091787439613527 0.39399293286219084 0.061191626409017714 0.14664310954063603
1 0.7262479871175523 0.5543286219081273 0.05636070853462158 0.09098939929328621
0 0.7793880837359098 0.5101590106007067 0.0998389694041868 0.06448763250883392
0 0.3107890499194847 0.5044169611307421 0.0821256038647343 0.05035335689045936
0 0.2922705314009662 0.5931978798586572 0.08051529790660225 0.044169611307420496
0 0.18276972624798712 0.5061837455830389 0.06924315619967794 0.04858657243816254
0 0.027375201288244767 0.5419611307420494 0.05314009661835749 0.053003533568904596
0 0.036231884057971016 0.44302120141342755 0.07246376811594203 0.05565371024734982
0 0.10547504025764895 0.3462897526501767 0.0966183574879227 0.045053003533568906
