0 0.4771739130434782 0.35954505300353357 0.08619967793880833 0.06258833922261486
1 0.3288647342995169 0.3233833922261484 0.2661996779388084 0.02363957597173144
1 0.614074074074074 0.3797128975265018 0.16225442834138484 0.02502650176678449
1 0.6280273752012883 0.9075265017667844 0.15972624798711765 0.015300353356890504
1 0.25786634460547503 0.9068374558303887 0.15972624798711754 0.025035335689045965
0 0.5380193236714976 0.3477208480565371 0.11156199677938804 0.050070671378091826
0 0.5494283413848631 0.12379858657243818 0.10394524959742343 0.04450530035335688
0 0.49491948470209335 0.6036351590106007 0.08619967793880833 0.041722614840989415
0 0.654645732689211 0.6203224381625442 0.07605475040257652 0.041722614840989415
0 0.48858293075684384 0.67386925795053 0.08367149758454112 0.03477031802120133
0 0.5443558776167472 0.7733127208480566 0.09380032206119163 0.05007067137809193
0 0.3656199677938808 0.7559275618374558 0.09632850241545893 0.0486749116607773
0 0.45689210950080517 0.8546775618374558 0.09632850241545897 0.06258833922261477
0 0.4556199677938808 0.9318683745583038 0.10901771336553948 0.06119257950530034
0 0.19322866344605474 0.7051678445229682 0.07605475040257648 0.05007067137809193
