1 0.7770370370370371 0.8744740532959326 0.10962962962962963 0.05329593267882188
1 0.1637037037037037 0.3071528751753156 0.07111111111111111 0.12482468443197756
1 0.1962962962962963 0.5497896213183731 0.07703703703703704 0.11640953716690042
0 0.7822222222222223 0.1844319775596073 0.12 0.1150070126227209
0 0.5888888888888889 0.37727910238429174 0.1288888888888889 0.09537166900420757
0 0.44962962962962966 0.24894810659186536 0.11555555555555555 0.10098176718092566
0 0.8733333333333333 0.16549789621318373 0.1362962962962963 0.1276297335203366
1 0.23851851851851852 0.8155680224403927 0.09185185185185185 0.211781206171108
0 0.6992592592592592 0.6605890603085554 0.10962962962962963 0.10799438990182328
0 0.17037037037037037 0.6654978962131838 0.12444444444444444 0.10378681626928471
