1 0.040740740740740744 0.6409537166900421 0.057777777777777775 0.10518934081346423
1 0.7925925925925926 0.2517531556802244 0.13333333333333333 0.07012622720897616
1 0.5385185185185185 0.21037868162692847 0.12444444444444444 0.07573632538569425
0 0.7362962962962963 0.8478260869565217 0.12296296296296297 0.11640953716690042
0 0.5985185185185186 0.6164095371669004 0.10222222222222223 0.12342215988779803
0 0.7681481481481481 0.5273492286115007 0.10814814814814815 0.11079943899018233
0 0.7288888888888889 0.9347826086956522 0.1362962962962963 0.13043478260869565
1 0.25703703703703706 0.17110799438990182 0.22518518518518518 0.08976157082748948
0 0.27925925925925926 0.6339410939691444 0.11555555555555555 0.10518934081346423
0 0.4288888888888889 0.15287517531556802 0.1111111111111111 0.11921458625525946
