1 0.06947407407407406 0.7079102384291726 0.041140740740740735 0.100140252454418
1 0.7482074074074073 0.2120827489481066 0.1263407407407407 0.051458625525946704
1 0.49044444444444435 0.20860448807854134 0.11620740740740748 0.05841514726507713
0 0.7908148148148147 0.8087447405329595 0.10871111111111119 0.10152875175315582
0 0.6160592592592592 0.6001262272089761 0.08506666666666661 0.11265077138849922
0 0.7695851851851853 0.48746844319775595 0.09271111111111109 0.09875175315568017
0 0.7974962962962963 0.896374474053296 0.11884444444444449 0.11544179523141647
1 0.2061037037037037 0.2113955119214586 0.2174222222222222 0.05841514726507711
0 0.3046074074074074 0.6648036465638149 0.10269629629629629 0.09179523141654986
0 0.3729185185185185 0.16758064516129031 0.09534814814814813 0.10708274894810658
