0 0.7572463768115942 0.782608695652174 0.10144927536231885 0.0734632683658171
0 0.9465579710144928 0.7541229385307346 0.1068840579710145 0.09895052473763119
0 0.8206521739130435 0.5224887556221889 0.10869565217391304 0.10644677661169415
0 0.865036231884058 0.6349325337331334 0.09239130434782608 0.07946026986506746
0 0.5706521739130435 0.6101949025487257 0.11956521739130435 0.11244377811094453
0 0.2826086956521739 0.2571214392803598 0.1286231884057971 0.11394302848575712
0 0.2907608695652174 0.33808095952023987 0.11956521739130435 0.10344827586206896
1 0.8378623188405797 0.18515742128935533 0.25181159420289856 0.043478260869565216
1 0.5153985507246377 0.28335832083958024 0.17391304347826086 0.037481259370314844
1 0.12047101449275362 0.31259370314842577 0.24094202898550723 0.049475262368815595
0 0.8659420289855072 0.7631184407796102 0.13043478260869565 0.10194902548725637
