0 0.19293478260869565 0.7458770614692654 0.09963768115942029 0.08995502248875563
0 0.2509057971014493 0.9070464767616192 0.1322463768115942 0.11394302848575712
0 0.5117753623188406 0.7661169415292354 0.13949275362318841 0.10044977511244378
0 0.38315217391304346 0.8163418290854573 0.10507246376811594 0.08395802098950525
0 0.37681159420289856 0.5712143928035982 0.14673913043478262 0.10944527736131934
0 0.7653985507246377 0.29160419790104947 0.1503623188405797 0.11694152923538231
0 0.6684782608695652 0.30884557721139433 0.1358695652173913 0.10944527736131934
1 0.9184782608695652 0.7391304347826086 0.08152173913043478 0.20839580209895053
1 0.7608695652173914 0.48650674662668664 0.06521739130434782 0.14392803598200898
1 0.6702898550724637 0.13493253373313344 0.10326086956521739 0.2608695652173913
0 0.22916666666666666 0.8328335832083958 0.1358695652173913 0.11694152923538231
