0 0.48802702702702694 0.3178258362168397 0.04127927927927922 0.02921568627450985
0 0.19145945945945947 0.7976585928489042 0.05214414414414414 0.029204152249134873
0 0.3076936936936937 0.7990484429065744 0.05866666666666667 0.03198385236447522
0 0.42392792792792794 0.7976585928489043 0.05650450450450453 0.03199538638985007
0 0.48150450450450455 0.7976585928489043 0.04563963963963966 0.03199538638985007
0 0.6422792792792792 0.7969665513264129 0.05432432432432428 0.03337946943483282
0 0.7183333333333334 0.7934832756632064 0.05432432432432428 0.029204152249134873
0 0.7031171171171171 0.6891753171856979 0.045621621621621714 0.034775086505190414
0 0.6390270270270271 0.6856978085351788 0.04345945945945947 0.030588235294117624
0 0.4098108108108108 0.6043367935409458 0.05432432432432428 0.0375547866205305
0 0.1403963963963964 0.4916782006920415 0.07171171171171169 0.05424452133794691
0 0.21427027027027024 0.49446366782006923 0.08039639639639638 0.05702422145328726
0 0.40437837837837837 0.4054498269896194 0.04345945945945947 0.03198385236447522
0 0.44564864864864867 0.3950173010380623 0.02607207207207212 0.025028835063437192
0 0.4445675675675676 0.3477277970011534 0.028234234234234264 0.01946943483275663
0 0.4174054054054054 0.12311418685121106 0.06082882882882881 0.03755478662053057
0 0.8258828828828829 0.19334486735870818 0.05648648648648653 0.03893886966551326
0 0.7194144144144144 0.3108765859284891 0.05648648648648653 0.029204152249135005
0 0.7552612612612613 0.3477277970011534 0.045621621621621714 0.03893886966551326
0 0.5999189189189189 0.31921568627450986 0.047801801801801755 0.029204152249135005
0 0.40437837837837837 0.35885236447520186 0.05214414414414414 0.03615916955017304
1 0.4652072072072072 0.4360438292964244 0.030414414414414406 0.07649365628604375
1 0.32833333333333337 0.6189388696655133 0.12167567567567562 0.01391003460207606
1 0.2218738738738739 0.6175490196078433 0.11297297297297296 0.019480968858131602
1 0.9040990990990991 0.720472895040369 0.02607207207207212 0.052848904267589314
1 0.8345675675675676 0.5452249134948096 0.12167567567567562 0.01946943483275663
1 0.7291891891891892 0.5452249134948096 0.12385585585585587 0.01946943483275663
1 0.6194684684684685 0.5459227220299885 0.10863063063063057 0.015305651672433659
1 0.5140990990990991 0.5466147635524797 0.1151531531531531 0.022249134948096844
1 0.6031711711711711 0.39640715109573244 0.11081081081081082 0.022249134948096844
1 0.8117567567567567 0.3971049596309112 0.13252252252252245 0.015294117647058812
1 0.9073513513513513 0.23854671280276815 0.03693693693693684 0.05702422145328719
1 0.8486846846846846 0.0653921568627451 0.13254054054054043 0.016689734717416378
1 0.737882882882883 0.0653921568627451 0.11951351351351358 0.016689734717416378
1 0.6335945945945946 0.06260668973471742 0.1151531531531531 0.01946943483275663
1 0.527135135135135 0.061914648212226066 0.11949549549549537 0.020853517877739328
1 0.3413693693693694 0.13701845444059976 0.126018018018018 0.018073817762399063
1 0.23164864864864865 0.13632064590542098 0.11515315315315312 0.01946943483275663
0 0.1881981981981982 0.8824971164936563 0.04562162162162161 0.03198385236447522
