0 0.5036036036036036 0.317762399077278 0.043243243243243246 0.029988465974625143
0 0.16756756756756758 0.7866205305651672 0.05405405405405406 0.029988465974625143
0 0.28378378378378377 0.7923875432525952 0.06126126126126126 0.03460207612456748
0 0.4 0.7946943483275664 0.05765765765765766 0.03460207612456748
0 0.45675675675675675 0.7964244521337946 0.04684684684684685 0.03344867358708189
0 0.618018018018018 0.8016147635524798 0.055855855855855854 0.03575547866205306
0 0.6936936936936937 0.8004613610149942 0.055855855855855854 0.031141868512110725
0 0.6873873873873874 0.6955017301038062 0.04864864864864865 0.03575547866205306
0 0.6234234234234234 0.6903114186851211 0.04504504504504504 0.03229527104959631
0 0.4018018018018018 0.6014994232987313 0.05765765765765766 0.040369088811995385
0 0.14144144144144144 0.4798154555940023 0.07567567567567568 0.05651672433679354
0 0.2153153153153153 0.4844290657439446 0.08648648648648649 0.058823529411764705
0 0.4126126126126126 0.40253748558246827 0.04504504504504504 0.03344867358708189
0 0.45495495495495497 0.3933102652825836 0.02702702702702703 0.0265282583621684
0 0.45675675675675675 0.3460207612456747 0.03063063063063063 0.020761245674740483
0 0.4477477477477477 0.12053056516724336 0.06486486486486487 0.040369088811995385
0 0.8504504504504504 0.20472895040369088 0.05945945945945946 0.04152249134948097
0 0.7351351351351352 0.31833910034602075 0.05765765765765766 0.031141868512110725
0 0.7666666666666667 0.356401384083045 0.04864864864864865 0.040369088811995385
0 0.6144144144144145 0.3229527104959631 0.05045045045045045 0.029988465974625143
0 0.41621621621621624 0.3558246828143022 0.055855855855855854 0.03690888119953864
1 0.4702702702702703 0.4348327566320646 0.036036036036036036 0.07727797001153403
1 0.31801801801801804 0.6130334486735871 0.12432432432432433 0.01845444059976932
1 0.2126126126126126 0.6084198385236448 0.11531531531531532 0.02306805074971165
1 0.8855855855855855 0.7335640138408305 0.02882882882882883 0.05420991926182238
1 0.8297297297297297 0.5559400230680508 0.12432432432432433 0.02422145328719723
1 0.7252252252252253 0.552479815455594 0.12612612612612611 0.02422145328719723
1 0.6162162162162163 0.5501730103806228 0.10990990990990991 0.01845444059976932
1 0.5108108108108108 0.5472895040369089 0.11711711711711711 0.025374855824682813
1 0.6117117117117117 0.39965397923875434 0.11351351351351352 0.025374855824682813
1 0.8198198198198198 0.4077277970011534 0.13513513513513514 0.0196078431372549
1 0.9279279279279279 0.25259515570934254 0.04144144144144144 0.05767012687427912
1 0.8837837837837837 0.07727797001153403 0.13513513513513514 0.020761245674740483
1 0.772972972972973 0.07381776239907728 0.12072072072072072 0.0196078431372549
1 0.6684684684684684 0.06805074971164937 0.11711711711711711 0.02306805074971165
1 0.5630630630630631 0.06343713956170703 0.12072072072072072 0.02422145328719723
1 0.37117117117117115 0.13264129181084197 0.12792792792792793 0.02306805074971165
1 0.26126126126126126 0.12745098039215685 0.11711711711711711 0.02306805074971165
0 0.15765765765765766 0.8713956170703575 0.04684684684684685 0.03344867358708189
