0 0.2153153153153153 0.5074971164936563 0.04504504504504504 0.0265282583621684
0 0.9648648648648649 0.6972318339100346 0.04504504504504504 0.03344867358708189
0 0.9675675675675676 0.6228373702422145 0.05045045045045045 0.03806228373702422
0 0.9648648648648649 0.5484429065743944 0.05045045045045045 0.03575547866205306
0 0.9648648648648649 0.5121107266435986 0.05045045045045045 0.02883506343713956
0 0.963963963963964 0.408881199538639 0.05225225225225225 0.03460207612456748
0 0.9585585585585585 0.3604382929642445 0.04504504504504504 0.03460207612456748
0 0.7954954954954955 0.370242214532872 0.05405405405405406 0.02883506343713956
0 0.7900900900900901 0.41118800461361016 0.04864864864864865 0.02768166089965398
0 0.6630630630630631 0.5576701268742791 0.05945945945945946 0.03460207612456748
0 0.4873873873873874 0.7301038062283737 0.08468468468468468 0.0461361014994233
0 0.49099099099099097 0.6828143021914648 0.08828828828828829 0.05190311418685121
0 0.35225225225225226 0.5611303344867359 0.05045045045045045 0.02768166089965398
0 0.33603603603603605 0.5346020761245674 0.03963963963963964 0.016147635524798153
0 0.26216216216216215 0.5357554786620531 0.03063063063063063 0.01845444059976932
0 0.025225225225225224 0.29123414071510956 0.05045045045045045 0.03575547866205306
0 0.2045045045045045 0.35928489042675893 0.04504504504504504 0.03575547866205306
0 0.26216216216216215 0.33679354094579006 0.06126126126126126 0.02883506343713956
0 0.218018018018018 0.4359861591695502 0.04504504504504504 0.031141868512110725
0 0.27927927927927926 0.5611303344867359 0.055855855855855854 0.03344867358708189
1 0.4 0.5224913494809689 0.11891891891891893 0.0196078431372549
1 0.6855855855855856 0.6101499423298731 0.021621621621621623 0.0784313725490196
1 0.6837837837837838 0.6782006920415224 0.03063063063063063 0.0726643598615917
1 0.8441441441441442 0.24106113033448673 0.08288288288288288 0.016147635524798153
1 0.5702702702702702 0.28604382929642447 0.03063063063063063 0.0784313725490196
1 0.5702702702702702 0.353517877739331 0.03063063063063063 0.07958477508650519
1 0.5720720720720721 0.4232987312572088 0.023423423423423424 0.06920415224913495
1 0.572972972972973 0.49077277970011535 0.03423423423423423 0.07381776239907728
1 0.33783783783783783 0.43367935409457903 0.03423423423423423 0.07151095732410612
1 0.3396396396396396 0.3004613610149942 0.023423423423423424 0.0853517877739331
1 0.0918918918918919 0.23933102652825836 0.08828828828828829 0.02306805074971165
