1 0.8252720677146312 0.17966903073286053 0.05441354292623942 0.35933806146572106
1 0.05562273276904474 0.42671394799054374 0.03869407496977025 0.2033096926713948
1 0.08585247883917775 0.7813238770685579 0.03990326481257558 0.19621749408983452
0 0.532043530834341 0.5295508274231678 0.08464328899637243 0.14657210401891252
0 0.8192261185006046 0.4078014184397163 0.07134220072551391 0.12293144208037825
0 0.8663845223700121 0.39361702127659576 0.07134220072551391 0.1276595744680851
0 0.3875453446191052 0.5437352245862884 0.060459492140266025 0.12529550827423167
0 0.31499395405078595 0.2706855791962175 0.05199516324062878 0.09456264775413711
0 0.3180169286577993 0.46926713947990545 0.06892382103990327 0.14420803782505912
0 0.2702539298669891 0.607565011820331 0.07134220072551391 0.13002364066193853
0 0.37908101571946795 0.8191489361702128 0.07134220072551391 0.14420803782505912
0 0.3863361547762999 0.9267139479905437 0.06650544135429262 0.14657210401891252
