1 0.15038694074969772 0.2934633569739952 0.023482466747279343 0.36163120567375895
1 0.9307738814993954 0.2760874704491726 0.022055622732769054 0.19888888888888887
1 0.9329141475211608 0.6363002364066195 0.023482466747279412 0.19052009456264782
0 0.47122128174123334 0.5403309692671395 0.07470374848851266 0.12378250591016551
0 0.1770677146311971 0.517387706855792 0.06259975816203144 0.10290780141843965
0 0.12975816203143895 0.5201654846335697 0.0633131801692866 0.10846335697399526
0 0.6149214026602177 0.5048581560283688 0.05192261185006052 0.10848699763593378
0 0.6622309552599759 0.21210401891252956 0.045525997581620424 0.07929078014184396
0 0.6768137847642078 0.40750591016548465 0.05904474002418371 0.125177304964539
0 0.7358645707376057 0.5285106382978724 0.06331318016928646 0.11125295508274233
0 0.647291414752116 0.7732978723404256 0.061185006045949175 0.1251773049645391
0 0.6497823458282951 0.8824704491725768 0.056203143893591316 0.13212765957446806
