0 0.44300766283524906 0.0552546045503792 0.05555555555555555 0.056338028169014086
0 0.5311302681992337 0.652762730227519 0.045019157088122604 0.04550379198266522
0 0.5268199233716475 0.6944745395449621 0.045019157088122604 0.05417118093174431
0 0.5598659003831418 0.7627302275189599 0.05268199233716475 0.07042253521126761
0 0.5732758620689655 0.609967497291441 0.06513409961685823 0.07258938244853738
0 0.6273946360153256 0.7015167930660888 0.06130268199233716 0.06717226435536294
0 0.6604406130268199 0.490249187432286 0.0603448275862069 0.06175514626218852
0 0.8405172413793104 0.3829902491874323 0.06609195402298851 0.07475622968580715
0 0.29310344827586204 0.8391115926327194 0.0603448275862069 0.06933911159263272
1 0.4305555555555556 0.24431202600216684 0.027777777777777776 0.08884073672806067
1 0.41762452107279696 0.32015167930660887 0.032567049808429116 0.0866738894907909
1 0.407088122605364 0.394907908992416 0.032567049808429116 0.08559046587215602
1 0.3903256704980843 0.90465872156013 0.06609195402298851 0.0314192849404117
1 0.44157088122605365 0.9160346695557963 0.06321839080459771 0.03683640303358613
1 0.5512452107279694 0.9360780065005417 0.04693486590038314 0.032502708559046585
1 0.7394636015325671 0.8791982665222102 0.03065134099616858 0.08559046587215602
1 0.7638888888888888 0.7248104008667389 0.029693486590038315 0.05308775731310943
1 0.7902298850574713 0.5579631635969664 0.033524904214559385 0.09100758396533044
1 0.8453065134099617 0.20639219934994582 0.028735632183908046 0.0866738894907909
1 0.7543103448275862 0.06608884073672806 0.04980842911877394 0.0314192849404117
1 0.6096743295019157 0.038461538461538464 0.06130268199233716 0.0314192849404117
1 0.564176245210728 0.0276273022751896 0.05651340996168582 0.03358613217768147
0 0.4367816091954023 0.10184182015167931 0.05651340996168582 0.06175514626218852
0 0.35823754789272033 0.4582881906825569 0.06226053639846743 0.07475622968580715
0 0.20737547892720307 0.6435536294691224 0.05555555555555555 0.06717226435536294
0 0.40948275862068967 0.5866738894907909 0.0603448275862069 0.07042253521126761
