0 0.5225095785440613 0.051462621885157094 0.05842911877394636 0.06067172264355363
0 0.48084291187739464 0.6549295774647887 0.04789272030651341 0.04875406283856988
0 0.48802681992337166 0.6966413867822319 0.04789272030651341 0.05742145178764897
0 0.460727969348659 0.7676056338028169 0.05651340996168582 0.07367280606717226
0 0.4353448275862069 0.6164680390032503 0.06896551724137931 0.07692307692307693
0 0.38840996168582376 0.7134344528710725 0.06513409961685823 0.07150595882990249
0 0.3390804597701149 0.5059588299024919 0.06417624521072797 0.06608884073672806
0 0.1518199233716475 0.4171180931744312 0.06992337164750957 0.0790899241603467
0 0.73227969348659 0.8174431202600216 0.06321839080459771 0.07258938244853738
1 0.5493295019157088 0.23835319609967498 0.033524904214559385 0.08884073672806067
1 0.5680076628352491 0.3125677139761647 0.038314176245210725 0.08775731310942579
1 0.5847701149425287 0.3862405200433369 0.038314176245210725 0.0866738894907909
1 0.6403256704980843 0.8921993499458288 0.06609195402298851 0.03791982665222102
1 0.5905172413793104 0.9089924160346695 0.06417624521072797 0.04225352112676056
1 0.4827586206896552 0.9393282773564464 0.04789272030651341 0.035752979414951244
1 0.2907088122605364 0.9014084507042254 0.03639846743295019 0.08559046587215602
1 0.2543103448275862 0.7502708559046587 0.032567049808429116 0.05417118093174431
1 0.21551724137931033 0.5861321776814734 0.040229885057471264 0.09209100758396534
1 0.1331417624521073 0.24160346695557963 0.035440613026819924 0.0866738894907909
1 0.21312260536398467 0.09263271939328277 0.05076628352490421 0.035752979414951244
1 0.35488505747126436 0.050920910075839654 0.06226053639846743 0.03683640303358613
1 0.3994252873563218 0.035752979414951244 0.05747126436781609 0.0390032502708559
0 0.5325670498084292 0.09696641386782232 0.05938697318007663 0.06608884073672806
0 0.6379310344827587 0.44474539544962083 0.06609195402298851 0.0780065005417118
0 0.8026819923371648 0.6143011917659805 0.05842911877394636 0.07042253521126761
0 0.5967432950191571 0.5774647887323944 0.06417624521072797 0.07367280606717226
