0 0.12252394636015326 0.3588894907908992 0.041810344827586214 0.05563380281690143
0 0.6272892720306513 0.5612567713976164 0.03319923371647517 0.045893824485373734
0 0.6647892720306514 0.5640411700975081 0.041800766283525 0.043120260021668425
0 0.7182806513409962 0.6120260021668472 0.055335249042145575 0.05007583965330447
0 0.583022030651341 0.6008938244853738 0.055335249042145575 0.06397616468038998
0 0.6531082375478927 0.6773943661971831 0.05041187739463612 0.061202600216684735
0 0.4637452107279693 0.6773943661971831 0.04549808429118774 0.061202600216684735
0 0.338941570881226 0.8588949079089924 0.0565613026819923 0.06537378114842894
0 0.8314080459770115 0.3282990249187432 0.052873563218390845 0.05841820151679302
1 0.28913793103448276 0.3783640303358613 0.07747126436781608 0.016684723726977223
1 0.35799808429118773 0.3769772481040087 0.07499999999999996 0.022253521126760524
1 0.4250143678160919 0.3783640303358613 0.07378352490421454 0.022253521126760524
1 0.8713649425287356 0.4479035752979415 0.017212643678160947 0.07231852654387866
1 0.872595785440613 0.5070151679306608 0.022126436781609107 0.06815817984832066
1 0.8707519157088122 0.632887323943662 0.020909961685823684 0.050065005417118134
1 0.7889846743295019 0.8324702058504876 0.07377394636015323 0.0208667388949079
1 0.6500335249042145 0.8331635969664138 0.04426245210727973 0.025027085590465774
1 0.5000191570881226 0.8331635969664138 0.07869731800766286 0.022253521126760524
1 0.18462164750957855 0.8338624052004333 0.0750095785440613 0.01808234019501631
1 0.07825670498084292 0.7079902491874324 0.0196743295019157 0.05286023835319606
1 0.07887452107279694 0.5424810400866739 0.018438697318007662 0.06676056338028169
1 0.07764367816091955 0.48963163596966414 0.020900383141762447 0.06119176598049839
0 0.1643295019157088 0.36028710725893826 0.04672413793103446 0.05563380281690143
0 0.488338122605364 0.3345503791982665 0.05778735632183907 0.05980498374864577
0 0.6758572796934866 0.19894907908992415 0.05163793103448284 0.052849404117009724
0 0.5910153256704981 0.41452871072589376 0.05409961685823757 0.05841820151679302
