0 0.16469428007889547 0.5973360655737705 0.06903353057199212 0.06967213114754098
0 0.23668639053254437 0.5133196721311475 0.07495069033530571 0.08196721311475409
0 0.5187376725838264 0.3104508196721312 0.06903353057199212 0.07991803278688525
0 0.5177514792899408 0.6004098360655737 0.07889546351084813 0.07377049180327869
0 0.6439842209072978 0.6014344262295082 0.08086785009861933 0.06762295081967214
0 0.5729783037475346 0.4918032786885246 0.05917159763313609 0.06147540983606557
0 0.591715976331361 0.3739754098360656 0.07692307692307693 0.0778688524590164
0 0.621301775147929 0.18545081967213115 0.07100591715976332 0.07991803278688525
0 0.8510848126232742 0.26331967213114754 0.07100591715976332 0.07991803278688525
1 0.20808678500986194 0.10553278688524591 0.03550295857988166 0.12295081967213115
1 0.20512820512820512 0.21721311475409835 0.03550295857988166 0.11270491803278689
1 0.20019723865877712 0.34938524590163933 0.03353057199211045 0.11475409836065574
1 0.1834319526627219 0.8340163934426229 0.03353057199211045 0.0778688524590164
1 0.8037475345167653 0.625 0.03747534516765286 0.055327868852459015
1 0.8106508875739645 0.44774590163934425 0.03353057199211045 0.12090163934426229
1 0.8274161735700197 0.1444672131147541 0.047337278106508875 0.09836065573770492
1 0.46548323471400394 0.017418032786885244 0.03944773175542406 0.03483606557377049
1 0.611439842209073 0.022540983606557378 0.04142011834319527 0.0389344262295082
0 0.17159763313609466 0.4456967213114754 0.08086785009861933 0.06967213114754098
0 0.3816568047337278 0.7633196721311475 0.07297830374753451 0.07581967213114754
