0 0.6057199211045365 0.1557377049180328 0.06426035502958588 0.06954918032786885
0 0.5220611439842209 0.22736680327868855 0.07631163708086779 0.07649590163934424
0 0.3165680473372781 0.5131762295081967 0.07495069033530571 0.06954918032786879
0 0.5956903353057199 0.5215266393442622 0.06826429980276137 0.08067622950819674
0 0.5930078895463511 0.6529508196721311 0.06289940828402364 0.08204918032786877
0 0.4892603550295858 0.5757684426229509 0.05623274161735698 0.05842213114754097
0 0.3761439842209073 0.5910553278688525 0.07362919132149898 0.07788934426229506
0 0.1934023668639053 0.614702868852459 0.07497041420118342 0.07231557377049173
0 0.26034516765286 0.8567110655737704 0.07497041420118342 0.07231557377049173
1 0.13115384615384618 0.18355532786885245 0.11646942800788955 0.03338114754098359
1 0.23892504930966468 0.18425204918032786 0.10708086785009863 0.031987704918032815
1 0.36543392504930966 0.18355532786885245 0.11110453648915185 0.03059426229508198
1 0.8319625246548323 0.18355532786885245 0.07228796844181455 0.03338114754098359
1 0.6097435897435897 0.8198463114754099 0.05088757396449695 0.03756147540983615
1 0.4390631163708087 0.8205430327868851 0.11646942800788956 0.030594262295081866
1 0.14722879684418144 0.8275 0.09236686390532546 0.04450819672131153
1 0.03142011834319527 0.44920081967213116 0.04284023668639053 0.0389344262295082
1 0.03477317554240631 0.599405737704918 0.038816568047337276 0.04172131147540986
0 0.4591321499013807 0.1564344262295082 0.0656015779092702 0.08204918032786884
0 0.7576627218934912 0.38591188524590164 0.07094674556213024 0.07370901639344268
