0 0.32741617357001973 0.1864754098360656 0.07692307692307693 0.08196721311475409
0 0.4240631163708087 0.23770491803278687 0.09072978303747535 0.09016393442622951
0 0.6824457593688363 0.4733606557377049 0.08678500986193294 0.08401639344262295
0 0.41025641025641024 0.5420081967213115 0.08284023668639054 0.09221311475409837
0 0.43984220907297833 0.6690573770491803 0.07889546351084813 0.0942622950819672
0 0.5256410256410257 0.5717213114754098 0.0670611439842209 0.06967213114754098
0 0.6400394477317555 0.5625 0.08678500986193294 0.09221311475409837
0 0.8224852071005917 0.5461065573770492 0.08678500986193294 0.0860655737704918
0 0.8057199211045365 0.7971311475409836 0.08678500986193294 0.0860655737704918
1 0.7978303747534516 0.11065573770491803 0.1203155818540434 0.05737704918032787
1 0.6923076923076923 0.13524590163934427 0.11045364891518737 0.055327868852459015
1 0.5680473372781065 0.16086065573770492 0.11439842209072978 0.05327868852459016
1 0.11143984220907298 0.26229508196721313 0.07889546351084813 0.0471311475409836
1 0.45660749506903353 0.8360655737704918 0.05719921104536489 0.0471311475409836
1 0.6242603550295858 0.8002049180327869 0.1203155818540434 0.055327868852459015
1 0.9112426035502958 0.7448770491803278 0.10059171597633136 0.06352459016393443
1 0.9477317554240631 0.3483606557377049 0.04930966469428008 0.0471311475409836
1 0.97534516765286 0.4969262295081967 0.047337278106508875 0.04918032786885246
0 0.47041420118343197 0.1557377049180328 0.08086785009861933 0.0942622950819672
0 0.22583826429980275 0.444672131147541 0.08481262327416174 0.08811475409836066
