0 0.328211334120425 0.10359528487229863 0.030920897284533712 0.04868369351669941
1 0.40719598583234945 0.605 0.035100354191263304 0.01946954813359522
1 0.4924498229043684 0.5034577603143419 0.07021251475796933 0.027819253438113943
1 0.5480283353010625 0.503467583497053 0.027579693034238503 0.019469548133595277
1 0.8347107438016529 0.07091355599214146 0.025903187721369604 0.019469548133595277
1 0.8572786304604486 0.07161100196463654 0.024238488783943298 0.018074656188605112
1 0.9554840613931523 0.311532416502947 0.011700118063754523 0.05005893909626723
1 0.9554840613931522 0.25103143418467583 0.01337662337662329 0.05424361493123775
1 0.8622904368358913 0.4415717092337918 0.029256198347107406 0.023654223968565855
1 0.26343565525383705 0.07230844793713163 0.04011806375442741 0.01667976424361492
1 0.30397874852420304 0.07091355599214146 0.027579693034238503 0.022259332023575634
1 0.3695808736717827 0.06884086444007859 0.09361275088547812 0.020864440078585463
1 0.4197343565525384 0.25172888015717093 0.01670602125147577 0.0500589390962672
1 0.42140495867768596 0.311532416502947 0.010035419126328217 0.05005893909626723
1 0.33364817001180636 0.44088408644400784 0.04179456906729631 0.025029469548133614
1 0.12636363636363637 0.4415717092337918 0.03008264462809916 0.023654223968565855
1 0.024811097992916177 0.2565913555992142 0.01587957497048406 0.11542239685658154
1 0.5584769775678867 0.28441060903732807 0.013364817001180697 0.05703339882121802
1 0.31275088547815816 0.6049901768172888 0.031759149940968096 0.01669941060903733
1 0.27138134592680047 0.6036051080550099 0.03593860684769776 0.022259332023575717
1 0.23752656434474617 0.7023575638506876 0.010023612750885489 0.04172888015717094
1 0.23836481700118065 0.7628487229862476 0.011700118063754457 0.05980353634577614
0 0.0845749704840614 0.39636542239685657 0.03177095631641086 0.04172888015717094
0 0.0653482880755608 0.46452848722986245 0.03175914994096813 0.06119842829076616
0 0.21412632821723732 0.13350687622789784 0.033423848878394335 0.04170923379174852
0 0.43352420306965767 0.356041257367387 0.03595041322314055 0.044499017681728835
0 0.7745336481700118 0.3087524557956778 0.03093270365997644 0.044499017681728835
0 0.7962632821723732 0.26354616895874267 0.030920897284533712 0.04866404715127701
0 0.8794273907910272 0.2628487229862475 0.031770956316410956 0.0500589390962672
0 0.839728453364817 0.37203339882121805 0.02757969303423837 0.04866404715127698
0 0.947125147579693 0.36368369351669944 0.026741440377804123 0.03754420432220042
0 0.5998465171192444 0.6995677799607073 0.029256198347107472 0.04451866404715121
0 0.5459386068476977 0.5514538310412573 0.031759149940968096 0.04589390962671908
0 0.43018299881936245 0.5674361493123772 0.03259740259740261 0.044499017681728835
0 0.45274498229043686 0.6522789783889981 0.03259740259740261 0.0528487229862475
0 0.4631995277449823 0.6981827111984283 0.025076741440377814 0.044499017681728835
0 0.4005135773317592 0.739901768172888 0.028417945690673022 0.05005893909626723
0 0.3440968122786304 0.6696660117878193 0.029256198347107406 0.04589390962671908
0 0.2939433293978749 0.7392043222003929 0.029256198347107406 0.05424361493123775
0 0.22750295159386072 0.6620137524557956 0.035100354191263304 0.044499017681728835
1 0.3712573789846517 0.6049901768172888 0.030094451003541925 0.025029469548133614
