0 0.6841794569067297 0.11886051080550099 0.031877213695395513 0.05108055009823183
1 0.58913813459268 0.6129666011787819 0.03541912632821724 0.023575638506876228
1 0.5076741440377804 0.5049115913555993 0.07083825265643448 0.03339882121807466
1 0.45218417945690675 0.5 0.02715466351829988 0.021611001964636542
1 0.179456906729634 0.04223968565815324 0.025974025974025976 0.021611001964636542
1 0.15702479338842976 0.0412573673870334 0.024793388429752067 0.019646365422396856
1 0.05076741440377804 0.27210216110019647 0.012987012987012988 0.04911591355599214
1 0.0525383707201889 0.21218074656188604 0.014167650531286895 0.05697445972495088
1 0.1399055489964581 0.4106090373280943 0.030696576151121605 0.025540275049115914
1 0.7497048406139315 0.09430255402750491 0.04014167650531287 0.019646365422396856
1 0.7089728453364817 0.08840864440078586 0.02833530106257379 0.023575638506876228
1 0.6440377804014168 0.08055009823182711 0.09327036599763873 0.029469548133595286
1 0.5879574970484062 0.2583497053045187 0.01770956316410862 0.05108055009823183
1 0.5844155844155844 0.3182711198428291 0.010625737898465172 0.04911591355599214
1 0.6682408500590319 0.45579567779960706 0.04250295159386069 0.029469548133595286
1 0.8748524203069658 0.47445972495088407 0.030696576151121605 0.025540275049115914
1 0.9822904368358913 0.29764243614931235 0.018890200708382526 0.11787819253438114
1 0.448642266824085 0.27996070726915523 0.015348288075560802 0.05893909626719057
1 0.6835891381345927 0.6208251473477406 0.031877213695395513 0.01768172888015717
1 0.7249114521841794 0.6227897838899804 0.03659976387249114 0.025540275049115914
1 0.756198347107438 0.724950884086444 0.010625737898465172 0.0412573673870334
1 0.7526564344746163 0.7858546168958742 0.014167650531286895 0.05893909626719057
0 0.9185360094451004 0.43320235756385067 0.03305785123966942 0.043222003929273084
0 0.935064935064935 0.5029469548133595 0.03423848878394333 0.06286836935166994
0 0.7969303423848878 0.15913555992141454 0.03423848878394333 0.043222003929273084
0 0.5714285714285714 0.3614931237721022 0.03659976387249114 0.04911591355599214
0 0.2319952774498229 0.28487229862475444 0.031877213695395513 0.047151277013752456
0 0.21133412042502953 0.23772102161100198 0.031877213695395513 0.05108055009823183
0 0.128099173553719 0.23084479371316308 0.03305785123966942 0.05108055009823183
0 0.1652892561983471 0.3428290766208251 0.02833530106257379 0.05108055009823183
0 0.05785123966942149 0.325147347740668 0.02833530106257379 0.03929273084479371
0 0.39433293978748524 0.6905697445972495 0.030696576151121605 0.047151277013752456
0 0.45218417945690675 0.5471512770137524 0.03305785123966942 0.047151277013752456
0 0.5672963400236127 0.5736738703339882 0.03423848878394333 0.047151277013752456
0 0.5425029515938606 0.656188605108055 0.03423848878394333 0.0550098231827112
0 0.5301062573789846 0.7013752455795678 0.025974025974025976 0.047151277013752456
0 0.5920897284533648 0.7485265225933202 0.0295159386068477 0.05108055009823183
0 0.6505312868949232 0.6836935166994106 0.030696576151121605 0.047151277013752456
0 0.6983471074380165 0.7573673870333988 0.030696576151121605 0.05697445972495088
0 0.7674144037780402 0.6856581532416502 0.03659976387249114 0.04911591355599214
1 0.6251475796930342 0.6159135559921415 0.030696576151121605 0.0275049115913556
