0 0.6546635182998819 0.08447937131630648 0.03305785123966942 0.05304518664047151
1 0.5968122786304605 0.5943025540275049 0.03659976387249114 0.023575638506876228
1 0.5076741440377804 0.5029469548133595 0.07083825265643448 0.03536345776031434
1 0.45218417945690675 0.5098231827111984 0.02833530106257379 0.023575638506876228
1 0.14817001180637543 0.11100196463654224 0.02715466351829988 0.023575638506876228
1 0.1257378984651712 0.11394891944990176 0.025974025974025976 0.019646365422396856
1 0.0371900826446281 0.3644400785854617 0.014167650531286895 0.05108055009823183
1 0.03482880755608028 0.3045186640471513 0.015348288075560802 0.05697445972495088
1 0.1357733175914994 0.48428290766208254 0.030696576151121605 0.0275049115913556
1 0.718417945690673 0.04616895874263261 0.04014167650531287 0.019646365422396856
1 0.6776859504132231 0.04911591355599214 0.02833530106257379 0.025540275049115914
1 0.6121605667060213 0.0550098231827112 0.09445100354191263 0.03143418467583497
1 0.5696576151121606 0.24263261296660119 0.018890200708382526 0.05108055009823183
1 0.5702479338842975 0.3025540275049116 0.011806375442739079 0.04911591355599214
1 0.6635182998819362 0.4214145383104126 0.04250295159386069 0.029469548133595286
1 0.8701298701298701 0.3988212180746562 0.030696576151121605 0.0275049115913556
1 0.9639905548996458 0.2013752455795678 0.020070838252656435 0.11787819253438114
1 0.43270365997638727 0.2917485265225933 0.015348288075560802 0.05893909626719057
1 0.6912632821723731 0.5834970530451866 0.031877213695395513 0.019646365422396856
1 0.731995277449823 0.5766208251473477 0.03659976387249114 0.025540275049115914
1 0.7703659976387249 0.6709233791748527 0.010625737898465172 0.043222003929273084
1 0.7721369539551358 0.731827111984283 0.014167650531286895 0.060903732809430254
0 0.910271546635183 0.3487229862475442 0.03305785123966942 0.04518664047151277
0 0.9321133412042503 0.41453831041257366 0.03423848878394333 0.06483300589390963
0 0.7697756788665879 0.10117878192534381 0.03423848878394333 0.04518664047151277
0 0.5602125147579693 0.3477406679764244 0.03778040141676505 0.04911591355599214
0 0.21841794569067297 0.34086444007858546 0.03305785123966942 0.04911591355599214
0 0.19421487603305784 0.29862475442043224 0.03305785123966942 0.05304518664047151
0 0.1115702479338843 0.3074656188605108 0.03423848878394333 0.05304518664047151
0 0.15584415584415584 0.41159135559921417 0.0295159386068477 0.05304518664047151
0 0.048406139315230225 0.4155206286836935 0.02833530106257379 0.0412573673870334
0 0.4090909090909091 0.7102161100196464 0.031877213695395513 0.04911591355599214
0 0.4563164108618654 0.555992141453831 0.03423848878394333 0.04911591355599214
0 0.5726092089728453 0.5599214145383105 0.03541912632821724 0.04911591355599214
0 0.5537190082644629 0.6463654223968566 0.03541912632821724 0.05697445972495088
0 0.5448642266824085 0.693516699410609 0.02715466351829988 0.047151277013752456
0 0.6097992916174735 0.7278978388998035 0.030696576151121605 0.05304518664047151
0 0.6623376623376623 0.6512770137524558 0.031877213695395513 0.04911591355599214
0 0.7154663518299882 0.7151277013752456 0.031877213695395513 0.05893909626719057
0 0.7786304604486423 0.6296660117878192 0.03778040141676505 0.04911591355599214
1 0.6328217237308147 0.5903732809430255 0.030696576151121605 0.029469548133595286
