1 0.645 0.8940397350993378 0.04625 0.1456953642384106
0 0.2796875 0.7951158940397351 0.07 0.10596026490066225
0 0.4503125 0.6895695364238411 0.08 0.09685430463576158
1 0.6828125 0.6225165562913907 0.0425 0.14652317880794702
0 0.675625 0.3985927152317881 0.08875 0.10264900662251655
0 0.743125 0.41225165562913907 0.094375 0.11341059602649006
1 0.701875 0.4681291390728477 0.02875 0.04966887417218543
1 0.7371875 0.20736754966887416 0.04625 0.17466887417218543
0 0.4396875 0.19991721854304637 0.0775 0.0935430463576159
0 0.1275 0.7243377483443708 0.084375 0.10347682119205298
0 0.189375 0.7309602649006622 0.09375 0.10430463576158941
