0 0.6760869565217391 0.8974654377880185 0.08985507246376812 0.14746543778801843
1 0.9630434782608696 0.5034562211981567 0.043478260869565216 0.2511520737327189
1 0.9427536231884058 0.2465437788018433 0.043478260869565216 0.2465437788018433
0 0.5681159420289855 0.7534562211981567 0.07681159420289856 0.10368663594470046
0 0.14202898550724638 0.49078341013824883 0.08260869565217391 0.11981566820276497
0 0.3 0.46889400921658986 0.07971014492753623 0.12672811059907835
0 0.6992753623188406 0.3652073732718894 0.08550724637681159 0.12211981566820276
1 0.18768115942028984 0.7465437788018433 0.0391304347826087 0.2557603686635945
0 0.7152173913043478 0.5622119815668203 0.08260869565217391 0.11981566820276497
0 0.4152173913043478 0.6129032258064516 0.0927536231884058 0.1152073732718894
1 0.1492753623188406 0.27880184331797236 0.042028985507246375 0.32027649769585254
1 0.5246376811594203 0.04262672811059908 0.13623188405797101 0.06682027649769585
