0 0.36042753623188406 0.9332488479262674 0.07960869565217388 0.1307373271889401
1 0.042007246376811594 0.6057258064516129 0.02186956521739131 0.24896313364055295
1 0.0393768115942029 0.34633640552995393 0.02188405797101449 0.2447926267281106
0 0.45490579710144924 0.7656682027649769 0.06911594202898559 0.09041474654377882
0 0.8538188405797101 0.4110023041474654 0.07436231884057963 0.10430875576036862
0 0.6954855072463768 0.42561059907834103 0.0708550724637681 0.11403225806451615
0 0.29044202898550725 0.41031105990783406 0.0761014492753623 0.10569124423963135
1 0.8315144927536232 0.6745622119815669 0.017492753623188313 0.2531336405529954
0 0.2921956521739131 0.609205069124424 0.07436231884057971 0.10292626728110596
0 0.5944420289855072 0.5931912442396313 0.08572463768115939 0.09596774193548382
1 0.8280144927536233 0.20238479262672812 0.014000000000000118 0.3212672811059908
1 0.43523188405797103 0.052868663594470046 0.13472463768115944 0.036152073732718885
