0 0.43989071038251365 0.07773851590106007 0.04781420765027322 0.06890459363957598
1 0.7076502732240437 0.5768551236749117 0.030054644808743168 0.10424028268551237
1 0.6762295081967213 0.8957597173144877 0.030054644808743168 0.08833922261484099
1 0.21448087431693988 0.7287985865724381 0.1284153005464481 0.06007067137809187
1 0.1284153005464481 0.5874558303886925 0.0273224043715847 0.08303886925795052
1 0.1448087431693989 0.4531802120141343 0.025956284153005466 0.09363957597173145
1 0.36065573770491804 0.2747349823321555 0.03551912568306011 0.14840989399293286
1 0.3729508196721312 0.12190812720848057 0.03825136612021858 0.09717314487632508
1 0.6810109289617486 0.0803886925795053 0.03278688524590164 0.11307420494699646
0 0.1885245901639344 0.3083038869257951 0.05191256830601093 0.07597173144876325
0 0.2814207650273224 0.4540636042402827 0.04644808743169399 0.061837455830388695
0 0.5314207650273224 0.3030035335689046 0.03825136612021858 0.04770318021201413
0 0.5478142076502732 0.16696113074204946 0.05327868852459016 0.06713780918727916
0 0.476775956284153 0.14929328621908128 0.04918032786885246 0.06890459363957598
0 0.6885245901639344 0.1855123674911661 0.06284153005464481 0.07597173144876325
0 0.7042349726775956 0.7393992932862191 0.04781420765027322 0.07243816254416961
0 0.6386612021857924 0.950530035335689 0.04371584699453552 0.061837455830388695
0 0.5396174863387978 0.9240282685512368 0.05327868852459016 0.06890459363957598
0 0.49658469945355194 0.976148409893993 0.04781420765027322 0.04770318021201413
0 0.3469945355191257 0.9531802120141343 0.05874316939890711 0.061837455830388695
0 0.3599726775956284 0.8091872791519434 0.05874316939890711 0.06890459363957598
0 0.4719945355191257 0.5954063604240283 0.04781420765027322 0.0706713780918728
0 0.5286885245901639 0.34452296819787986 0.040983606557377046 0.045936395759717315
1 0.7151639344262295 0.42402826855123676 0.04234972677595628 0.18904593639575973
