0 0.18327868852459017 0.6293816254416962 0.04838797814207652 0.054240282685512446
1 0.5333265027322404 0.2246554770318021 0.07957650273224044 0.026413427561837437
1 0.7822814207650273 0.22535335689045938 0.06560109289617484 0.02780918727915196
1 0.9457445355191256 0.27889575971731445 0.022581967213114718 0.037544169611307424
1 0.9457513661202187 0.3755565371024735 0.026885245901639432 0.03616607773851595
1 0.9457513661202185 0.4638692579505301 0.020437158469945406 0.034770318021201375
1 0.7102390710382513 0.8380035335689046 0.031188524590163913 0.16272084805653714
1 0.612370218579235 0.9666519434628975 0.06345628415300553 0.025035335689046066
1 0.5075204918032786 0.9617844522968197 0.07096994535519131 0.023639575971731643
1 0.34459016393442626 0.7065724381625442 0.11292349726775952 0.02780918727915196
1 0.2252185792349727 0.7093551236749117 0.07204918032786886 0.038957597173144794
1 0.07896174863387978 0.6210424028268551 0.024726775956284145 0.07371024734982337
1 0.0746584699453552 0.481952296819788 0.020437158469945368 0.05146643109540635
1 0.15155737704918032 0.31783568904593634 0.09248633879781419 0.029204946996466384
0 0.39083333333333337 0.9235424028268552 0.05270491803278694 0.058427561837455816
0 0.49084699453551917 0.7858480565371024 0.04409836065573767 0.052862190812720776
0 0.345129781420765 0.4840371024734983 0.032254098360655716 0.04450530035335699
0 0.23812158469945355 0.4798763250883393 0.04624316939890714 0.061201413427561815
0 0.23328551912568304 0.5723586572438162 0.0473087431693989 0.05701413427561834
0 0.2354371584699453 0.29558303886925796 0.05161202185792346 0.07371024734982337
0 0.6591530054644809 0.2086660777385159 0.05161202185792346 0.055636042402826845
0 0.8285314207650274 0.266386925795053 0.04408469945355189 0.048674911660777406
0 0.820464480874317 0.39780918727915193 0.04732240437158484 0.061201413427561815
0 0.8726161202185793 0.4444081272084806 0.04624316939890698 0.05701413427561839
0 0.8758469945355192 0.640512367491166 0.05915300546448081 0.07091872791519432
0 0.7543237704918034 0.6425971731448763 0.04840163934426238 0.06954063604240285
0 0.5763456284153006 0.5243727915194346 0.04946721311475415 0.05563604240282687
0 0.3768510928961749 0.48265017667844523 0.03118852459016399 0.04727915194346288
1 0.41556693989071036 0.23300353356890458 0.14517759562841528 0.03197879858657245
