0 0.32650273224043713 0.8666077738515902 0.05327868852459016 0.07243816254416961
1 0.7151639344262295 0.5247349823321554 0.03961748633879782 0.10600706713780919
1 0.7745901639344263 0.21289752650176677 0.036885245901639344 0.08833922261484099
1 0.29713114754098363 0.15371024734982333 0.12978142076502733 0.07950530035335689
1 0.17759562841530055 0.24558303886925795 0.03415300546448088 0.08480565371024736
1 0.15505464480874318 0.3789752650176678 0.03415300546448088 0.09540636042402827
1 0.3073770491803279 0.6457597173144877 0.04918032786885246 0.14840989399293286
1 0.2766393442622951 0.7941696113074205 0.04644808743169399 0.10070671378091872
1 0.5525956284153005 0.9593639575971732 0.04234972677595628 0.0812720848056537
0 0.1564207650273224 0.534452296819788 0.056010928961748634 0.0812720848056537
0 0.2827868852459016 0.4416961130742049 0.050546448087431695 0.06713780918727916
0 0.47472677595628415 0.6987632508833922 0.040983606557377046 0.05123674911660778
0 0.4521857923497268 0.8330388692579506 0.05737704918032787 0.07243816254416961
0 0.38114754098360654 0.8171378091872792 0.0546448087431694 0.07420494699646643
0 0.5894808743169399 0.8807420494699647 0.06830601092896176 0.08303886925795052
0 0.7575136612021858 0.3710247349823322 0.05327868852459016 0.07773851590106007
0 0.7547814207650273 0.1439929328621908 0.04781420765027322 0.06713780918727916
0 0.6543715846994536 0.12279151943462897 0.05737704918032787 0.07420494699646643
0 0.630464480874317 0.05123674911660778 0.05191256830601093 0.06007067137809187
0 0.4822404371584699 0.019434628975265017 0.06284153005464481 0.038869257950530034
0 0.45491803278688525 0.14664310954063603 0.06284153005464481 0.07597173144876325
0 0.5 0.39840989399293286 0.05327868852459016 0.07420494699646643
0 0.48360655737704916 0.6581272084805654 0.04371584699453552 0.05123674911660778
1 0.6796448087431693 0.6704946996466431 0.05874316939890711 0.18904593639575973
