0 0.6348684210526315 0.9139240506329114 0.09649122807017543 0.1189873417721519
1 0.7478070175438597 0.17215189873417722 0.22587719298245615 0.08860759493670886
1 0.4418859649122807 0.25949367088607594 0.1337719298245614 0.07088607594936709
1 0.17982456140350878 0.3341772151898734 0.19956140350877194 0.08860759493670886
0 0.5964912280701754 0.16962025316455695 0.10307017543859649 0.11645569620253164
0 0.6140350877192983 0.24936708860759493 0.1074561403508772 0.1240506329113924
0 0.3541666666666667 0.7189873417721518 0.10307017543859649 0.11139240506329114
0 0.3574561403508772 0.830379746835443 0.08991228070175439 0.09620253164556962
0 0.5942982456140351 0.7291139240506329 0.10087719298245613 0.1189873417721519
0 0.6831140350877193 0.739240506329114 0.11403508771929824 0.1189873417721519
0 0.6129385964912281 0.8367088607594937 0.09429824561403509 0.11392405063291139
