0 0.4566776315789473 0.9394430379746835 0.07708333333333328 0.10151898734177221
1 0.19101973684210524 0.25029113924050633 0.2276973684210526 0.02503797468354427
1 0.5054714912280702 0.2509873417721519 0.12892543859649122 0.0347848101265823
1 0.7765460526315788 0.24959493670886077 0.19879385964912274 0.031999999999999966
0 0.3368092105263158 0.20648101265822785 0.08554824561403507 0.09594936708860761
0 0.3367982456140351 0.28922784810126584 0.08793859649122812 0.10291139240506327
0 0.6873903508771929 0.6717088607594937 0.08552631578947369 0.09177215189873418
0 0.707280701754386 0.7815822784810126 0.07710526315789466 0.0751139240506328
0 0.45607456140350877 0.747506329113924 0.08311403508771925 0.09875949367088606
0 0.37293859649122807 0.7829746835443039 0.09758771929824561 0.09455696202531651
0 0.4602850877192982 0.8587721518987341 0.07710526315789466 0.09597468354430372
