0 0.12171052631578948 0.4341772151898734 0.08991228070175439 0.09113924050632911
1 0.7269736842105263 0.1518987341772152 0.03070175438596491 0.26329113924050634
1 0.7160087719298246 0.5151898734177215 0.03508771929824561 0.14936708860759493
1 0.7072368421052632 0.8278481012658228 0.03508771929824561 0.23037974683544304
0 0.7598684210526315 0.32151898734177214 0.08552631578947369 0.10126582278481013
0 0.6885964912280702 0.3189873417721519 0.09210526315789473 0.10379746835443038
0 0.3442982456140351 0.710126582278481 0.08114035087719298 0.10126582278481013
0 0.25 0.7291139240506329 0.06798245614035088 0.09113924050632911
0 0.28728070175438597 0.44050632911392407 0.08771929824561403 0.09873417721518987
0 0.25877192982456143 0.3430379746835443 0.08552631578947369 0.11392405063291139
0 0.19078947368421054 0.4417721518987342 0.08552631578947369 0.09113924050632911
