0 0.4297752808988764 0.5950323974082073 0.09363295880149813 0.05399568034557235
0 0.34269662921348315 0.4892008639308855 0.08614232209737828 0.04967602591792657
0 0.20880149812734083 0.4190064794816415 0.09925093632958802 0.05939524838012959
0 0.18632958801498128 0.275377969762419 0.09176029962546817 0.058315334773218146
0 0.11797752808988764 0.3644708423326134 0.0898876404494382 0.04967602591792657
0 0.14887640449438203 0.5772138228941684 0.09176029962546817 0.05723542116630669
1 0.9765917602996255 0.3990280777537797 0.0299625468164794 0.08747300215982722
1 0.8792134831460674 0.7446004319654428 0.24157303370786518 0.03131749460043196
1 0.5074906367041199 0.7419006479481641 0.03932584269662921 0.04427645788336933
1 0.6151685393258427 0.7116630669546437 0.16853932584269662 0.03023758099352052
1 0.8239700374531835 0.36393088552915764 0.26779026217228463 0.035637149028077755
1 0.549625468164794 0.3785097192224622 0.24719101123595505 0.035637149028077755
1 0.3389513108614232 0.28347732181425483 0.15355805243445692 0.028077753779697623
1 0.42790262172284643 0.32883369330453566 0.056179775280898875 0.10043196544276457
1 0.03089887640449438 0.2980561555075594 0.06179775280898876 0.02591792656587473
1 0.12359550561797752 0.7381209503239741 0.16666666666666666 0.028077753779697623
1 0.2153558052434457 0.7543196544276458 0.03745318352059925 0.04967602591792657
