0 0.9681647940074907 0.6420086393088553 0.02247191011235955 0.03455723542116631
0 0.9625468164794008 0.6749460043196545 0.024344569288389514 0.038876889848812095
0 0.3970037453183521 0.5842332613390929 0.09363295880149813 0.05399568034557235
0 0.350187265917603 0.4708423326133909 0.08614232209737828 0.04967602591792657
0 0.2443820224719101 0.3855291576673866 0.09925093632958802 0.05939524838012959
0 0.2743445692883895 0.24244060475161988 0.09176029962546817 0.058315334773218146
0 0.1750936329588015 0.32181425485961124 0.0898876404494382 0.04967602591792657
0 0.12827715355805244 0.5334773218142549 0.09176029962546817 0.05723542116630669
1 0.9934456928838952 0.4584233261339093 0.013108614232209739 0.08747300215982722
1 0.9438202247191011 0.7705183585313174 0.026217228464419477 0.038876889848812095
1 0.7921348314606742 0.7867170626349892 0.2602996254681648 0.03131749460043196
1 0.4204119850187266 0.7370410367170627 0.03932584269662921 0.04427645788336933
1 0.5355805243445693 0.7208423326133909 0.16853932584269662 0.03023758099352052
1 0.8651685393258427 0.4060475161987041 0.26779026217228463 0.035637149028077755
1 0.5917602996254682 0.38714902807775375 0.24719101123595505 0.035637149028077755
1 0.4204119850187266 0.2688984881209503 0.15355805243445692 0.028077753779697623
1 0.49157303370786515 0.32397408207343414 0.056179775280898875 0.10043196544276457
1 0.09363295880149813 0.2435205183585313 0.10299625468164794 0.02591792656587473
1 0.06460674157303371 0.6879049676025918 0.12921348314606743 0.028077753779697623
1 0.12921348314606743 0.714902807775378 0.03745318352059925 0.04967602591792657
