1 0.5190625 0.27166666666666667 0.02625 0.07916666666666666
1 0.190625 0.6970833333333334 0.036875 0.13916666666666666
1 0.1553125 0.4716666666666667 0.04125 0.16333333333333333
1 0.66375 0.5770833333333333 0.0425 0.16
0 0.36875 0.5866666666666667 0.065625 0.08583333333333333
0 0.3503125 0.46375 0.064375 0.085
0 0.4315625 0.41 0.063125 0.09
0 0.51125 0.3308333333333333 0.0525 0.06666666666666667
0 0.5721875 0.38916666666666666 0.071875 0.095
0 0.6559375 0.3675 0.07625 0.09583333333333334
0 0.694375 0.3308333333333333 0.063125 0.09
