1 0.664375 0.5683333333333334 0.0575 0.020833333333333332
1 0.4140625 0.0575 0.103125 0.023333333333333334
1 0.5865625 0.05416666666666667 0.12125 0.025
1 0.411875 0.6995833333333333 0.118125 0.0275
0 0.46125 0.31166666666666665 0.054375 0.075
0 0.5553125 0.31083333333333335 0.054375 0.07333333333333333
0 0.579375 0.4275 0.058125 0.07083333333333333
0 0.6225 0.5470833333333334 0.0425 0.06
0 0.5678125 0.6154166666666666 0.060625 0.08166666666666667
0 0.5678125 0.7295833333333334 0.060625 0.0875
0 0.5875 0.7866666666666666 0.05875 0.07083333333333333
