1 0.6642375 0.5681291666666667 0.057375000000000044 0.020858333333333312
1 0.413996875 0.057695833333333335 0.10326875 0.023641666666666672
1 0.5865250000000001 0.05421666666666667 0.12100000000000001 0.025033333333333328
1 0.41180625 0.6995583333333334 0.11787499999999994 0.027816666666666757
0 0.461403125 0.3115208333333333 0.05434375000000003 0.07510833333333333
0 0.555234375 0.310825 0.05424374999999998 0.0737166666666667
0 0.5793281250000001 0.4276541666666666 0.05841875000000002 0.07092499999999996
0 0.622615625 0.5472625 0.04276875000000004 0.05980833333333332
0 0.567803125 0.6154125 0.060606250000000014 0.08205833333333336
0 0.567803125 0.7294625 0.060606250000000014 0.08762500000000008
0 0.587621875 0.7864833333333333 0.05851875000000007 0.07093333333333324
