1 0.45554431072210066 0.94082275390625 0.07635120350109406 0.018081054687500098
1 0.2311624726477024 0.9401269531249999 0.09504923413566739 0.01668945312499992
1 0.17428884026258204 0.9415185546875 0.03427789934354484 0.013906250000000009
1 0.29349015317286653 0.62788818359375 0.04830415754923411 0.015297851562499964
1 0.20545404814004375 0.6258056640624999 0.04363238512035011 0.01668945312499992
1 0.46567286652078776 0.59450927734375 0.024934354485776765 0.015297851562499964
1 0.4197073304157549 0.5938134765625 0.07946936542669583 0.019472656250000053
1 0.8450957330415755 0.495068359375 0.07946936542669583 0.01668945312500003
1 0.789781181619256 0.49576171874999997 0.04675054704595188 0.015302734375000016
1 0.521769693654267 0.4943701171875 0.08725929978118162 0.012519531249999993
1 0.46333971553610503 0.49228515625 0.0389551422319475 0.016689453124999976
0 0.7952324945295406 0.5673876953125 0.07635120350109419 0.0667578124999999
1 0.27557439824945296 0.49298095703125 0.07791028446389497 0.02086425781250001
1 0.17896334792122537 0.33720947265625 0.028047045951859945 0.012514648437500053
1 0.09949671772428884 0.34137939453125 0.05297592997811818 0.018081054687499987
1 0.07456236323851202 0.27044921875 0.018698030634573308 0.05702148437499999
1 0.8443189277899343 0.078515625 0.06856126914660828 0.020859375000000013
1 0.7967943107221006 0.07781982421875 0.04518599562363233 0.019467773437500002
1 0.5435831509846828 0.07990478515624999 0.09660831509846829 0.018081054687499987
1 0.4617778993435448 0.0806005859375 0.10128008752735222 0.019472656249999998
1 0.2732275711159738 0.08199218750000001 0.035820568927789946 0.016689453125000003
1 0.20778993435448576 0.08129638671875 0.06388402625820568 0.015297851562499992
1 0.3269939824945295 0.49228515624999997 0.03740153172866515 0.011123046874999987
0 0.6409710065645515 0.5639111328125 0.07635120350109419 0.06537109375000005
0 0.5747483588621444 0.5653027343749999 0.07479212253829316 0.0709277343750001
0 0.24908369803063457 0.60911376953125 0.05298140043763677 0.05562988281249992
0 0.24752735229759298 0.6438842773437501 0.05609409190371989 0.05007324218750009
0 0.31063457330415756 0.65222900390625 0.05142231947483589 0.044506835937500044
0 0.17584792122538292 0.6564013671875001 0.05297592997811818 0.03337890625000006
0 0.17662746170678337 0.6960400390625 0.03583698030634573 0.037548828125000044
0 0.20701312910284464 0.7433276367187499 0.059212253829321666 0.05980957031249989
0 0.49294310722100654 0.9137036132812499 0.0607658643326039 0.04172363281249991
0 0.6417505470459518 0.919267578125 0.05921225382932154 0.04728515625000007
1 0.3246580962800875 0.70160400390625 0.020257111597374165 0.06814941406250008
0 0.7290125820568928 0.56947509765625 0.07167943107221017 0.07093261718749999
0 0.6705771334792123 0.465859375 0.06077133479212262 0.05841796875000005
0 0.3285530634573304 0.323994140625 0.05298140043763671 0.052851562500000004
0 0.2638840262582057 0.31356445312500003 0.04830415754923411 0.04868164062500002
0 0.2225929978118162 0.313564453125 0.05297592997811818 0.040332031249999956
0 0.062097921225382935 0.31147705078125 0.05298140043763676 0.047290039062499956
0 0.14546225382932165 0.32330078125 0.05453501094091905 0.04868164062500002
0 0.30985503282275717 0.23845947265625 0.04986323851203506 0.04867675781250003
0 0.6394119256017505 0.31634521484375 0.05765317286652072 0.04867675781250003
0 0.6760339168490153 0.39145019531249997 0.05921225382932154 0.05702148437499999
0 0.7555005470459519 0.36015625 0.05609956236323861 0.052851562500000004
0 0.8949589715536105 0.35668212890625 0.05765317286652072 0.05145996093750005
0 0.7679677242888402 0.303828125 0.04674507658643316 0.040332031249999956
0 0.7547237417943107 0.2461083984375 0.05765317286652072 0.05006835937499998
0 0.6207138949671772 0.06599853515625 0.06077133479212262 0.045893554687500004
0 0.6238320568927789 0.098681640625 0.051416849015317165 0.055634765625
0 0.2623304157549234 0.13553955078125 0.04830415754923411 0.045893554687500004
0 0.10417122538293218 0.19812744140625 0.049863238512035 0.037553710937499984
1 0.3176449671772429 0.079208984375 0.06856126914660828 0.016689453125000003
1 0.7461515317286652 0.94082275390625 0.028047045951859945 0.018081054687500098
1 0.6962882932166302 0.9422143554687501 0.08725929978118174 0.018081054687500098
1 0.49839442013129104 0.93943359375 0.03116520787746172 0.015302734375000071
