1 0.010940919037199124 0.43701171875 0.019693654266958426 0.06884765625
1 0.022702407002188184 0.237060546875 0.020787746170678335 0.08544921875
1 0.024343544857768053 0.1865234375 0.01477024070021882 0.03125
1 0.3676148796498906 0.309326171875 0.019693654266958426 0.0439453125
1 0.37472647702407 0.23095703125 0.020787746170678335 0.0400390625
1 0.39606126914660833 0.46435546875 0.018052516411378557 0.0234375
1 0.3993435448577681 0.42333984375 0.0262582056892779 0.07177734375
1 0.48741794310722103 0.807861328125 0.022975929978118162 0.07177734375
1 0.4896061269146608 0.75830078125 0.019146608315098467 0.04248046875
1 0.5051969365426696 0.519775390625 0.018599562363238512 0.07861328125
1 0.5106673960612691 0.4677734375 0.020787746170678335 0.03564453125
0 0.40919037199124725 0.759521484375 0.0787746170678337 0.07177734375
1 0.5196936542669585 0.300537109375 0.02735229759299781 0.0703125
1 0.6991247264770241 0.222412109375 0.01586433260393873 0.025390625
1 0.6985776805251641 0.1513671875 0.022975929978118162 0.04833984375
1 0.7789934354485777 0.1328125 0.0650984682713348 0.01953125
1 0.9535010940919038 0.8291015625 0.026805251641137857 0.06201171875
1 0.9567833698030634 0.78662109375 0.024070021881838075 0.04150390625
1 0.9677242888402626 0.560791015625 0.02516411378555799 0.08740234375
1 0.9712800875273523 0.48779296875 0.02735229759299781 0.09130859375
1 0.9794857768052516 0.31982421875 0.02024070021881838 0.03271484375
1 0.9838621444201313 0.261474609375 0.02024070021881838 0.0576171875
1 0.5177789934354485 0.34619140625 0.01477024070021882 0.03369140625
0 0.4209518599562363 0.622314453125 0.07713347921225383 0.07177734375
0 0.42314004376367614 0.563232421875 0.08315098468271334 0.0703125
0 0.3911378555798687 0.270751953125 0.0650984682713348 0.05029296875
0 0.3522975929978118 0.267333984375 0.05908096280087528 0.052734375
0 0.3394420131291028 0.3232421875 0.0525164113785558 0.04833984375
0 0.34190371991247265 0.202880859375 0.039934354485776806 0.048828125
0 0.2975929978118162 0.20166015625 0.0437636761487965 0.0341796875
0 0.24288840262582057 0.22607421875 0.06947483588621445 0.0556640625
0 0.037472647702407005 0.471923828125 0.049781181619256015 0.05615234375
0 0.025711159737417943 0.604248046875 0.05142231947483589 0.05517578125
1 0.2836433260393873 0.333251953125 0.07768052516411379 0.021484375
0 0.4102844638949672 0.700439453125 0.08315098468271334 0.0673828125
0 0.5292669584245077 0.65380859375 0.06892778993435449 0.05712890625
0 0.7059628008752735 0.3564453125 0.06181619256017506 0.05029296875
0 0.7210065645514223 0.29931640625 0.05689277899343545 0.04541015625
0 0.7231947483588621 0.262451171875 0.04814004376367615 0.04931640625
0 0.7338621444201313 0.11962890625 0.05579868708971553 0.0498046875
0 0.7163566739606126 0.193359375 0.057439824945295405 0.05126953125
0 0.8025164113785558 0.34423828125 0.057439824945295405 0.046875
0 0.6980306345733042 0.634033203125 0.057439824945295405 0.0537109375
0 0.612417943107221 0.66259765625 0.06673960612691467 0.0556640625
0 0.6430525164113785 0.735107421875 0.06181619256017506 0.05322265625
0 0.6397702407002188 0.859619140625 0.060175054704595186 0.0537109375
0 0.7056892778993435 0.749267578125 0.047592997811816196 0.04345703125
0 0.7707877461706784 0.740234375 0.05908096280087528 0.0537109375
0 0.9734682713347921 0.6298828125 0.04266958424507659 0.05615234375
0 0.9425601750547046 0.63134765625 0.0650984682713348 0.048828125
0 0.9201312910284464 0.30712890625 0.053610503282275714 0.04541015625
0 0.8583150984682714 0.1630859375 0.044857768052516414 0.04638671875
1 0.9805798687089715 0.359375 0.02188183807439825 0.06201171875
1 0.002188183807439825 0.6962890625 0.00437636761487965 0.025390625
1 0.0035557986870897156 0.652099609375 0.007111597374179431 0.07861328125
1 0.0087527352297593 0.475341796875 0.0175054704595186 0.0283203125
