2 0.7779267202859697 0.06831187410586552 0.1260053619302949 0.019313304721030045
2 0.9092940125111707 0.4581545064377682 0.040214477211796246 0.22389127324749641
2 0.9142091152815014 0.7088698140200286 0.041108132260947276 0.23319027181688126
2 0.27569258266309205 0.3215307582260372 0.13315460232350312 0.019313304721030045
0 0.7278820375335121 0.8755364806866953 0.33690795352993747 0.08726752503576538
0 0.7278820375335121 0.7049356223175965 0.33690795352993747 0.24678111587982832
0 0.7274352100089365 0.4552932761087268 0.3378016085790885 0.23819742489270387
0 0.31233243967828417 0.4552932761087268 0.24932975871313673 0.24248927038626608
0 0.2899910634495085 0.7027896995708155 0.2064343163538874 0.24248927038626608
0 0.35344057193923145 0.7664520743919886 0.07059874888293119 0.11373390557939914
0 0.2797140303842717 0.19206008583690987 0.17336907953529937 0.24391988555078684
0 0.646112600536193 0.45278969957081544 0.5361930294906166 0.7625178826895566
1 0.36907953529937443 0.2646638054363376 0.13941018766756033 0.05150214592274678
1 0.5875781948168007 0.5475679542203148 0.07059874888293119 0.05507868383404864
1 0.42716711349419123 0.6137339055793991 0.0679177837354781 0.05293276108726753
1 0.4213583556747096 0.7660944206008584 0.06702412868632708 0.045779685264663805
1 0.46291331546023234 0.8311874105865522 0.12689901697944594 0.12017167381974249
1 0.5853440571939231 0.7857653791130186 0.07506702412868632 0.06223175965665236
1 0.7042001787310098 0.8097281831187411 0.0679177837354781 0.05722460658082976