0 0.5499201277955271 0.15462339252908758 0.24680511182108625 0.11818738518064911
2 0.36182108626198084 0.2222902633190447 0.11980830670926518 0.008573178199632579
2 0.6297923322683706 0.22014696876913656 0.09185303514376997 0.012859767299448868
2 0.39456869009584666 0.7547458665033681 0.11661341853035144 0.014084507042253521
2 0.7919329073482428 0.5939987752602572 0.016773162939297124 0.037966932026944275
0 0.6988817891373802 0.8159828536436007 0.17252396166134185 0.11083894672382119
0 0.7228434504792333 0.7051439069197796 0.12619808306709265 0.07899571341090018
0 0.7188498402555911 0.5808328230251072 0.12939297124600638 0.14880587875076545
0 0.3746006389776358 0.6264543784445805 0.22364217252396165 0.2449479485609308
0 0.7196485623003195 0.47152480097979177 0.12300319488817892 0.052663808940600125
0 0.5239616613418531 0.45590936925903247 0.5143769968051118 0.45744029393753827
1 0.4952076677316294 0.21739130434782608 0.08945686900958466 0.12124923453766075
1 0.6182108626198083 0.4696876913655848 0.07667731629392971 0.05388854868340478
1 0.47084664536741216 0.5698101653398653 0.0742811501597444 0.049601959583588484
1 0.6277955271565495 0.5646050214329456 0.07188498402555911 0.047764849969381504
1 0.685702875399361 0.6488058787507655 0.06309904153354633 0.050826699326393145
1 0.545926517571885 0.7085119412124924 0.06789137380191693 0.06001224739742805
1 0.5447284345047924 0.7758726270667483 0.07028753993610223 0.05143906919779547
1 0.5818690095846646 0.8355786895284752 0.07268370607028754 0.04470300061236987