2 0.5412521942656524 0.20942540322580644 0.053832650672908135 0.01663306451612903
2 0.732592159157402 0.2086693548387097 0.0901111761263897 0.011088709677419355
2 0.6884142773551785 0.6635584677419355 0.1304856641310708 0.015625
2 0.3437682855471036 0.6640625 0.0871854885898186 0.008568548387096774
0 0.2331772966647162 0.2799899193548387 0.1772966647162083 0.11743951612903226
0 0.36249268578115856 0.3722278225806452 0.16676418958455236 0.09324596774193548
0 0.38531304856641313 0.2716733870967742 0.10942071386775892 0.0846774193548387
0 0.2083089526038619 0.4727822580645161 0.12521942656524282 0.2469758064516129
0 0.21854885898186074 0.7056451612903226 0.15623171445289644 0.06451612903225806
0 0.20860152135751903 0.6285282258064516 0.1304856641310708 0.056451612903225805
0 0.3622001170275015 0.540070564516129 0.16500877706260972 0.2283266129032258
0 0.2047981275599766 0.8122479838709677 0.1240491515506144 0.13256048387096775
0 0.6521357519016969 0.13608870967741934 0.30602691632533646 0.12600806451612903
0 0.585722644821533 0.3157762096774194 0.15330602691632533 0.19606854838709678
0 0.7387361029842013 0.3389616935483871 0.136337039204213 0.24546370967741934
0 0.6585722644821533 0.538054435483871 0.3013458162668227 0.23235887096774194
1 0.5980105324751317 0.21118951612903225 0.058513750731421885 0.10584677419354839
1 0.30339379754242246 0.2946068548387097 0.0590988882387361 0.03780241935483871
1 0.21240491515506144 0.3623991935483871 0.046811000585137506 0.047379032258064516
1 0.2580456407255705 0.3833165322580645 0.04798127559976594 0.030745967741935484
1 0.30339379754242246 0.4501008064516129 0.0590988882387361 0.038306451612903226
1 0.24780573434757167 0.6199596774193549 0.06026916325336454 0.05040322580645161
1 0.24400234055002926 0.6882560483870968 0.053832650672908135 0.06098790322580645
1 0.3025160912814511 0.8162802419354839 0.06787595084844938 0.041834677419354836
1 0.6913399648917495 0.4448084677419355 0.05558806319485079 0.03881048387096774
1 0.6413107080163839 0.40045362903225806 0.04798127559976594 0.04586693548387097