2 0.1787878787878788 0.16464401294498382 0.0696969696969697 0.023462783171521034
2 0.36666666666666664 0.1634304207119741 0.13484848484848486 0.025889967637540454
2 0.6545454545454545 0.16019417475728157 0.10606060606060606 0.024271844660194174
2 0.8568181818181818 0.1650485436893204 0.13333333333333333 0.01779935275080906
2 0.7901515151515152 0.9461974110032363 0.07272727272727272 0.0186084142394822
2 0.6549242424242424 0.9494336569579288 0.13712121212121212 0.020226537216828478
0 0.14469696969696969 0.311084142394822 0.15151515151515152 0.2758899676375405
0 0.3522727272727273 0.3151294498381877 0.2515151515151515 0.27750809061488674
0 0.10643939393939394 0.5392394822006472 0.075 0.14320388349514562
0 0.31363636363636366 0.5388349514563107 0.33484848484848484 0.14401294498381878
0 0.14356060606060606 0.7010517799352751 0.15681818181818183 0.14805825242718446
0 0.1393939393939394 0.8592233009708737 0.1409090909090909 0.13106796116504854
0 0.3587121212121212 0.7803398058252428 0.2553030303030303 0.3131067961165049
0 0.27575757575757576 0.0744336569579288 0.4318181818181818 0.14563106796116504
0 0.7647727272727273 0.07726537216828479 0.42348484848484846 0.1383495145631068
0 0.8128787878787879 0.8851132686084142 0.10606060606060606 0.09870550161812297
0 0.9208333333333333 0.8802588996763754 0.08863636363636364 0.10517799352750809
0 0.7571969696969697 0.49838187702265374 0.42045454545454547 0.6488673139158576
0 0.6541666666666667 0.7795307443365695 0.20984848484848484 0.31472491909385114
1 0.18674242424242424 0.4441747572815534 0.07196969696969698 0.045307443365695796
1 0.28674242424242424 0.44660194174757284 0.07348484848484849 0.05016181229773463
1 0.15871212121212122 0.5501618122977346 0.037121212121212124 0.061488673139158574
1 0.2768939393939394 0.636326860841424 0.06742424242424243 0.04611650485436893
1 0.23446969696969697 0.7233009708737864 0.035606060606060606 0.05177993527508091
1 0.18901515151515152 0.7738673139158576 0.059848484848484845 0.0412621359223301
1 0.7375 0.7135922330097088 0.05378787878787879 0.0825242718446602
1 0.7984848484848485 0.8131067961165048 0.06515151515151515 0.045307443365695796
1 0.8973484848484848 0.8159385113268608 0.04621212121212121 0.02831715210355987
1 0.7484848484848485 0.1436084142394822 0.06363636363636363 0.052588996763754045
1 0.15454545454545454 0.05703883495145631 0.03787878787878788 0.063915857605178