2 0.16538461538461538 0.20412517780938833 0.06561085972850679 0.06685633001422475
2 0.04524886877828054 0.5903271692745377 0.017194570135746608 0.07681365576102418
2 0.2493212669683258 0.21337126600284495 0.05520361990950226 0.06258890469416785
2 0.3438914027149321 0.2112375533428165 0.023529411764705882 0.06685633001422475
2 0.4484162895927602 0.21834992887624466 0.04253393665158371 0.06116642958748222
2 0.5647058823529412 0.20910384068278806 0.11402714932126697 0.06258890469416785
0 0.852262443438914 0.48364153627311524 0.09366515837104072 0.5035561877667141
0 0.13122171945701358 0.48862019914651494 0.15565610859728507 0.4850640113798009
0 0.24728506787330318 0.35206258890469416 0.06561085972850679 0.17780938833570412
0 0.33167420814479637 0.38051209103840683 0.09321266968325792 0.2802275960170697
0 0.5013574660633484 0.49431009957325744 0.583710407239819 0.47083926031294454
1 0.7995475113122172 0.5860597439544808 0.09411764705882353 0.1422475106685633
1 0.2653846153846154 0.7475106685633002 0.04841628959276018 0.29160739687055476
1 0.19072398190045248 0.6678520625889047 0.04751131221719457 0.14935988620199148
1 0.33710407239819007 0.5881934566145093 0.04072398190045249 0.13229018492176386
1 0.29389140271493214 0.40540540540540543 0.03936651583710407 0.09957325746799431