2 0.25082617316589556 0.2406764960971379 0.11830799735624586 0.028620988725065046
2 0.5426305353602116 0.24024284475281873 0.03304692663582287 0.027753686036426712
2 0.9187045604758758 0.45446660884648743 0.021150033046926635 0.1474414570685169
2 0.9213483146067416 0.6938421509106678 0.018506278916060808 0.1491760624457936
2 0.1116986120290813 0.7120555073720729 0.021150033046926635 0.15264527320034693
0 0.770323859881031 0.7311361665221162 0.2808988764044944 0.2619254119687771
0 0.7676801057501652 0.41673894189071986 0.2822207534699273 0.3443191673894189
0 0.5763384005287508 0.35169124024284476 0.14672835426305353 0.19514310494362533
0 0.4897554527428949 0.6517779705117086 0.08327825512227363 0.15004336513443192
0 0.3678122934567085 0.5598438855160451 0.4963648380700595 0.6131830008673027
1 0.3456708526107072 0.24414570685169124 0.06477197620621282 0.17779705117085862
1 0.5545274289491078 0.691673894189072 0.06741573033707865 0.06157849089332177
1 0.46959682749504295 0.7749349522983521 0.06411103767349637 0.06157849089332177
1 0.4838070059484468 0.8751084128360798 0.06080634500991408 0.1717259323503903
1 0.6523463317911434 0.6431049436253252 0.06609385327164574 0.07718993928881179
1 0.6500330469266358 0.49826539462272335 0.07072042300066093 0.07892454466608846
1 0.565102445472571 0.49132697311361667 0.05816259087904825 0.08412836079791847
0 0.28618638466622603 0.13529921942758022 0.26437541308658297 0.1821335646140503