2 0.7884856070087609 0.07464114832535886 0.15769712140175218 0.01722488038277512
2 0.29849812265331666 0.07799043062200957 0.2640801001251564 0.020095693779904306
2 0.7772215269086358 0.9435406698564593 0.1376720901126408 0.01722488038277512
2 0.29599499374217775 0.9444976076555024 0.1214017521902378 0.01722488038277512
0 0.13642052565707133 0.5229665071770335 0.20275344180225283 0.20574162679425836
0 0.33917396745932415 0.5258373205741627 0.1927409261576971 0.2
0 0.24030037546933666 0.7842105263157895 0.40550688360450565 0.30526315789473685
0 0.5375469336670838 0.8636363636363636 0.1739674593241552 0.06220095693779904
0 0.7891113892365457 0.7803827751196172 0.3041301627033792 0.3090909090909091
0 0.8704630788485607 0.5645933014354066 0.1539424280350438 0.11483253588516747
0 0.7115143929912391 0.5660287081339713 0.13642052565707133 0.11770334928229666
0 0.49123904881101377 0.45311004784688996 0.899874843554443 0.737799043062201
1 0.5663329161451814 0.0784688995215311 0.08635794743429287 0.1339712918660287
1 0.4812265331664581 0.5277511961722487 0.09637046307884856 0.04880382775119617
1 0.6007509386733417 0.5684210526315789 0.09011264080100125 0.06315789473684211
1 0.6702127659574468 0.6727272727272727 0.08385481852315395 0.05550239234449761
1 0.8454317897371715 0.6578947368421053 0.08135168961201501 0.06985645933014355
1 0.4073842302878598 0.6703349282296651 0.08635794743429287 0.05837320574162679
1 0.2772215269086358 0.5320574162679426 0.09136420525657071 0.06315789473684211
1 0.5150187734668336 0.7985645933014354 0.07634543178973717 0.06220095693779904
1 0.5150187734668336 0.9267942583732057 0.08385481852315395 0.07177033492822966