0 0.5092869982025164 0.7932242990654206 0.19412822049131218 0.3866822429906542
2 0.6087477531455961 0.6302570093457944 0.005991611743559017 0.09813084112149532
2 0.609496704613541 0.8592289719626168 0.005092869982025165 0.2523364485981308
2 0.30707010185739964 0.20005841121495327 0.17615338526063512 0.015771028037383176
0 0.7935889754343919 0.4407126168224299 0.20730976632714201 0.46436915887850466
0 0.9363391252246854 0.5186915887850467 0.09197124026363092 0.13551401869158877
0 0.9348412222887957 0.3866822429906542 0.09197124026363092 0.11799065420560748
0 0.9321449970041942 0.21728971962616822 0.10575194727381666 0.19626168224299065
1 0.8888556021569802 0.29205607476635514 0.04973037747153984 0.04205607476635514
1 0.8816656680647094 0.3501752336448598 0.023367285799880167 0.036799065420560745
1 0.8783702816057519 0.5589953271028038 0.029958058717795086 0.0514018691588785
1 0.6156381066506891 0.5587032710280374 0.03115638106650689 0.05081775700934579
1 0.5218693828639904 0.561623831775701 0.029958058717795086 0.04848130841121495
1 0.4110245656081486 0.169392523364486 0.025164769322947873 0.04789719626168224
1 0.4676452965847813 0.3054906542056075 0.017974835230677052 0.0397196261682243
1 0.4298981426003595 0.26635514018691586 0.02696225284601558 0.038551401869158876
1 0.3433193529059317 0.26781542056074764 0.02756141402037148 0.04964953271028037
1 0.36683642899940083 0.41939252336448596 0.02786099460754943 0.04789719626168224
1 0.20566207309766327 0.1726051401869159 0.02366686638705812 0.05081775700934579
1 0.2958358298382265 0.49561915887850466 0.018873576992210903 0.037967289719626166
1 0.23756740563211504 0.6959696261682243 0.02456560814859197 0.04264018691588785
1 0.20461354104254045 0.749123831775701 0.03654883163571001 0.06366822429906542
1 0.20476333133612942 0.8317757009345794 0.03445176752546435 0.06658878504672897
0 0.2279808268424206 0.8945677570093458 0.11503894547633313 0.16880841121495327
0 0.48621929298981426 0.22605140186915887 0.08448172558418214 0.1822429906542056
0 0.4886159376872379 0.38522196261682246 0.07849011384062313 0.1022196261682243
0 0.5581186339125225 0.5128504672897196 0.08448172558418214 0.1378504672897196
0 0.4580587177950869 0.5137266355140186 0.1012582384661474 0.12558411214953272
0 0.39679448771719594 0.3253504672897196 0.08238466147393649 0.2324766355140187
0 0.21300179748352308 0.49795560747663553 0.38885560215698023 0.5882009345794392