2 0.08660844250363901 0.23582995951417005 0.018922852983988356 0.18218623481781376
2 0.08806404657933042 0.5247975708502024 0.01601164483260553 0.11234817813765183
2 0.08733624454148471 0.7884615384615384 0.01455604075691412 0.18016194331983806
2 0.4166666666666667 0.13107287449392713 0.03275109170305677 0.027327935222672066
2 0.5585880640465793 0.12955465587044535 0.11426491994177583 0.02834008097165992
0 0.87117903930131 0.3061740890688259 0.06986899563318777 0.3248987854251012
0 0.22889374090247452 0.2702429149797571 0.26564774381368267 0.25101214574898784
0 0.41448326055312956 0.21862348178137653 0.09388646288209607 0.1700404858299595
0 0.22852983988355166 0.7611336032388664 0.27219796215429404 0.23481781376518218
0 0.4585152838427948 0.5106275303643725 0.7292576419213974 0.7439271255060729
1 0.8373362445414847 0.4185222672064777 0.11135371179039301 0.06983805668016195
2 0.8307860262008734 0.2591093117408907 0.018195050946142648 0.2408906882591093
1 0.4457787481804949 0.8517206477732794 0.06040756914119359 0.09817813765182186
1 0.34243085880640467 0.6892712550607287 0.05749636098981077 0.06882591093117409
1 0.44141193595342065 0.33451417004048584 0.03711790393013101 0.06781376518218624
1 0.2878457059679767 0.3699392712550607 0.04439592430858806 0.07995951417004049