2 0.17335390946502058 0.1933183183183183 0.07407407407407407 0.02027027027027027
2 0.3487654320987654 0.19294294294294295 0.07407407407407407 0.01951951951951952
2 0.5295781893004116 0.19406906906906907 0.15792181069958847 0.02177177177177177
2 0.7566872427983539 0.8498498498498499 0.07716049382716049 0.013513513513513514
2 0.17849794238683128 0.8408408408408409 0.07716049382716049 0.01951951951951952
2 0.4992283950617284 0.8937687687687688 0.042695473251028807 0.05930930930930931
2 0.5527263374485597 0.920045045045045 0.05709876543209876 0.02177177177177177
2 0.6090534979423868 0.8933933933933934 0.046296296296296294 0.05555555555555555
2 0.8070987654320988 0.19481981981981983 0.07613168724279835 0.02027027027027027
2 0.3917181069958848 0.8460960960960962 0.029320987654320986 0.015015015015015015
0 0.7667181069958847 0.11711711711711711 0.18981481481481483 0.11711711711711711
0 0.3271604938271605 0.32845345345345345 0.15432098765432098 0.25
0 0.17026748971193414 0.37274774774774777 0.1522633744855967 0.3460960960960961
0 0.13863168724279834 0.5960960960960962 0.09310699588477367 0.10510510510510511
0 0.19058641975308643 0.7169669669669669 0.19393004115226337 0.24324324324324326
0 0.3297325102880658 0.7751501501501501 0.0874485596707819 0.12687687687687688
0 0.4058641975308642 0.7545045045045045 0.06893004115226338 0.17267267267267267
0 0.3292181069958848 0.3292042042042042 0.15432098765432098 0.2575075075075075
0 0.5493827160493827 0.5480480480480481 0.6090534979423868 0.7102102102102102
0 0.7654320987654321 0.7334834834834835 0.1800411522633745 0.2087087087087087
0 0.7224794238683128 0.5720720720720721 0.10030864197530864 0.18768768768768768
0 0.8104423868312757 0.549924924924925 0.08590534979423868 0.14339339339339338
1 0.8809156378600823 0.7488738738738738 0.051954732510288065 0.08933933933933934
1 0.7142489711934157 0.1906906906906907 0.042695473251028807 0.13513513513513514
1 0.73559670781893 0.45683183183183185 0.0360082304526749 0.0533033033033033
1 0.2734053497942387 0.4358108108108108 0.045781893004115226 0.06381381381381382
1 0.1337448559670782 0.5281531531531531 0.033950617283950615 0.054804804804804805
1 0.22813786008230452 0.5063813813813813 0.042695473251028807 0.06531531531531531
1 0.261059670781893 0.6546546546546547 0.048868312757201646 0.08708708708708708
1 0.31635802469135804 0.743993993993994 0.051440329218107 0.06756756756756757
1 0.31584362139917693 0.8772522522522522 0.05246913580246913 0.07282282282282282
1 0.7502572016460906 0.6707957957957958 0.042695473251028807 0.08483483483483484
1 0.6887860082304527 0.7586336336336337 0.04526748971193416 0.05930930930930931
1 0.7512860082304527 0.5093843843843844 0.03960905349794239 0.0518018018018018
1 0.3778292181069959 0.6828078078078078 0.045781893004115226 0.0472972972972973
0 0.3994341563786008 0.9185435435435435 0.22685185185185186 0.12387387387387387
0 0.21682098765432098 0.573948948948949 0.06327160493827161 0.0472972972972973