2 0.9798270893371758 0.7220902612826603 0.020172910662824207 0.13618368962787014
2 0.9819884726224783 0.4255740300870942 0.024495677233429394 0.14014251781472684
2 0.9787463976945245 0.14924782264449724 0.016570605187319884 0.1369754552652415
0 0.8249279538904899 0.14924782264449724 0.2953890489913545 0.21931908155186064
0 0.8234870317002881 0.42042755344418054 0.2896253602305475 0.29612034837688045
0 0.8267291066282421 0.717735550277118 0.2946685878962536 0.2668250197941409
0 0.5032420749279539 0.8226444972288203 0.1260806916426513 0.2771179730799683
0 0.45821325648414984 0.5 0.46829971181556196 0.9287410926365796
2 0.2107348703170029 0.7038796516231196 0.02089337175792507 0.14251781472684086
2 0.21289625360230546 0.8733174980205859 0.016570605187319884 0.06809184481393507
2 0.21577809798270894 0.388756927949327 0.035302593659942365 0.21852731591448932
1 0.21145533141210374 0.5376088677751386 0.04971181556195965 0.0728424386381631
1 0.6880403458213257 0.22486144101346 0.01729106628242075 0.06175771971496437
1 0.6487752161383286 0.1587490102929533 0.04394812680115274 0.026128266033254157
1 0.6930835734870316 0.41330166270783847 0.040345821325648415 0.0934283452098179
1 0.6963256484149856 0.6258907363420427 0.03386167146974063 0.06413301662707839
1 0.6350864553314121 0.8665874901029296 0.0814121037463977 0.0498812351543943
1 0.5835734870317003 0.7593032462391133 0.025936599423631124 0.057007125890736345
1 0.5839337175792507 0.6500395882818686 0.02521613832853026 0.04908946951702296
0 0.15093659942363113 0.4220110847189232 0.10734870317002881 0.31353919239904987