2 0.04869281045751634 0.5199138858988159 0.025490196078431372 0.41980624327233584
2 0.8205882352941176 0.6560818083961248 0.015032679738562092 0.25941872981700753
2 0.8199346405228758 0.37405812701829927 0.00849673202614379 0.19052744886975242
0 0.3715686274509804 0.3611410118406889 0.14575163398692811 0.2658772874058127
0 0.16601307189542483 0.5306781485468245 0.23790849673202613 0.6006458557588805
0 0.5571895424836601 0.5263724434876211 0.5209150326797386 0.6006458557588805
0 0.8803921568627451 0.5285252960172229 0.1111111111111111 0.6071044133476857
1 0.47875816993464054 0.4580193756727664 0.05947712418300653 0.10226049515608181
1 0.3738562091503268 0.5575888051668461 0.06405228758169934 0.12055974165769645
1 0.4647058823529412 0.643702906350915 0.05751633986928104 0.1054897739504844
1 0.33986928104575165 0.8390742734122713 0.06013071895424837 0.2163616792249731
1 0.2611111111111111 0.6270182992465017 0.06993464052287582 0.10226049515608181