2 0.5695652173913044 0.07205720572057206 0.2648221343873518 0.0429042904290429
2 0.045454545454545456 0.26512651265126513 0.03399209486166008 0.18041804180418042
2 0.04466403162055336 0.6512651265126512 0.0308300395256917 0.1782178217821782
2 0.850592885375494 0.2156215621562156 0.12806324110671938 0.0374037403740374
0 0.2015810276679842 0.2876787678767877 0.2782608695652174 0.38613861386138615
0 0.5462450592885375 0.3547854785478548 0.3683794466403162 0.5225522552255225
0 0.6592885375494071 0.5165016501650165 0.5992094861660079 0.5423542354235423
0 0.8624505928853755 0.1265126512651265 0.2308300395256917 0.1276127612761276
0 0.2067193675889328 0.6496149614961496 0.2964426877470356 0.3069306930693069
0 0.8841897233201581 0.7084708470847084 0.1383399209486166 0.15841584158415842
1 0.7735177865612648 0.14576457645764576 0.08616600790513834 0.09350935093509351
1 0.3173913043478261 0.356985698569857 0.08774703557312254 0.09790979097909791
1 0.5335968379446641 0.5786578657865786 0.12015810276679842 0.09020902090209021
1 0.39090909090909093 0.676017601760176 0.07193675889328063 0.0891089108910891
1 0.6134387351778656 0.8124312431243125 0.08221343873517786 0.23872387238723872
1 0.766403162055336 0.5693069306930693 0.07193675889328063 0.10231023102310231
1 0.775494071146245 0.6776677667766776 0.06798418972332015 0.08800880088008801