2 0.9406374501992032 0.73582295988935 0.023107569721115537 0.14384508990318118
2 0.9422310756972112 0.38865836791147995 0.02151394422310757 0.27385892116182575
2 0.04143426294820717 0.6881051175656985 0.01593625498007968 0.17842323651452283
2 0.04302788844621514 0.3900414937759336 0.014342629482071713 0.18533886583679116
0 0.2693227091633466 0.3063623789764869 0.4334661354581673 0.42461964038727523
0 0.19721115537848605 0.7226832641770401 0.28286852589641437 0.37206085753803597
0 0.42111553784860556 0.7994467496542186 0.14262948207171314 0.22959889349930843
0 0.6394422310756972 0.5 0.5792828685258964 0.8118948824343015
1 0.3203187250996016 0.598893499308437 0.05737051792828685 0.08575380359612725
1 0.3912350597609562 0.5712309820193637 0.03824701195219123 0.0995850622406639
1 0.4127490039840637 0.6383125864453665 0.04462151394422311 0.08990318118948824