2 0.9405286343612335 0.7827181208053692 0.03838892385147892 0.015100671140939598
2 0.8039647577092511 0.7827181208053692 0.04216488357457521 0.015100671140939598
2 0.5808684707363121 0.7802013422818792 0.10195091252359975 0.016778523489932886
2 0.3366897419760856 0.7827181208053692 0.10446821900566394 0.015100671140939598
2 0.10415355569540592 0.7810402684563759 0.05726872246696035 0.020134228187919462
2 0.09817495280050346 0.1686241610738255 0.09188168659534299 0.015100671140939598
2 0.22718691000629326 0.11283557046979865 0.00881057268722467 0.0964765100671141
2 0.27312775330396477 0.057885906040268456 0.07677784770295784 0.02348993288590604
2 0.5821271239773442 0.16904362416107382 0.09691629955947137 0.015939597315436243
2 0.7064191315292637 0.11115771812080537 0.01195720578980491 0.09815436241610738
2 0.7548772813089993 0.05830536912751678 0.07866582756450598 0.01929530201342282
0 0.26242920075519194 0.4186241610738255 0.4354940213971051 0.7080536912751678
0 0.7300188797986155 0.2726510067114094 0.41787287602265577 0.41778523489932884
0 0.6340465701699182 0.6333892617449665 0.22466960352422907 0.27684563758389263
0 0.8618628067967276 0.6761744966442953 0.21208307111390812 0.19798657718120805
0 0.8593455003146633 0.4861577181208054 0.21334172435494023 0.1552013422818792
1 0.17747010698552548 0.2042785234899329 0.06293266205160478 0.09312080536912752
1 0.32536186280679674 0.5306208053691275 0.051604782882315924 0.05956375838926174
1 0.21428571428571427 0.7453859060402684 0.05223410950283197 0.05285234899328859
1 0.236626809314034 0.8145973154362416 0.06293266205160478 0.09228187919463088
0 0.16865953429830083 0.7353187919463087 0.056639395846444306 0.06963087248322147
1 0.6651982378854625 0.2042785234899329 0.06670862177470108 0.08976510067114093
1 0.78980490874764 0.37458053691275167 0.0578980490874764 0.08473154362416108
1 0.8373190685966017 0.5419463087248322 0.05601006922592826 0.08389261744966443
1 0.7731277533039648 0.5310402684563759 0.05852737570799245 0.07214765100671142