1 0.6909821941412981 0.8624161073825504 0.0700746697300402 0.023969319271332695
1 0.7099368179207353 0.12176414189837009 0.032165422171166 0.02109300095877277
1 0.6154508902929351 0.12320230105465005 0.07294658242389432 0.02205177372962608
1 0.4250430786904078 0.12607861936720996 0.08960367604824813 0.02205177372962608
1 0.45089029293509475 0.8638542665388304 0.060884549109707066 0.023010546500479387
2 0.3678920160827111 0.06471716203259828 0.1533601378518093 0.09108341323106424
2 0.6102814474439977 0.2794822627037392 0.12808730614589317 0.2943432406519655
2 0.7225732337736933 0.20038350910834132 0.0861573808156232 0.1342281879194631
2 0.723147616312464 0.39549376797698943 0.08960367604824813 0.24065196548418025
2 0.7211372774267663 0.5671140939597316 0.08788052843193567 0.08533077660594439
2 0.6550832854681218 0.7353787152444871 0.21539345203905802 0.22818791946308725
2 0.6105686387133831 0.5206136145733461 0.12521539345203905 0.17066155321188878
2 0.45548535324526135 0.6524448705656759 0.10453762205628948 0.4074784276126558
2 0.3710511200459506 0.7972195589645255 0.048248133256748996 0.11025886864813039
2 0.3147616312464101 0.802013422818792 0.05054566341183228 0.10258868648130393
2 0.39919586444572086 0.4348034515819751 0.2182653647329121 0.5934803451581975
0 0.34434233199310743 0.12559923298178333 0.049971280873061456 0.16874400767018216
0 0.7056289488799541 0.30201342281879195 0.032739804709936815 0.0728667305848514
0 0.6502010338885698 0.41227229146692235 0.03446295232624928 0.0728667305848514
0 0.6619758759333716 0.46836049856184087 0.03963239517518667 0.0488974113135187
0 0.6625502584721424 0.5666347075743049 0.03963239517518667 0.053691275167785234
0 0.6154508902929351 0.5934803451581975 0.0350373348650201 0.06519654841802493
0 0.32050545663411834 0.7157238734419943 0.032165422171166 0.062320230105465
0 0.38052843193566915 0.6960690316395014 0.048822515795519814 0.06519654841802493
0 0.3730614589316485 0.7746883988494727 0.0430786904078116 0.07670182166826463
0 0.37277426766226307 0.8954937679769894 0.04595060310166571 0.0862895493767977