2 0.25321597833446174 0.09805510534846029 0.4116452268111036 0.0902215018908698
2 0.34360189573459715 0.25580767152890327 0.22004062288422477 0.20475418692598596
2 0.25524712254570076 0.3684494867639114 0.3994583615436696 0.4213938411669368
2 0.0988490182802979 0.5464613722312264 0.08666215301286391 0.06537007023230686
2 0.11543669600541638 0.635602377093463 0.11983750846310089 0.09346299297676931
2 0.3182125930941097 0.6323608860075635 0.26811103588354773 0.08914100486223663
2 0.6046039268788084 0.7260940032414911 0.16113744075829384 0.06915180983252296
2 0.8121191604603927 0.8109130199891951 0.24441435341909276 0.2366288492706645
2 0.552809749492214 0.6334413830361967 0.08598510494245092 0.08481901674770394
2 0.6418415707515234 0.6312803889789304 0.06770480704129993 0.08914100486223663
2 0.36696005416384564 0.5486223662884927 0.17332430602572782 0.06969205834683954
2 0.7142857142857143 0.09967585089141005 0.42247799593771157 0.07833603457590492
2 0.7095463777928233 0.41626148028092924 0.3967501692620176 0.5213398163155051
1 0.12999322951929587 0.15153970826580226 0.14082599864590387 0.01242571582928147
1 0.35240352064996616 0.14829821717990274 0.12389979688557888 0.014586709886547812
1 0.5856465809072444 0.14991896272285252 0.13540961408259986 0.011345218800648298
1 0.8029790115098172 0.14829821717990274 0.12457684495599188 0.014586709886547812
1 0.8043331076506431 0.6807131280388979 0.12186865267433988 0.011885467314964884
1 0.5487474610697359 0.6836844948676392 0.03588354773188896 0.011345218800648298
0 0.17264725795531483 0.5623987034035657 0.055517941773865945 0.03565640194489465
0 0.2508463100880162 0.5667206915180983 0.06431956668923494 0.03349540788762831
0 0.2064996614759648 0.6107509454349 0.05416384563303995 0.04376012965964344
0 0.26337169939065674 0.34521880064829824 0.05145565335138795 0.03565640194489465
0 0.2640487474610697 0.12911939492166397 0.05010155721056195 0.04862236628849271
0 0.7129316181448883 0.12965964343598055 0.05010155721056195 0.04970286331712588
0 0.5734597156398105 0.5678011885467315 0.04197698036560596 0.037817396002161
0 0.6438727149627623 0.6058887088060508 0.052809749492213946 0.03835764451647758
0 0.6431956668923493 0.7012425715829281 0.05416384563303995 0.05294435440302539