1 0.06461932181701856 0.621160409556314 0.02815099168266155 0.17918088737201365
1 0.9584133077415227 0.31783276450511944 0.025591810620601407 0.18515358361774745
1 0.9606525911708254 0.5891638225255973 0.02495201535508637 0.19368600682593856
1 0.1145233525271913 0.29436860068259385 0.016634676903390915 0.18088737201365188
2 0.49008317338451696 0.4662969283276451 0.90850927703135 0.5332764505119454
2 0.5918106206014075 0.3003412969283277 0.1036468330134357 0.17918088737201365
2 0.8019833653230967 0.3348976109215017 0.2847088931541907 0.27047781569965873
0 0.11356365962891875 0.4415529010238908 0.018554062699936022 0.09300341296928327
0 0.46257197696737046 0.6412116040955631 0.011516314779270634 0.07593856655290103
0 0.6519513755598209 0.435580204778157 0.016634676903390915 0.07252559726962457
0 0.617402431222009 0.3937713310580205 0.046065259117082535 0.012798634812286689
0 0.5905310300703774 0.742320819112628 0.07549584133077415 0.015358361774744027