2 0.7694704049844237 0.7530276816608996 0.3052959501557632 0.2292387543252595
2 0.7300103842159917 0.3689446366782007 0.37590861889927313 0.5285467128027682
2 0.23208722741433022 0.7391868512110726 0.3541017653167186 0.2690311418685121
2 0.15524402907580478 0.5454152249134948 0.16926272066458983 0.092560553633218
2 0.3348909657320872 0.5480103806228374 0.14434060228452752 0.10121107266435986
2 0.40083073727933544 0.49091695501730104 0.6853582554517134 0.7621107266435986
0 0.3868120456905504 0.057525951557093426 0.10695742471443406 0.08737024221453288
0 0.6536863966770509 0.7076124567474048 0.10695742471443406 0.0847750865051903
0 0.36967808930425755 0.6829584775086506 0.1142263759086189 0.09083044982698962
0 0.4730010384215992 0.9208477508650519 0.11526479750778816 0.09429065743944637
0 0.4569055036344756 0.5596885813148789 0.09968847352024922 0.07958477508650519
0 0.5025960539979232 0.5250865051903114 0.11214953271028037 0.08823529411764706
0 0.7975077881619937 0.3438581314878893 0.09345794392523364 0.08044982698961937