1 0.036937377690802346 0.5989847715736041 0.007338551859099804 0.04568527918781726
1 0.03669275929549902 0.7770727580372251 0.007827788649706457 0.046531302876480544
1 0.1541095890410959 0.9192047377326565 0.026418786692759294 0.014382402707275803
1 0.18272994129158512 0.02622673434856176 0.09148727984344422 0.01353637901861252
1 0.6905577299412916 0.030879864636209814 0.05821917808219178 0.014382402707275803
1 0.9028864970645792 0.02961082910321489 0.05821917808219178 0.011844331641285956
1 0.9726027397260274 0.22292724196277497 0.005870841487279843 0.10236886632825719
1 0.8830724070450098 0.6912013536379019 0.05870841487279843 0.015228426395939087
1 0.49877690802348335 0.694585448392555 0.06311154598825831 0.01015228426395939
1 0.49608610567514677 0.02707275803722504 0.06360078277886497 0.015228426395939087
2 0.21501956947162426 0.21658206429780033 0.34882583170254405 0.3790186125211506
2 0.07265166340508807 0.5511844331641286 0.06800391389432485 0.26480541455160744
2 0.07289628180039139 0.800761421319797 0.0675146771037182 0.22081218274111675
2 0.14530332681017613 0.8011844331641286 0.07338551859099804 0.22165820642978004
2 0.2837573385518591 0.805414551607445 0.1917808219178082 0.22673434856175972
2 0.14579256360078277 0.628595600676819 0.06947162426614481 0.116751269035533
2 0.1978962818003914 0.5528764805414551 0.17172211350293543 0.26649746192893403
2 0.44129158512720157 0.35786802030456855 0.30528375733855184 0.6565143824027073
2 0.6881115459882583 0.15186125211505921 0.1805283757338552 0.24957698815566837
2 0.87793542074364 0.2161590524534687 0.18444227005870842 0.37478849407783416
2 0.8764677103718199 0.550761421319797 0.1815068493150685 0.2707275803722504
2 0.6817514677103719 0.7461928934010152 0.13551859099804306 0.1065989847715736
2 0.6323385518590998 0.34686971235194586 0.06506849315068493 0.1218274111675127
2 0.6898238747553816 0.4843485617597293 0.18003913894324852 0.4086294416243655
0 0.6886007827788649 0.8434856175972927 0.05430528375733855 0.08798646362098139
0 0.33708414872798437 0.8506768189509306 0.05577299412915851 0.08714043993231811
0 0.15753424657534246 0.5439932318104906 0.04403131115459882 0.05752961082910321