1 0.08513189448441247 0.2884393063583815 0.019984012789768184 0.26705202312138726
1 0.08633093525179857 0.6023121387283237 0.01598721023181455 0.24739884393063583
1 0.8776978417266187 0.2092485549132948 0.017585931254996003 0.2589595375722543
2 0.925259792166267 0.24161849710982658 0.07913669064748201 0.3884393063583815
2 0.7985611510791367 0.5872832369942197 0.3149480415667466 0.24971098265895952
1 0.9644284572342127 0.584971098265896 0.013589128697042365 0.22427745664739884
2 0.25699440447641886 0.2566473988439306 0.328537170263789 0.3930635838150289
2 0.19704236610711431 0.6647398843930635 0.20543565147881696 0.4
2 0.36650679456434854 0.7219653179190751 0.11590727418065548 0.27630057803468205
2 0.586730615507594 0.4624277456647399 0.5627498001598721 0.8023121387283237
0 0.8301358912869704 0.41502890173410406 0.06954436450839328 0.10404624277456648
0 0.8760991207034372 0.38497109826589593 0.13908872901678657 0.09479768786127167
0 0.6075139888089528 0.5791907514450867 0.07673860911270983 0.09248554913294797
0 0.3481215027977618 0.4161849710982659 0.06155075939248601 0.10404624277456648
0 0.2777777777777778 0.5138728323699422 0.06474820143884892 0.08208092485549133
0 0.45323741007194246 0.6982658959537572 0.07194244604316546 0.09017341040462427