1 0.07441154138192863 0.27229800629590767 0.03644646924829157 0.18782791185729275
1 0.07517084282460136 0.47166841552990557 0.03644646924829157 0.07869884575026233
1 0.07175398633257403 0.6657922350472193 0.032649962034927864 0.19202518363064008
1 0.9381169324221716 0.24501573976915006 0.03720577069096431 0.32633788037775446
1 0.9369779802581625 0.5519412381951732 0.033409263477600606 0.1783840503672613
2 0.25702353834472286 0.19884575026232948 0.33788914198936976 0.33473242392444913
2 0.1674259681093394 0.47114375655823715 0.15413819286256644 0.17628541448058763
2 0.3321943811693242 0.4690451206715635 0.16021260440394836 0.17628541448058763
2 0.2501898253606682 0.7035676810073452 0.32270311313591493 0.2801678908709339
2 0.6708428246013668 0.3588667366211962 0.49582384206529995 0.6505771248688352
0 0.4445709946848899 0.5089192025183631 0.06909643128321943 0.08394543546694648
0 0.40015186028853456 0.30902413431269676 0.07896735003796507 0.09548793284365163
0 0.18337129840546698 0.344700944386149 0.053910402429764616 0.08289611752360965
0 0.18488990129081245 0.5954879328436516 0.04935459377372817 0.08289611752360965
0 0.3823082763857251 0.6385099685204617 0.08428246013667426 0.10598111227701994
0 0.4772209567198178 0.7046169989506821 0.07517084282460136 0.23189926547743966