1 0.31004784688995213 0.2318075117370892 0.24497607655502393 0.023474178403755867
1 0.7095693779904306 0.23327464788732394 0.14258373205741626 0.017018779342723004
1 0.7947368421052632 0.8556338028169014 0.14641148325358852 0.01995305164319249
1 0.2875598086124402 0.8547535211267606 0.1444976076555024 0.020539906103286387
2 0.5062200956937799 0.5437206572769953 0.7866028708133971 0.6015258215962441
2 0.2851674641148325 0.7230046948356808 0.3196172248803828 0.2476525821596244
2 0.2014354066985646 0.5328638497652582 0.14258373205741626 0.10446009389671361
2 0.38086124401913873 0.5542840375586855 0.17033492822966506 0.16607981220657278
2 0.7617224880382775 0.7479460093896714 0.2583732057416268 0.1954225352112676
2 0.7033492822966507 0.6056338028169014 0.13779904306220095 0.08098591549295775
2 0.8411483253588516 0.6056338028169014 0.11291866028708133 0.08333333333333333
2 0.7636363636363637 0.5014671361502347 0.2679425837320574 0.1073943661971831
2 0.5110047846889952 0.12265258215962441 0.8 0.19953051643192488
0 0.5129186602870813 0.2021713615023474 0.12440191387559808 0.08157276995305164
0 0.5894736842105263 0.5178990610328639 0.10143540669856459 0.05575117370892019
0 0.5095693779904307 0.5595657276995305 0.10430622009569378 0.051056338028169015
0 0.5904306220095694 0.5971244131455399 0.10334928229665072 0.05575117370892019
0 0.3229665071770335 0.562206572769953 0.10813397129186603 0.05868544600938967
0 0.41291866028708135 0.6748826291079812 0.10239234449760766 0.062206572769953054
0 0.8248803827751197 0.6728286384976526 0.0784688995215311 0.05575117370892019
0 0.6712918660287082 0.6924882629107981 0.10047846889952153 0.056338028169014086
0 0.5712918660287082 0.8802816901408451 0.09186602870813397 0.07746478873239436
2 0.5976076555023924 0.9081572769953051 0.2937799043062201 0.0886150234741784