1 0.8306264501160093 0.27380952380952384 0.015467904098994586 0.20294784580498867
1 0.8294663573085846 0.6819727891156463 0.019334880123743233 0.1712018140589569
1 0.07269914926527456 0.2653061224489796 0.02165506573859242 0.16326530612244897
2 0.191415313225058 0.3055555555555556 0.22815158546017014 0.373015873015873
2 0.3839907192575406 0.22675736961451248 0.1368909512761021 0.22675736961451248
2 0.9052590873936581 0.2987528344671202 0.13534416086620263 0.3934240362811791
2 0.6442382057231245 0.6621315192743764 0.35730858468677495 0.31065759637188206
2 0.5680587780355761 0.30385487528344673 0.5050270688321732 0.3832199546485261
0 0.2853828306264501 0.39512471655328796 0.06496519721577726 0.08276643990929705
0 0.39597834493426143 0.3820861678004535 0.05877803557617943 0.08843537414965986
0 0.41647331786542924 0.463718820861678 0.05336426914153132 0.09977324263038549
0 0.8565351894818252 0.4217687074829932 0.0765661252900232 0.08390022675736962
0 0.5452436194895591 0.5408163265306123 0.05723124516627997 0.09750566893424037