1 0.9333599361532322 0.40807799442896936 0.02154828411811652 0.21448467966573817
1 0.9325618515562649 0.7924791086350975 0.02154828411811652 0.17827298050139276
1 0.19074221867517957 0.8022284122562674 0.020750199521149242 0.11142061281337047
1 0.19273743016759776 0.29874651810584957 0.02314445331205108 0.2604456824512535
2 0.1412609736632083 0.3697771587743733 0.08140462889066241 0.48885793871866295
2 0.3403830806065443 0.3767409470752089 0.28012769353551475 0.48885793871866295
2 0.74341580207502 0.7799442896935933 0.36312849162011174 0.2841225626740947
2 0.6396648044692738 0.5341225626740947 0.5658419792498005 0.7952646239554317
2 0.27174780526735837 0.7806406685236769 0.14764565043894654 0.29108635097493035
2 0.2114924181963288 0.49025069637883006 0.060654429369513166 0.07242339832869081
2 0.465682362330407 0.4805013927576602 0.05666400638467677 0.08356545961002786
2 0.3750997605746209 0.766016713091922 0.052673583399840386 0.07242339832869081