1 0.27988915281076804 0.2588628762541806 0.1369754552652415 0.018729096989966554
1 0.6203483768804434 0.25752508361204013 0.0894695170229612 0.016053511705685617
1 0.7953285827395091 0.2551839464882943 0.07363420427553444 0.022073578595317726
1 0.44457640538400633 0.8361204013377926 0.02454473475851148 0.016053511705685617
1 0.3107680126682502 0.8354515050167224 0.1227236737925574 0.02274247491638796
2 0.34837688044338877 0.17859531772575252 0.35471100554235946 0.1391304347826087
2 0.60055423594616 0.38461538461538464 0.27315914489311166 0.23277591973244147
2 0.8032462391132225 0.3254180602006689 0.12114014251781473 0.1197324414715719
2 0.7790973871733967 0.48528428093645487 0.17735550277117973 0.1879598662207358
2 0.5043547110055424 0.7591973244147158 0.16310372129849565 0.13377926421404682
2 0.42992874109263657 0.5498327759197325 0.517814726840855 0.5632107023411371
0 0.4018210609659541 0.2317725752508361 0.06413301662707839 0.06889632107023412
0 0.8357086302454474 0.4133779264214047 0.05779889152810768 0.05351170568561873
0 0.6492478226444972 0.48561872909698994 0.057007125890736345 0.05618729096989967
0 0.6599366587490103 0.5464882943143813 0.0625494853523357 0.050836120401337795
0 0.46080760095011875 0.711705685618729 0.05859065716547902 0.0588628762541806
0 0.5027711797307997 0.8632107023411372 0.06809184481393507 0.07424749163879599