2 0.7209394904458599 0.21125461254612546 0.4052547770700637 0.28044280442804426
1 0.929140127388535 0.21171586715867158 0.02388535031847134 0.1429889298892989
1 0.9311305732484076 0.4981549815498155 0.018312101910828025 0.13653136531365315
1 0.9343152866242038 0.7633763837638377 0.026273885350318472 0.1411439114391144
1 0.19665605095541402 0.49953874538745385 0.027070063694267517 0.24077490774907748
2 0.12300955414012739 0.540590405904059 0.1377388535031847 0.3726937269372694
2 0.5672770700636943 0.621309963099631 0.7269108280254777 0.5212177121771218
2 0.8463375796178344 0.7638376383763837 0.16878980891719744 0.23985239852398524
2 0.6938694267515924 0.6932656826568265 0.11703821656050956 0.08948339483394833
0 0.6596337579617835 0.32287822878228783 0.058121019108280256 0.07380073800738007
0 0.1962579617834395 0.6540590405904059 0.12977707006369427 0.07380073800738007
0 0.5517515923566879 0.8948339483394834 0.0589171974522293 0.15867158671586715
0 0.6930732484076433 0.7670664206642066 0.04538216560509554 0.06549815498154982
0 0.7758757961783439 0.7882841328413284 0.05015923566878981 0.0544280442804428