1 0.4234990316333118 0.22782084409991388 0.09941897998708844 0.037037037037037035
1 0.6129761136216915 0.22566752799310938 0.06003873466752744 0.03273040482342808
1 0.29825693996126534 0.28725236864771747 0.015493867010974823 0.06804478897502153
2 0.5939315687540349 0.12446167097329888 0.18850871530019367 0.17657192075796727
2 0.643963847643641 0.5417743324720069 0.0987734021949645 0.20327304048234282
2 0.643963847643641 0.7075796726959518 0.1013557133634603 0.1111111111111111
2 0.4987088444157521 0.5073212747631353 0.38282763072950293 0.5305770887166236
0 0.540348612007747 0.18949181739879414 0.058102001291155586 0.09646856158484066
0 0.5652033570045191 0.6132644272179156 0.06132989025177534 0.082687338501292
0 0.6165267914783732 0.6248923341946597 0.04777275661717237 0.0714900947459087
0 0.5474499677211104 0.7833763996554695 0.06197546804389929 0.181739879414298