2 0.420442842430484 0.7324797843665768 0.09320288362512873 0.07142857142857142
2 0.42147270854788876 0.8436657681940701 0.10659114315139032 0.13117699910152741
2 0.5146755921730175 0.8420934411500449 0.08702368692070031 0.1307277628032345
2 0.7283728115345005 0.27672955974842767 0.29711637487126674 0.0889487870619946
2 0.801750772399588 0.4474393530997305 0.1349124613800206 0.22012578616352202
2 0.8056127703398558 0.6650943396226415 0.13748712667353244 0.1954177897574124
1 0.6799691040164778 0.7688679245283019 0.08496395468589084 0.015723270440251572
1 0.7762615859938208 0.7688679245283019 0.08805355303810504 0.015723270440251572
1 0.7798661174047374 0.33198562443845464 0.08290422245108137 0.017070979335130278
1 0.6302780638516993 0.32816711590296493 0.09783728115345006 0.015723270440251572
1 0.4552008238928939 0.25 0.12255406797116375 0.015723270440251572
2 0.43537590113285274 0.48697214734950584 0.12512873326467558 0.044923629829290206
2 0.4181256436663234 0.5422282120395328 0.08856848609680741 0.050314465408805034
2 0.42070030895983523 0.6340970350404312 0.09062821833161688 0.10557053009883198
2 0.526519052523172 0.7491015274034142 0.09938208032955716 0.04716981132075472
2 0.6622039134912462 0.6886792452830188 0.14727085478887744 0.1527403414195867
2 0.5272914521112255 0.6830637915543576 0.12049433573635428 0.05884995507637017
2 0.5504634397528322 0.4505840071877808 0.3532440782698249 0.3917340521114106
2 0.6230690010298661 0.15902964959568733 0.5077239958805355 0.17879604672057503
0 0.748712667353244 0.539308176100629 0.04531410916580844 0.03189577717879605
0 0.747167868177137 0.5876010781671159 0.04531410916580844 0.027852650494159928
0 0.4899588053553038 0.8308625336927223 0.040679711637487126 0.032794249775381853
0 0.5303810504634398 0.7345013477088949 0.04325437693099897 0.0440251572327044
0 0.5308959835221421 0.6731805929919138 0.03913491246138002 0.040880503144654086
0 0.44515962924819774 0.6790206648697215 0.02420185375901133 0.029200359389038633
0 0.4824922760041195 0.6287061994609164 0.04016477857878476 0.03099730458221024
0 0.477600411946447 0.5361635220125787 0.02832131822863028 0.025606469002695417
0 0.663491246138002 0.596136567834681 0.0345005149330587 0.034141958670260555
0 0.6315653964984552 0.5345911949685535 0.04376930998970134 0.04132973944294699
0 0.5144181256436663 0.497529200359389 0.030895983522142123 0.025606469002695417
0 0.5916580844490217 0.29829290206648695 0.04737384140061792 0.03324348607367475