1 0.1684981684981685 0.8804247460757156 0.07081807081807082 0.023084025854108958
1 0.4877899877899878 0.8748845798707294 0.10989010989010989 0.02677746999076639
1 0.4453601953601954 0.11357340720221606 0.0873015873015873 0.0332409972299169
1 0.818986568986569 0.11172668513388735 0.0811965811965812 0.02585410895660203
1 0.8113553113553114 0.8808864265927978 0.11233211233211234 0.024007386888273315
2 0.18284493284493283 0.49584487534626037 0.25824175824175827 0.7442289935364728
2 0.5012210012210012 0.4967682363804247 0.2673992673992674 0.7313019390581718
2 0.5924908424908425 0.1989843028624192 0.08485958485958486 0.13573407202216067
2 0.7268009768009768 0.24053554939981533 0.08852258852258853 0.23361034164358263
2 0.8635531135531136 0.2848568790397045 0.17155067155067155 0.3204062788550323
2 0.8192918192918193 0.4492151431209603 0.26373626373626374 0.16528162511542013
2 0.8177655677655677 0.7040627885503232 0.26312576312576313 0.322253000923361
0 0.5882173382173382 0.08310249307479224 0.04700854700854701 0.10526315789473684
0 0.5879120879120879 0.2363804247460757 0.050061050061050064 0.07940904893813482
0 0.2554945054945055 0.24561403508771928 0.0347985347985348 0.046168051708217916
0 0.2573260073260073 0.38688827331486614 0.04456654456654457 0.05355493998153278
0 0.5818070818070818 0.876269621421976 0.06837606837606838 0.15327793167128348
0 0.7145909645909646 0.5692520775623269 0.04212454212454213 0.08033240997229917
0 0.746031746031746 0.3979686057248384 0.040293040293040296 0.07940904893813482
0 0.7945665445665445 0.41228070175438597 0.045787545787545784 0.06555863342566944