1 0.8200414293112377 0.8813886210221794 0.05126877265665458 0.02507232401157184
1 0.7162092180217504 0.8809064609450338 0.08907301916105645 0.026036644165863067
1 0.5701708959088555 0.8794599807135969 0.1046090108751942 0.02892960462873674
1 0.2933713102019679 0.8751205400192864 0.11134127395132055 0.024108003857280617
1 0.11160020714655619 0.8780135004821601 0.06369756602796478 0.027965284474445518
1 0.056188503366131536 0.607039537126326 0.017089590885551526 0.03182256509161042
1 0.13076126359399276 0.2796528447444552 0.09166235111341274 0.021215043394406944
1 0.7452097358881409 0.2892960462873674 0.08389435525634387 0.02507232401157184
1 0.5652511651993786 0.2854387656702025 0.08441222164681512 0.02507232401157184
2 0.8024339720352149 0.17888138862102218 0.12687726566545832 0.19768563162970107
2 0.5758674262040394 0.43539054966248797 0.15846711548420508 0.2729026036644166
1 0.48886587260486797 0.45178399228543875 0.01967892283790782 0.1051108968177435
1 0.4873122734334542 0.6142719382835101 0.018643190056965304 0.02507232401157184
2 0.5748316934230968 0.7208293153326905 0.15535991714137753 0.29026036644165865
2 0.7131020196789228 0.7270973963355835 0.10564474365613671 0.29508196721311475
2 0.8197824961160021 0.8076181292189006 0.09943034697048161 0.13211186113789777
2 0.8187467633350596 0.6499517839922855 0.09632314862765406 0.1600771456123433
2 0.7322630761263594 0.4305689488910318 0.26307612635939925 0.2729026036644166
2 0.3723459347488348 0.16682738669238187 0.12843086483687208 0.20829315332690454
2 0.3783013982392543 0.35342333654773384 0.11134127395132055 0.12439729990356799
2 0.37907819782496116 0.4951783992285439 0.11393060590367685 0.1398264223722276
2 0.3969445882962196 0.7950819672131147 0.08234075608493009 0.1398264223722276
2 0.2519419989642672 0.5800385728061717 0.3723459347488348 0.5718418514946962
0 0.28327291558777834 0.1523625843780135 0.055929570170895906 0.08293153326904533
0 0.20662868979803212 0.2420443587270974 0.04867944070429829 0.11378977820636452
0 0.38348006214396685 0.4566055930568949 0.04194717762817193 0.08003857280617165
0 0.38348006214396685 0.603182256509161 0.04194717762817193 0.085824493731919
0 0.3814085965820818 0.7680810028929604 0.046090108751942 0.09932497589199614
0 0.38244432936302436 0.914175506268081 0.044018643190056966 0.10221793635486982
0 0.581046090108752 0.5231436837029894 0.04971517348524081 0.0781099324975892
0 0.6330916623511134 0.6084860173577628 0.04298291040911445 0.08100289296046287
0 0.7446918694976696 0.6113789778206364 0.044536509580528225 0.09257473481195758
0 0.818487830139824 0.5400192864030858 0.044018643190056966 0.08871745419479267
0 0.818487830139824 0.25216972034715524 0.0398757120662869 0.09932497589199614
0 0.8058001035732781 0.7000964320154291 0.03728638011393061 0.07521697203471553