2 0.65 0.4905537459283388 0.5038095238095238 0.2697068403908795
0 0.44761904761904764 0.6726384364820847 0.09714285714285714 0.08143322475570032
0 0.6161904761904762 0.6335504885993485 0.08761904761904762 0.12052117263843648
2 0.30714285714285716 0.8697068403908795 0.15904761904761905 0.21498371335504887
1 0.17666666666666667 0.027035830618892507 0.06380952380952382 0.020195439739413682
1 0.39714285714285713 0.025407166123778503 0.13904761904761906 0.019543973941368076
1 0.679047619047619 0.029315960912052116 0.13714285714285715 0.015635179153094463
1 0.15619047619047619 0.6348534201954398 0.13904761904761906 0.020195439739413682
1 0.7533333333333333 0.637785016286645 0.16380952380952382 0.018241042345276872
2 0.6176190476190476 0.19153094462540718 0.5780952380952381 0.31530944625407165
2 0.4080952380952381 0.13973941368078177 0.3076190476190476 0.20912052117263843
2 0.21142857142857144 0.18827361563517916 0.22666666666666666 0.31530944625407165
2 0.2357142857142857 0.48697068403908794 0.3 0.2716612377850163
0 0.3519047619047619 0.4263843648208469 0.08857142857142856 0.05667752442996743
0 0.46714285714285714 0.2791530944625407 0.08285714285714285 0.06319218241042346
0 0.5671428571428572 0.28436482084690556 0.09238095238095238 0.05667752442996743
0 0.3676190476190476 0.2798045602605863 0.07809523809523809 0.04495114006514658
0 0.20952380952380953 0.18371335504885994 0.07047619047619047 0.046905537459283386
0 0.43666666666666665 0.5478827361563517 0.08476190476190476 0.05993485342019544
0 0.4328571428571429 0.8003257328990228 0.09238095238095238 0.05276872964169381