2 0.6816326530612244 0.23133047210300428 0.30612244897959184 0.37510729613733906
2 0.32040816326530613 0.47639484978540775 0.39591836734693875 0.8566523605150215
2 0.2571428571428571 0.5472103004291845 0.26326530612244897 0.24120171673819743
2 0.2566326530612245 0.7896995708154506 0.25816326530612244 0.22832618025751072
2 0.9066326530612245 0.10858369098712446 0.09693877551020408 0.13819742489270387
1 0.8489795918367347 0.26995708154506437 0.024489795918367346 0.14163090128755365
1 0.11020408163265306 0.1849785407725322 0.02857142857142857 0.10042918454935622
1 0.1096938775510204 0.5622317596566524 0.025510204081632654 0.10643776824034334
1 0.10918367346938776 0.8081545064377682 0.030612244897959183 0.10214592274678111
0 0.47551020408163264 0.9459227467811159 0.07959183673469387 0.08240343347639485
0 0.4306122448979592 0.8248927038626609 0.0836734693877551 0.061802575107296136
0 0.4316326530612245 0.5841201716738197 0.09183673469387756 0.06781115879828326
0 0.4698979591836735 0.23047210300429186 0.07040816326530612 0.07639484978540773
0 0.561734693877551 0.3090128755364807 0.10306122448979592 0.12703862660944207
0 0.8806122448979592 0.11416309012875536 0.09795918367346938 0.06351931330472103