1 0.06657088122605365 0.09417040358744394 0.037994891443167304 0.021780909673286355
1 0.11558109833971902 0.09288917360666239 0.03959131545338442 0.024343369634849454
1 0.16602809706257982 0.09417040358744394 0.0351213282247765 0.020499679692504803
1 0.21024904214559387 0.09481101857783472 0.035440613026819924 0.026905829596412557
1 0.037675606641123884 0.4481101857783472 0.010855683269476373 0.07623318385650224
1 0.23547254150702426 0.39814221652786674 0.011174968071519796 0.08648302370275464
1 0.28065134099616856 0.4535554131966688 0.0491698595146871 0.03074951953875721
1 0.48116219667943805 0.5336322869955157 0.008301404853128991 0.14349775784753363
1 0.33045977011494254 0.452914798206278 0.019157088122605363 0.021780909673286355
1 0.3598339719029374 0.45259449071108265 0.028735632183908046 0.02242152466367713
1 0.037994891443167304 0.6178731582319026 0.010855683269476373 0.03139013452914798
1 0.03735632183908046 0.7415118513773222 0.010855683269476373 0.0980140935297886
1 0.5130906768837803 0.7283792440743113 0.010855683269476373 0.10506085842408712
1 0.730683269476373 0.7879564381806534 0.008620689655172414 0.023062139654067906
1 0.7460089399744572 0.7866752081998719 0.006704980842911878 0.019218449711723255
1 0.7983716475095786 0.7860345932094811 0.020753512132822477 0.017937219730941704
1 0.8271072796934866 0.7866752081998719 0.022669220945083016 0.023062139654067906
1 0.513250319284802 0.5538116591928252 0.01053639846743295 0.08263933376041
1 0.5127713920817369 0.37315823190262654 0.01277139208173691 0.108263933376041
1 0.5375159642401022 0.09385009609224856 0.037994891443167304 0.024983984625240232
1 0.5818965517241379 0.09641255605381166 0.037994891443167304 0.02242152466367713
1 0.6767241379310345 0.09288917360666239 0.07822477650063857 0.024343369634849454
1 0.7164750957854407 0.3488148622677771 0.01277139208173691 0.08263933376041
1 0.7533524904214559 0.4606021780909673 0.04821200510855683 0.024343369634849454
1 0.8143358876117497 0.45932094811018576 0.04310344827586207 0.019218449711723255
2 0.7848020434227331 0.3763613068545804 0.12835249042145594 0.1492632927610506
0 0.6060025542784163 0.6418962203715567 0.028735632183908046 0.049967969250480464
0 0.6408045977011494 0.6367713004484304 0.024265644955300127 0.05509288917360666
0 0.7032247765006385 0.5816784112748238 0.025223499361430396 0.05253042921204356
0 0.6168582375478927 0.0720691864189622 0.02362707535121328 0.060858424087123636
0 0.8212005108556832 0.6415759128763613 0.03065134099616858 0.05060858424087124
0 0.7962962962962963 0.7065983344010249 0.021711366538952746 0.049967969250480464
0 0.6690613026819924 0.8119795003203075 0.028416347381864625 0.05957719410634209
0 0.33780332056194123 0.6463805253042921 0.02554278416347382 0.05253042921204356
0 0.27554278416347383 0.6418962203715567 0.024265644955300127 0.053811659192825115
0 0.20019157088122605 0.4304932735426009 0.02681992337164751 0.057655349135169766
0 0.24936143039591316 0.3244714926329276 0.030012771392081736 0.04035874439461883
0 0.11446360153256704 0.3846893017296605 0.025223499361430396 0.05573350416399744
2 0.1361749680715198 0.25432415118513774 0.19061302681992337 0.29596412556053814
2 0.3484993614303959 0.732222934016656 0.06864623243933589 0.09609224855861627
2 0.3457854406130268 0.5387572069186419 0.06960408684546615 0.15631005765534914
2 0.2717113665389527 0.5393978219090326 0.07471264367816093 0.15374759769378604
2 0.06992337164750957 0.5307495195387572 0.05874840357598978 0.24023062139654067
2 0.21264367816091953 0.6326073030108904 0.33780332056194123 0.44010249839846255
2 0.25255427841634737 0.7021140294682896 0.033205619412515965 0.04228058936579116
2 0.4332694763729246 0.568545803971813 0.08876117496807152 0.3401665598975016
2 0.913154533844189 0.6098654708520179 0.11494252873563218 0.4740550928891736
2 0.8004469987228607 0.7508007687379885 0.02937420178799489 0.04484304932735426
2 0.7859195402298851 0.6207559256886611 0.13952745849297574 0.3074951953875721
2 0.6138250319284803 0.438821268417681 0.19444444444444445 0.672645739910314
2 0.5644955300127714 0.5486867392696989 0.09578544061302682 0.16335682254964767
2 0.5577905491698595 0.7370275464445868 0.08684546615581099 0.2005124919923126
2 0.6534163473818646 0.8212684176809737 0.08971902937420179 0.06278026905829596