2 0.750210970464135 0.7441471571906354 0.39662447257383965 0.3110367892976589
2 0.7367088607594937 0.4523411371237458 0.3831223628691983 0.2608695652173913
2 0.7869198312236287 0.17600334448160534 0.2911392405063291 0.2817725752508361
2 0.5489451476793249 0.1701505016722408 0.17468354430379746 0.28846153846153844
2 0.370042194092827 0.12081939799331104 0.1881856540084388 0.18311036789297658
2 0.19535864978902953 0.6258361204013378 0.3232067510548523 0.298494983277592
2 0.22531645569620254 0.8524247491638796 0.2919831223628692 0.14130434782608695
2 0.4122362869198312 0.560200668896321 0.25738396624472576 0.7090301003344481
1 0.289873417721519 0.20944816053511706 0.04135021097046414 0.042642140468227424
1 0.31856540084388185 0.28595317725752506 0.04472573839662447 0.03511705685618729
1 0.30928270042194095 0.354933110367893 0.04472573839662447 0.04598662207357859
1 0.9409282700421941 0.18311036789297658 0.03375527426160337 0.13377926421404682
1 0.9434599156118143 0.43812709030100333 0.04725738396624472 0.13879598662207357
1 0.9590717299578059 0.6655518394648829 0.0751054852320675 0.06856187290969899
1 0.9755274261603376 0.7449832775919732 0.048945147679324896 0.09364548494983277
1 0.9561181434599156 0.8139632107023411 0.060759493670886074 0.06270903010033445
1 0.05485232067510549 0.669732441471572 0.04050632911392405 0.09197324414715718
1 0.05949367088607595 0.830267558528428 0.039662447257383965 0.05016722408026756
0 0.09620253164556962 0.5317725752508361 0.14177215189873418 0.1354515050167224
0 0.12067510548523207 0.737876254180602 0.07257383966244725 0.05100334448160535
0 0.09746835443037975 0.8946488294314381 0.04472573839662447 0.046822742474916385
0 0.2569620253164557 0.5167224080267558 0.04810126582278481 0.043478260869565216
0 0.3371308016877637 0.47575250836120403 0.06329113924050633 0.09698996655518395
0 0.79957805907173 0.2976588628762542 0.0919831223628692 0.07190635451505016
0 0.6974683544303798 0.5677257525083612 0.09873417721518987 0.056856187290969896
0 0.5645569620253165 0.7445652173913043 0.0759493670886076 0.09113712374581939
0 0.4012658227848101 0.8214882943143813 0.08691983122362869 0.0677257525083612
0 0.42278481012658226 0.9239130434782609 0.060759493670886074 0.1505016722408027
0 0.43333333333333335 0.2399665551839465 0.04810126582278481 0.05016722408026756
0 0.41561181434599154 0.2830267558528428 0.06329113924050633 0.05100334448160535