1 0.9305804907241173 0.3793248945147679 0.020347097546379412 0.15443037974683543
1 0.9284859365649312 0.6270042194092827 0.019748653500897665 0.14345991561181434
1 0.22980251346499103 0.6341772151898735 0.016756433273488927 0.16455696202531644
2 0.1699581089168163 0.3206751054852321 0.10652304009575105 0.32236286919831225
1 0.23159784560143626 0.3059071729957806 0.019150209455415918 0.1729957805907173
2 0.4018551765409934 0.47257383966244726 0.3249551166965889 0.6345991561181434
2 0.5712148414123279 0.5810126582278481 0.24356672651107122 0.4312236286919831
2 0.7959305804907241 0.6464135021097046 0.2537402752842609 0.290295358649789
2 0.793836026331538 0.3291139240506329 0.25314183123877915 0.3392405063291139
2 0.616098144823459 0.2616033755274262 0.09874326750448834 0.2109704641350211
2 0.5077797725912627 0.6839662447257384 0.11071214841412327 0.20337552742616033
0 0.5104727707959306 0.5573839662447257 0.045481747456612806 0.06666666666666667
0 0.22471573907839618 0.43333333333333335 0.08677438659485338 0.06666666666666667
0 0.6241771394374626 0.3983122362869198 0.04428485936564931 0.07257383966244725
0 0.5469778575703171 0.43333333333333335 0.052663076002393776 0.08860759493670886
0 0.6846199880311191 0.4282700421940928 0.045481747456612806 0.06160337552742616
0 0.6840215439856373 0.5755274261603376 0.05385996409335727 0.06413502109704641
0 0.6169958108916817 0.8084388185654009 0.0466786355475763 0.10970464135021098
0 0.42998204667863554 0.5443037974683544 0.05206463195691203 0.05738396624472574