2 0.3238341968911917 0.13066776586974443 0.4637305699481865 0.16735366859027206
1 0.2914507772020725 0.22588623248145095 0.2694300518134715 0.02967848309975268
1 0.7085492227979274 0.22753503709810388 0.19689119170984457 0.031327287716405604
1 0.2603626943005181 0.8775762572135202 0.19170984455958548 0.02720527617477329
2 0.32124352331606215 0.5519373454245672 0.4689119170984456 0.6257213520197856
2 0.7338082901554405 0.7654575432811211 0.3173575129533679 0.17724649629018963
2 0.7648963730569949 0.5993404781533388 0.23704663212435234 0.12530915086562242
2 0.7286269430051814 0.3829348722176422 0.3329015544041451 0.2827699917559769
0 0.49287564766839376 0.22753503709810388 0.13082901554404144 0.15663643858202803
0 0.6178756476683938 0.4336356141797197 0.13989637305699482 0.06760098928276999
0 0.7046632124352331 0.6962077493816983 0.08549222797927461 0.06677658697444352
0 0.5110103626943006 0.7102225886232482 0.13082901554404144 0.08161582852431987
0 0.48575129533678757 0.8042044517724649 0.13471502590673576 0.0898598516075845
0 0.47603626943005184 0.9196207749381698 0.14378238341968913 0.11129431162407255
1 0.6832901554404145 0.8726298433635614 0.04792746113989637 0.030502885408079144