1 0.2295623451692816 0.12828535669586985 0.16680429397192403 0.03379224030037547
1 0.9508670520231214 0.700250312891114 0.028901734104046242 0.2490613266583229
1 0.10611065235342693 0.6645807259073843 0.018992568125516102 0.060075093867334166
2 0.17630057803468208 0.7115143929912391 0.11973575557390587 0.2590738423028786
2 0.3175061932287366 0.7734668335419274 0.14781172584640792 0.1276595744680851
2 0.8947151114781172 0.3379224030037547 0.11643270024772914 0.3904881101376721
2 0.5272502064409579 0.49436795994993743 0.8232865400495458 0.6958698372966208
0 0.8336085879438481 0.490613266583229 0.14285714285714285 0.10513141426783479
0 0.26383154417836496 0.6476846057571964 0.058629232039636665 0.0688360450563204
0 0.3307184145334434 0.6708385481852316 0.05037159372419488 0.08260325406758448
0 0.44591246903385634 0.8479349186483104 0.07431874483897605 0.23654568210262827