1 0.35899731423455683 0.035416666666666666 0.12533572068039392 0.0625
1 0.4991047448522829 0.034722222222222224 0.06893464637421665 0.06388888888888888
1 0.7059086839749329 0.03333333333333333 0.11727842435094002 0.06388888888888888
1 0.15443151298119964 0.7854166666666667 0.20501342882721577 0.03194444444444444
2 0.17860340196956132 0.8902777777777777 0.3375111906893465 0.18611111111111112
2 0.5152193375111906 0.21319444444444444 0.1423455684870188 0.30694444444444446
2 0.477170993733214 0.41180555555555554 0.873769024171889 0.7069444444444445
2 0.5420769919427036 0.4756944444444444 0.19247985675917637 0.16527777777777777
2 0.7551477170993733 0.3076388888888889 0.3213965980304387 0.5097222222222222
0 0.5555058191584602 0.6069444444444444 0.05461056401074306 0.08611111111111111
0 0.2981199641897941 0.8291666666666667 0.06803939122649955 0.14166666666666666
0 0.6951656222023277 0.6131944444444445 0.06714413607878246 0.11805555555555555
0 0.8325872873769025 0.7881944444444444 0.06982990152193375 0.23472222222222222