2 0.8063209076175041 0.2978369384359401 0.34035656401944897 0.41264559068219636
2 0.5773905996758509 0.20715474209650583 0.09805510534846029 0.22462562396006655
2 0.5445705024311183 0.4475873544093178 0.8541329011345219 0.6988352745424293
2 0.0547001620745543 0.22961730449251247 0.08022690437601297 0.33943427620632277
0 0.1166936790923825 0.17637271214642264 0.1085899513776337 0.10981697171381032
0 0.5996758508914101 0.38186356073211314 0.05186385737439222 0.14143094841930118
0 0.6624797406807131 0.4059900166389351 0.06239870340356564 0.11647254575707154
0 0.5542949756888168 0.6189683860232945 0.04051863857374392 0.07653910149750416
0 0.6458670988654781 0.8710482529118136 0.05348460291734198 0.15806988352745424
1 0.9809562398703403 0.259567387687188 0.02025931928687196 0.21630615640599002
1 0.9846029173419774 0.6405990016638935 0.02593192868719611 0.15973377703826955
1 0.10737439222042139 0.3793677204658902 0.02674230145867099 0.26622296173044924