2 0.8437892095357591 0.7835344215755855 0.1806775407779172 0.24698367636621718
2 0.8415934755332497 0.20546486870120653 0.17754077791718947 0.2945351312987935
2 0.7283563362609786 0.39460610361958837 0.4077791718946048 0.6643009226401704
2 0.6882057716436637 0.5227111426543648 0.12170639899623588 0.10716820440028389
2 0.6722082810539524 0.6195883605393896 0.10351317440401506 0.05535841022001419
2 0.3290464240903388 0.3594748048261178 0.37578419071518193 0.18523775727466288
2 0.46329987452948557 0.15152590489709014 0.0821831869510665 0.2036905606813343
1 0.9407151819322459 0.7916962384669979 0.02070263488080301 0.12845990063875087
1 0.9404015056461732 0.5734563520227112 0.01631116687578419 0.07097232079488999
1 0.9385194479297365 0.4528034066713982 0.01631116687578419 0.0880056777856636
1 0.8095984943538268 0.050390347764371894 0.11606022584692598 0.0227111426543648
1 0.5605395232120451 0.053584102200141946 0.04956085319949812 0.016323633782824698
1 0.13111668757841907 0.3644428672817601 0.015056461731493099 0.10149041873669269
1 0.5112923462986199 0.12916962384669978 0.018820577164366373 0.14620298083747338
0 0.5392095357590966 0.42902767920511 0.055834378920953574 0.053229240596167494
0 0.5134880803011292 0.22498225691980128 0.09974905897114178 0.06245564229950319
0 0.7826223337515684 0.6320085166784953 0.04454203262233375 0.051809794180269694
0 0.7722710163111669 0.5220014194464159 0.0451693851944793 0.044712562100780694
0 0.7807402760351317 0.3356990773598297 0.04830614805520703 0.05961674946770759
0 0.5508155583437893 0.7388218594748048 0.043914680050188205 0.12207239176721078
0 0.671267252195734 0.6753016323633783 0.030112923462986198 0.047551454932576294
0 0.7314930991217063 0.7001419446415897 0.05897114178168131 0.057487579843860895
0 0.4538895859473024 0.42086586231369766 0.035759096612296114 0.0454222853087296