1 0.6129032258064516 0.0989282769991756 0.12473118279569892 0.02967848309975268
1 0.8275985663082437 0.09563066776586975 0.13405017921146953 0.021434460016488046
1 0.6365591397849463 0.8305853256389117 0.15770609318996415 0.023907666941467436
1 0.8777777777777778 0.8318219291014015 0.11397849462365592 0.026380873866446827
1 0.14193548387096774 0.8281121187139324 0.12616487455197134 0.018961253091508656
2 0.11720430107526882 0.44352844187963725 0.1053763440860215 0.12695795548227534
2 0.2684587813620072 0.44064303380049463 0.18853046594982079 0.13437757625721353
2 0.4157706093189964 0.4460016488046167 0.1060931899641577 0.1368507831821929
2 0.3648745519713262 0.5985160758450123 0.22078853046594982 0.1665292662819456
2 0.2924731182795699 0.7568013190436933 0.07598566308243727 0.13190436933223412
2 0.4014336917562724 0.7518549051937345 0.13906810035842293 0.1483924154987634
2 0.2630824372759857 0.9060181368507831 0.41863799283154124 0.13190436933223412
2 0.15089605734767025 0.6644682605111294 0.2014336917562724 0.3033800494641385
2 0.7412186379928315 0.8915910964550701 0.4129032258064516 0.09315746084089035
2 0.8831541218637993 0.7518549051937345 0.13763440860215054 0.13520197856553998
2 0.7408602150537634 0.6438582028029678 0.41792114695340504 0.3446001648804617
2 0.8817204301075269 0.5115416323165705 0.13189964157706094 0.07337180544105523
2 0.8451612903225807 0.2906018136850783 0.196415770609319 0.3602638087386645
2 0.6329749103942652 0.2901896125309151 0.2021505376344086 0.3660346248969497
2 0.603584229390681 0.421681780708986 0.14336917562724014 0.08821104699093157
0 0.706810035842294 0.10511129431162407 0.05591397849462366 0.14097279472382523
0 0.7082437275985664 0.43899422918384173 0.05734767025089606 0.0717230008244023
0 0.6440860215053763 0.4060181368507832 0.06379928315412187 0.05193734542456719
0 0.7752688172043011 0.44064303380049463 0.05806451612903226 0.07007419620774938
0 0.8817204301075269 0.5807914262159934 0.05448028673835126 0.07666941467436109
0 0.3992831541218638 0.544517724649629 0.05591397849462366 0.0717230008244023
0 0.2878136200716846 0.5441055234954658 0.055197132616487454 0.07089859851607584
0 0.1949820788530466 0.4802143446001649 0.05591397849462366 0.055234954657873044
0 0.22043010752688172 0.6215993404781534 0.06666666666666667 0.06760098928276999
0 0.28745519713261647 0.717230008244023 0.06451612903225806 0.07089859851607584
0 0.2903225806451613 0.8639736191261336 0.07311827956989247 0.08738664468260511
0 0.7487455197132616 0.8285243198680956 0.06666666666666667 0.15169002473206925