2 0.14250814332247558 0.26420454545454547 0.15146579804560262 0.29545454545454547
2 0.42752442996742673 0.24384469696969696 0.38762214983713356 0.33238636363636365
2 0.4165309446254072 0.5757575757575758 0.36563517915309446 0.29924242424242425
2 0.6608306188925082 0.5980113636363636 0.20765472312703584 0.5104166666666666
2 0.8249185667752443 0.7916666666666666 0.1270358306188925 0.14015151515151514
2 0.8253257328990228 0.5672348484848485 0.11319218241042345 0.29545454545454547
2 0.75 0.24526515151515152 0.255700325732899 0.3428030303030303
0 0.5826547231270358 0.3508522727272727 0.08550488599348534 0.12026515151515152
0 0.6718241042345277 0.3494318181818182 0.09120521172638436 0.11742424242424243
0 0.5912052117263844 0.5232007575757576 0.08631921824104234 0.07859848484848485
0 0.7288273615635179 0.5284090909090909 0.07980456026058631 0.08901515151515152
0 0.6966612377850163 0.8697916666666666 0.07084690553745929 0.19412878787878787
0 0.7422638436482085 0.7589962121212122 0.0741042345276873 0.08617424242424243
0 0.18933224755700326 0.3475378787878788 0.09364820846905537 0.10606060606060606
1 0.2284201954397394 0.22301136363636365 0.023615635179153095 0.16761363636363635
1 0.2280130293159609 0.5790719696969697 0.019543973941368076 0.19602272727272727
1 0.742671009771987 0.06676136363636363 0.13680781758957655 0.023674242424242424