2 0.5073349633251834 0.13230429988974643 0.48166259168704156 0.26350606394707826
2 0.4125916870415648 0.3952590959206174 0.26405867970660146 0.24255788313120177
2 0.6448655256723717 0.39057331863285555 0.18581907090464547 0.2398015435501654
2 0.43337408312958436 0.6849503858875413 0.30073349633251834 0.3169790518191841
2 0.3132640586797066 0.727122381477398 0.054400977995110025 0.08158765159867695
2 0.38325183374083127 0.7276736493936052 0.07823960880195599 0.08489525909592062
2 0.3487163814180929 0.8076074972436604 0.13141809290953546 0.05181918412348401
2 0.6720660146699267 0.840683572216097 0.15097799511002444 0.1378169790518192
2 0.6656479217603912 0.7174751929437707 0.16014669926650366 0.07552370452039692
2 0.6451711491442543 0.5972987872105844 0.18887530562347188 0.15490628445424476
0 0.48655256723716384 0.24255788313120177 0.05990220048899755 0.06284454244762955
0 0.5754889975550123 0.6306504961411246 0.07029339853300734 0.05181918412348401
0 0.659841075794621 0.6576626240352812 0.0421760391198044 0.044101433296582136
0 0.3698044009779951 0.6604189636163176 0.05378973105134474 0.04520396912899669
0 0.3102078239608802 0.7070011025358324 0.053178484107579464 0.050165380374862185
0 0.3108190709046455 0.7976846747519294 0.0519559902200489 0.05733186328555678
0 0.5672371638141809 0.88257993384785 0.05867970660146699 0.04851157662624035
1 0.36735941320293397 0.2703969128996692 0.11491442542787286 0.009371554575523704
1 0.6194987775061125 0.2643329658213892 0.10452322738386308 0.011576626240352812
1 0.3456601466992665 0.8453693495038589 0.13753056234718827 0.014884233737596472
1 0.49786063569682154 0.8442668136714443 0.10819070904645477 0.019294377067254686