2 0.26062717770034843 0.2282798833819242 0.41672473867595816 0.3900874635568513
0 0.1989547038327526 0.3629737609329446 0.29198606271777006 0.13119533527696792
0 0.26236933797909406 0.6443148688046647 0.4132404181184669 0.4128279883381924
0 0.11846689895470383 0.8107871720116618 0.11986062717770035 0.0728862973760933
0 0.11149825783972125 0.9142857142857143 0.13658536585365855 0.10612244897959183
1 0.16097560975609757 0.43498542274052476 0.10452961672473868 0.015160349854227406
1 0.3693379790940767 0.4329446064139942 0.10313588850174216 0.016909620991253645
1 0.6487804878048781 0.4317784256559767 0.09059233449477352 0.01924198250728863
1 0.8686411149825783 0.4358600583090379 0.08292682926829269 0.014577259475218658
1 0.7829268292682927 0.8580174927113703 0.06620209059233449 0.016909620991253645
1 0.6393728222996515 0.8568513119533527 0.049477351916376304 0.008746355685131196
0 0.22926829268292684 0.7947521865889213 0.05853658536585366 0.060641399416909623
0 0.23031358885017422 0.8775510204081632 0.049477351916376304 0.052478134110787174
0 0.2038327526132404 0.9317784256559767 0.06062717770034843 0.03498542274052478
0 0.7184668989547038 0.6988338192419825 0.0529616724738676 0.04839650145772595
0 0.7905923344947735 0.6979591836734694 0.06062717770034843 0.05481049562682216
0 0.29024390243902437 0.41603498542274053 0.06062717770034843 0.053061224489795916
0 0.156794425087108 0.7932944606413994 0.05714285714285714 0.044897959183673466
2 0.6418118466898954 0.5775510204081633 0.2062717770034843 0.280466472303207
2 0.8501742160278746 0.5737609329446064 0.19790940766550522 0.28221574344023326
2 0.7456445993031359 0.7842565597667639 0.4097560975609756 0.1306122448979592