2 0.23575129533678757 0.20087336244541484 0.1070811744386874 0.1965065502183406
2 0.47668393782383417 0.2052401746724891 0.36614853195164077 0.1812227074235808
2 0.7957685664939551 0.2925764192139738 0.25129533678756477 0.3624454148471616
2 0.7966321243523317 0.6795851528384279 0.25302245250431776 0.37882096069869
2 0.4261658031088083 0.5895196506550219 0.47063903281519864 0.5611353711790393
2 0.10751295336787564 0.31877729257641924 0.12867012089810018 0.4104803493449782
1 0.17184801381692574 0.2663755458515284 0.018998272884283247 0.056768558951965066
1 0.1800518134715026 0.45141921397379914 0.02158894645941278 0.07969432314410481
1 0.1800518134715026 0.6730349344978166 0.023316062176165803 0.1888646288209607
1 0.9360967184801382 0.7052401746724891 0.02936096718480138 0.18995633187772926
1 0.9339378238341969 0.28602620087336245 0.02849740932642487 0.15938864628820962
0 0.3130397236614853 0.2576419213973799 0.05785837651122625 0.05895196506550218
0 0.32728842832469773 0.32914847161572053 0.055267702936096716 0.07969432314410481
0 0.17832469775474957 0.3728165938864629 0.15112262521588946 0.0906113537117904
0 0.6139896373056994 0.3395196506550218 0.055267702936096716 0.10043668122270742
0 0.6925734024179621 0.42958515283842796 0.07081174438687392 0.08624454148471616
0 0.6973229706390328 0.601528384279476 0.07167530224525043 0.08078602620087336
0 0.6113989637305699 0.8831877729257642 0.07426597582037997 0.19213973799126638