2 0.18315889628924834 0.25 0.2654614652711703 0.37628865979381443
2 0.8962892483349191 0.24845360824742269 0.13701236917221693 0.37731958762886597
2 0.4966698382492864 0.46804123711340206 0.6298763082778306 0.8185567010309278
2 0.6232159847764034 0.5963917525773196 0.37678401522359656 0.3020618556701031
2 0.181255946717412 0.25257731958762886 0.27117031398667935 0.3752577319587629
2 0.14462416745956233 0.4984536082474227 0.15794481446241673 0.10206185567010309
2 0.1379638439581351 0.6443298969072165 0.1807802093244529 0.17525773195876287
1 0.8206470028544244 0.20309278350515464 0.023786869647954328 0.2
1 0.8244529019980971 0.5829896907216495 0.01807802093244529 0.1865979381443299
1 0.20647002854424357 0.04639175257731959 0.1598477640342531 0.026804123711340205
0 0.2787821122740247 0.40824742268041236 0.08372978116079924 0.09484536082474226
0 0.25451950523311134 0.5010309278350515 0.0675547098001903 0.06391752577319587
0 0.2588011417697431 0.677319587628866 0.06279733587059944 0.061855670103092786
0 0.2944814462416746 0.8809278350515464 0.07897240723120837 0.18453608247422681
0 0.467174119885823 0.49536082474226806 0.08753568030447194 0.0711340206185567
0 0.7925784966698383 0.36907216494845363 0.09514747859181731 0.08453608247422681