2 0.24013157894736842 0.146455223880597 0.3671052631578947 0.22388059701492538
2 0.33223684210526316 0.45149253731343286 0.5223684210526316 0.333955223880597
2 0.40131578947368424 0.7761194029850746 0.6631578947368421 0.30223880597014924
2 0.7677631578947368 0.6805037313432836 0.325 0.14272388059701493
2 0.8421052631578947 0.840018656716418 0.1736842105263158 0.146455223880597
2 0.7789473684210526 0.439365671641791 0.3526315789473684 0.31156716417910446
0 0.37105263157894736 0.2719216417910448 0.11578947368421053 0.1875
1 0.22105263157894736 0.2728544776119403 0.16842105263157894 0.02332089552238806
1 0.5223684210526316 0.2756529850746269 0.14210526315789473 0.03451492537313433
1 0.6875 0.27611940298507465 0.16447368421052633 0.03917910447761194
0 0.6519736842105263 0.49906716417910446 0.13289473684210526 0.08395522388059702
0 0.5427631578947368 0.7005597014925373 0.13026315789473683 0.08395522388059702
0 0.7986842105263158 0.7364738805970149 0.07631578947368421 0.0625
0 0.4901315789473684 0.8465485074626866 0.07763157894736843 0.04757462686567164
0 0.5381578947368421 0.9067164179104478 0.11315789473684211 0.13432835820895522