2 0.0837037037037037 0.3024390243902439 0.1037037037037037 0.40487804878048783
2 0.4159259259259259 0.4195121951219512 0.5237037037037037 0.6439024390243903
2 0.3511111111111111 0.7097560975609756 0.397037037037037 0.36829268292682926
2 0.7177777777777777 0.6542682926829269 0.07851851851851852 0.17926829268292682
2 0.8651851851851852 0.6359756097560976 0.2 0.20853658536585365
2 0.8218518518518518 0.3018292682926829 0.2762962962962963 0.4060975609756098
2 0.6148148148148148 0.17378048780487804 0.12 0.1475609756097561
0 0.6248148148148148 0.28597560975609754 0.05407407407407407 0.08658536585365853
0 0.11481481481481481 0.4121951219512195 0.07555555555555556 0.08292682926829269
0 0.5118518518518519 0.6798780487804879 0.08148148148148149 0.11585365853658537
0 0.6277777777777778 0.7548780487804878 0.07481481481481482 0.2658536585365854
0 0.6544444444444445 0.6420731707317073 0.05555555555555555 0.09878048780487805
1 0.9666666666666667 0.5640243902439024 0.016296296296296295 0.0524390243902439
1 0.9674074074074074 0.36402439024390243 0.02074074074074074 0.2841463414634146
1 0.1451851851851852 0.23597560975609755 0.01925925925925926 0.26951219512195124
1 0.14222222222222222 0.7335365853658536 0.017777777777777778 0.23780487804878048