2 0.26965466568699487 0.4241536458333333 0.42027920646583394 0.583984375
2 0.42321822189566494 0.8942057291666666 0.12049963262307127 0.158203125
2 0.42211609110947834 0.64453125 0.1109478324761205 0.140625
2 0.42799412196914033 0.529296875 0.115356355620867 0.08072916666666667
2 0.4254224834680382 0.4208984375 0.10874357090374724 0.12434895833333333
2 0.31373989713445993 0.6793619791666666 0.09845701689933872 0.07356770833333333
2 0.7417340191036003 0.07421875 0.1535635562086701 0.10546875
2 0.6480529022777369 0.24674479166666666 0.213078618662748 0.22526041666666666
2 0.8614988978692139 0.24479166666666666 0.18589272593681117 0.22526041666666666
2 0.8148420279206466 0.4287109375 0.28655400440852313 0.12825520833333334
2 0.5995591476855253 0.5 0.1293166789125643 0.19270833333333334
2 0.6032329169728141 0.6575520833333334 0.1337252020573108 0.11328125
2 0.8199853049228508 0.603515625 0.2689199118295371 0.22265625
1 0.39897134459955913 0.12760416666666666 0.13225569434239529 0.024739583333333332
1 0.6080088170462895 0.1279296875 0.08302718589272594 0.014973958333333334
1 0.8644379132990448 0.13053385416666666 0.08302718589272594 0.020182291666666668
1 0.7972079353416606 0.7197265625 0.0881704628949302 0.016276041666666668
1 0.6080088170462895 0.7242838541666666 0.07127112417340191 0.014973958333333334
1 0.5271858927259369 0.51171875 0.018368846436443792 0.0390625
1 0.5260837619397501 0.3434244791666667 0.024981631153563555 0.044921875
1 0.050698016164584865 0.3824869791666667 0.019103600293901544 0.12955729166666666
1 0.15393093313739897 0.7216796875 0.08302718589272594 0.020182291666666668
0 0.32733284349742836 0.87109375 0.07567964731814843 0.05859375
0 0.3085966201322557 0.7431640625 0.07200587803085966 0.06966145833333333
0 0.3038207200587803 0.6178385416666666 0.04775900073475386 0.057291666666666664
0 0.34129316678912563 0.6057942708333334 0.055106539309331376 0.056640625
0 0.3434974283614989 0.541015625 0.04775900073475386 0.046875
0 0.3471711976487877 0.3990885416666667 0.050698016164584865 0.044270833333333336
0 0.23989713445995592 0.13020833333333334 0.06245407788390889 0.11328125
0 0.7240999265246143 0.1328125 0.06245407788390889 0.11197916666666667
0 0.7994121969140338 0.3424479166666667 0.05437178545187362 0.05078125
0 0.7079353416605437 0.3841145833333333 0.05657604702424688 0.057291666666666664
0 0.695444526083762 0.4651692708333333 0.055106539309331376 0.034505208333333336
0 0.7604702424687729 0.5146484375 0.06318883174136664 0.050130208333333336
0 0.641807494489346 0.5768229166666666 0.04188096987509184 0.0390625