2 0.11576053756872327 0.23032258064516128 0.19242516799022602 0.3032258064516129
2 0.1301160659743433 0.6251612903225806 0.1893708002443494 0.4012903225806452
2 0.515271838729383 0.4735483870967742 0.5589492974954184 0.7225806451612903
2 0.889431887599267 0.707741935483871 0.16615760537568725 0.2335483870967742
2 0.8839340256566891 0.35419354838709677 0.16737935247403787 0.4838709677419355
2 0.5708613317043372 0.7141935483870968 0.1240073304825901 0.23096774193548386
2 0.41539401343921806 0.7058064516129032 0.17593158216249236 0.22193548387096773
2 0.28222357971899814 0.7064516129032258 0.08063530849114234 0.2103225806451613
1 0.3420891875381796 0.09096774193548388 0.10995723885155773 0.04258064516129032
1 0.4853390348197923 0.09161290322580645 0.11056811240073305 0.04903225806451613
1 0.6554673182651192 0.09032258064516129 0.09040928527794746 0.04903225806451613
1 0.746487477092242 0.09225806451612903 0.02565668906536347 0.05032258064516129
1 0.8564447159437997 0.08903225806451613 0.09529627367135003 0.04129032258064516
0 0.8955406230910201 0.5348387096774193 0.05497861942577886 0.14580645161290323
0 0.5329871716554673 0.66 0.07391569945021381 0.12
0 0.5537568723274282 0.8309677419354838 0.06047648136835675 0.2761290322580645
0 0.3509468540012217 0.6625806451612903 0.05925473427000611 0.11483870967741935
0 0.18601099572388516 0.30516129032258066 0.06291997556505803 0.11741935483870967
0 0.20525351252290777 0.48451612903225805 0.06108735491753207 0.13548387096774195
1 0.11240073304825901 0.39806451612903226 0.09773976786805132 0.05548387096774193
1 0.22480146609651802 0.19096774193548388 0.023213194868662187 0.06709677419354838