2 0.18201376936316696 0.2764367816091954 0.2693631669535284 0.46091954022988507
2 0.5753012048192772 0.27816091954022987 0.48967297762478484 0.45057471264367815
2 0.9044750430292599 0.28563218390804596 0.14113597246127366 0.45632183908045976
2 0.6222030981067126 0.6977011494252874 0.3993115318416523 0.3632183908045977
2 0.32487091222030984 0.6954022988505747 0.16781411359724613 0.367816091954023
2 0.13855421686746988 0.6281609195402299 0.18932874354561102 0.2264367816091954
2 0.13898450946643717 0.8114942528735632 0.18330464716006883 0.13333333333333333
0 0.3661790017211704 0.4735632183908046 0.07314974182444062 0.10344827586206896
0 0.27925989672977625 0.4724137931034483 0.05421686746987952 0.0896551724137931
0 0.7895869191049913 0.40344827586206894 0.07487091222030981 0.0896551724137931
0 0.8644578313253012 0.4051724137931034 0.0783132530120482 0.09310344827586207
0 0.4457831325301205 0.5735632183908046 0.0757314974182444 0.08275862068965517
0 0.27323580034423406 0.6270114942528736 0.08003442340791739 0.09540229885057472
0 0.26592082616179 0.7896551724137931 0.0774526678141136 0.08275862068965517
0 0.29130808950086057 0.8982758620689655 0.06970740103270223 0.19885057471264367
1 0.17426850258175558 0.04195402298850575 0.15748709122203097 0.03103448275862069
1 0.8270223752151463 0.25114942528735634 0.01721170395869191 0.21724137931034482
1 0.8283132530120482 0.696551724137931 0.030120481927710843 0.2206896551724138