2 0.16958041958041958 0.19434063000533902 0.125 0.25200213561131873
2 0.29895104895104896 0.16444207154297918 0.12325174825174826 0.18366257341163908
2 0.30026223776223776 0.28990923651895356 0.11713286713286714 0.05232247730912974
2 0.21678321678321677 0.39241857981847306 0.28234265734265734 0.12920448478376936
2 0.5332167832167832 0.24933262146289376 0.32954545454545453 0.34703683929524826
2 0.7797202797202797 0.3246129204484784 0.1791958041958042 0.196476241324079
2 0.8059440559440559 0.14842498665242926 0.12674825174825174 0.14522156967431926
2 0.6564685314685315 0.1591030432461292 0.1791958041958042 0.17084890549919915
1 0.28015734265734266 0.07100907634810465 0.07517482517482517 0.018152696209289908
1 0.45367132867132864 0.07154297917778964 0.13374125874125875 0.019220501868659905
1 0.638986013986014 0.06887346502936466 0.09527972027972027 0.0202883075280299
1 0.8745629370629371 0.17458622530699414 0.017482517482517484 0.09289909236518953
1 0.7805944055944056 0.43139348638547786 0.07080419580419581 0.021356113187399894
1 0.4357517482517482 0.43139348638547786 0.09265734265734266 0.017084890549919914
0 0.638548951048951 0.4554191137213027 0.057692307692307696 0.060864922584089695
0 0.6293706293706294 0.3603844100373732 0.04632867132867133 0.05659369994660972
0 0.583041958041958 0.35024025627335825 0.030594405594405596 0.03416978109983983
0 0.6284965034965035 0.22584089695675388 0.030594405594405596 0.04164442071542979
0 0.715034965034965 0.17512012813667913 0.03409090909090909 0.046983449012279764
0 0.7600524475524476 0.16978109983982914 0.0472027972027972 0.046983449012279764
0 0.7185314685314685 0.6454885210891618 0.030594405594405596 0.04805125467164976
0 0.34965034965034963 0.23384943940202882 0.04632867132867133 0.03203416978109984
0 0.1778846153846154 0.3555792845702082 0.10664335664335664 0.07901761879337961
1 0.3006993006993007 0.3240790176187934 0.051573426573426576 0.01601708489054992
1 0.10445804195804195 0.15429791777896423 0.013986013986013986 0.060864922584089695
1 0.10620629370629371 0.23545114789108382 0.01048951048951049 0.06300053390282968
2 0.6756993006993007 0.6241324079017618 0.12325174825174826 0.16550987720234916
2 0.5703671328671329 0.6268019220501868 0.06818181818181818 0.17298451681793914
2 0.48776223776223776 0.6187933796049119 0.0777972027972028 0.15269620928990923
2 0.40690559440559443 0.617725573945542 0.07692307692307693 0.15483182060864922
2 0.47246503496503495 0.7421249332621462 0.21503496503496503 0.10250934329951948
2 0.6625874125874126 0.7538707955152162 0.15996503496503497 0.08328884143085959
2 0.6018356643356644 0.8505072076882008 0.18706293706293706 0.0993059263214095
2 0.4366258741258741 0.8494394020288307 0.13286713286713286 0.09503470368392952
2 0.30201048951048953 0.5883609183128671 0.11188811188811189 0.10464495461825948
2 0.30506993006993005 0.7175654030966364 0.1215034965034965 0.14308595835557927
2 0.1743881118881119 0.6657768286171917 0.13111888111888112 0.2530699412706887
1 0.30026223776223776 0.797650827549386 0.050699300699300696 0.017084890549919914
1 0.28103146853146854 0.5381740523224773 0.050699300699300696 0.019220501868659905
1 0.46284965034965037 0.5403096636412174 0.026223776223776224 0.017084890549919914
1 0.5493881118881119 0.5392418579818473 0.026223776223776224 0.017084890549919914
0 0.28583916083916083 0.6620395088093967 0.03583916083916084 0.04911906033101975
0 0.3806818181818182 0.7586759209823812 0.03671328671328671 0.03737319807794982
0 0.3972902097902098 0.7784303256807261 0.038461538461538464 0.04911906033101975
0 0.4200174825174825 0.7148958889482114 0.045454545454545456 0.04378003203416978
0 0.4969405594405594 0.7132941804591564 0.03496503496503497 0.03844100373731981
0 0.5144230769230769 0.601708489054992 0.04895104895104895 0.04164442071542979
0 0.597027972027972 0.7570742124933262 0.05506993006993007 0.044847837693539776
0 0.6271853146853147 0.7778964228510411 0.033216783216783216 0.05872931126534971
0 0.666958041958042 0.7351841964762413 0.03583916083916084 0.04164442071542979
0 0.7141608391608392 0.3582487987186332 0.044580419580419584 0.05018686599038975
0 0.7102272727272727 0.40896956753870795 0.03146853146853147 0.03203416978109984