2 0.4282147315855181 0.22983193277310923 0.6067415730337079 0.2546218487394958
2 0.8458177278401997 0.18865546218487395 0.19850187265917604 0.1722689075630252
2 0.531210986267166 0.47689075630252103 0.8077403245942572 0.3689075630252101
2 0.48564294631710364 0.7987394957983194 0.4044943820224719 0.24285714285714285
2 0.19288389513108614 0.803781512605042 0.1560549313358302 0.23445378151260504
1 0.10861423220973783 0.25588235294117645 0.03745318352059925 0.1453781512605042
1 0.11235955056179775 0.523109243697479 0.039950062421972535 0.27310924369747897
1 0.1104868913857678 0.8054621848739496 0.02372034956304619 0.23445378151260504
0 0.3913857677902622 0.6457983193277311 0.10861423220973783 0.07815126050420168
0 0.3208489388264669 0.7285714285714285 0.12484394506866417 0.07058823529411765
0 0.8071161048689138 0.6840336134453782 0.12359550561797752 0.173109243697479
0 0.8177278401997503 0.3126050420168067 0.09737827715355805 0.07899159663865546
0 0.6841448189762797 0.31890756302521006 0.14232209737827714 0.05966386554621849
0 0.2565543071161049 0.3415966386554622 0.1136079900124844 0.09159663865546218