2 0.07645134914145543 0.18917881811204912 0.10874897792313983 0.2540291634689179
2 0.31929681112019626 0.19723714504988488 0.3475061324611611 0.2624712202609363
2 0.5682747342600164 0.14850345356868763 0.12755519215044972 0.1204911742133538
2 0.7927228127555193 0.2029930928626247 0.31479967293540473 0.27398311588641594
2 0.7285363859362224 0.5798158096699924 0.45461978740801307 0.735993860322333
2 0.553556827473426 0.681504221028396 0.10466067048242028 0.09516500383729855
0 0.6308258381030254 0.7041442824251727 0.059689288634505316 0.04834996162701458
0 0.6639411283728537 0.8522640061396777 0.09321340964840556 0.16039907904834996
0 0.731807031888798 0.3138910207214121 0.08340147179067865 0.0920951650038373
0 0.45952575633687653 0.2805065234075211 0.0964840556009812 0.0636991557943208
0 0.5633687653311529 0.23714504988488105 0.05560098119378577 0.06293169608595549
0 0.13246116107931316 0.28357636224098237 0.1455437448896157 0.06983883346124328
1 0.13695829926410466 0.15387567152724482 0.03188879803761243 0.17114351496546432
1 0.9595257563368765 0.19723714504988488 0.033524121013900246 0.18726016884113583
1 0.9587080948487327 0.49693016116653876 0.03515944399018806 0.22793553338449732
1 0.9664758789860998 0.797390636991558 0.032706459525756335 0.19800460475825019