2 0.28077571669477236 0.5624538063562454 0.3777403035413153 0.5351071692535108
2 0.37984822934232715 0.6821877309682187 0.1745362563237774 0.30007390983000737
2 0.24409780775716694 0.7889874353288987 0.08853288364249579 0.082039911308204
2 0.14418212478920742 0.7912047302291205 0.1045531197301855 0.07760532150776053
2 0.13322091062394603 0.9039172209903917 0.10792580101180438 0.11825572801182557
2 0.25843170320404724 0.9050258684405026 0.1391231028667791 0.1352549889135255
2 0.7335581787521079 0.4024390243902439 0.3979763912310287 0.20916481892091648
2 0.28330522765598654 0.1467110125646711 0.3996627318718381 0.2712490761271249
2 0.6639966273187183 0.5461936437546193 0.24536256323777403 0.13895048041389504
2 0.8537099494097807 0.6175166297117517 0.1239460370994941 0.2017738359201774
2 0.8583473861720068 0.7801182557280119 0.12141652613827993 0.11456023651145603
2 0.6644182124789207 0.7305986696230599 0.24957841483979765 0.2017738359201774
1 0.8587689713322091 0.844789356984479 0.05311973018549747 0.019216555801921657
1 0.6758010118043845 0.8407243163340724 0.11551433389544688 0.016999260901699925
1 0.75 0.28713968957871394 0.19645868465430016 0.019955654101995565
1 0.3288364249578415 0.2900960827790096 0.13490725126475547 0.015521064301552107
1 0.3802698145025295 0.8381374722838137 0.09949409780775717 0.013303769401330377
0 0.23018549747048903 0.29859571322985956 0.0657672849915683 0.10199556541019955
0 0.17790893760539628 0.729120473022912 0.04215851602023609 0.05395417590539542
0 0.23903878583473862 0.7756836659275683 0.06829679595278246 0.058388765705838876
0 0.23946037099494097 0.8651145602365115 0.06408094435075885 0.06134515890613452
0 0.22006745362563238 0.926829268292683 0.06408094435075885 0.05617147080561715
0 0.7693929173693086 0.5798226164079823 0.05649241146711636 0.050997782705099776
0 0.7567453625632378 0.45048041389504806 0.05311973018549747 0.04360679970436068
0 0.7601180438448567 0.6511456023651145 0.046374367622259695 0.057649667405764965
0 0.8216694772344013 0.7087952697708795 0.04300168634064081 0.03547671840354767