2 0.6932915057915058 0.8202364394993046 0.09604247104247104 0.19680111265646733
2 0.8588320463320464 0.6216968011126565 0.21187258687258687 0.18497913769123783
2 0.8576254826254827 0.3560500695410292 0.20270270270270271 0.3143254520166898
2 0.6237934362934363 0.3550069541029207 0.24372586872586874 0.32336578581363007
2 0.36196911196911197 0.45236439499304587 0.6206563706563707 0.5305980528511822
2 0.7097007722007722 0.6220445062586927 0.07480694980694981 0.1787204450625869
2 0.5692567567567568 0.8139777468706537 0.13561776061776062 0.1689847009735744
2 0.42591698841698844 0.7632127955493742 0.14913127413127414 0.26912378303198886
2 0.20004826254826255 0.7635605006954103 0.3045366795366795 0.26564673157162727
2 0.19184362934362933 0.09248956884561892 0.20222007722007723 0.15299026425591097
1 0.15588803088803088 0.17767732962447844 0.12258687258687259 0.02573018080667594
1 0.3737934362934363 0.1780250347705146 0.12306949806949807 0.037552155771905425
1 0.5982142857142857 0.18184979137691237 0.12113899613899613 0.029902642559109873
1 0.8083976833976834 0.1780250347705146 0.06756756756756757 0.02642559109874826
1 0.8979247104247104 0.1835883171070932 0.07094594594594594 0.02364394993045897
1 0.5540540540540541 0.9040333796940194 0.07142857142857142 0.031988873435326845
1 0.4201254826254826 0.9047287899860917 0.0719111969111969 0.027816411682892908
1 0.16795366795366795 0.9040333796940194 0.12162162162162163 0.027816411682892908
0 0.31322393822393824 0.6578581363004172 0.05115830115830116 0.07510431154381085
0 0.32915057915057916 0.48678720445062584 0.03667953667953668 0.07510431154381085
0 0.24565637065637067 0.19645340751043117 0.055984555984555984 0.1411682892906815
0 0.5333011583011583 0.489221140472879 0.04633204633204633 0.07579972183588317
0 0.4247104247104247 0.6627260083449235 0.05791505791505792 0.08205841446453407
0 0.47466216216216217 0.7878998609179416 0.05453667953667954 0.06536856745479833
0 0.6498552123552124 0.5747566063977747 0.04584942084942085 0.08275382475660639
0 0.7712355212355212 0.5768428372739917 0.059845559845559844 0.0674547983310153
0 0.9317084942084942 0.5486787204450626 0.04391891891891892 0.07232267037552156
0 0.9336389961389961 0.7510431154381085 0.048745173745173745 0.07510431154381085
0 0.7113899613899614 0.9408901251738526 0.052123552123552123 0.08623087621696801