2 0.2166416791604198 0.17038690476190477 0.12293853073463268 0.25
2 0.48650674662668664 0.5907738095238095 0.6521739130434783 0.5505952380952381
2 0.553223388305847 0.7976190476190477 0.191904047976012 0.13095238095238096
2 0.5847076461769115 0.47544642857142855 0.20539730134932535 0.31994047619047616
2 0.8024737631184408 0.4739583333333333 0.2136431784107946 0.3169642857142857
2 0.8673163418290855 0.7503720238095238 0.08995502248875563 0.22098214285714285
1 0.6094452773613194 0.30431547619047616 0.13943028485757122 0.026785714285714284
1 0.7672413793103449 0.3080357142857143 0.13568215892053972 0.025297619047619048
1 0.14767616191904048 0.5572916666666666 0.019490254872563718 0.13988095238095238
1 0.14880059970014992 0.7224702380952381 0.02623688155922039 0.12946428571428573
0 0.5610944527736131 0.7090773809523809 0.07871064467766117 0.08928571428571429
0 0.6056971514242878 0.6037946428571429 0.06746626686656672 0.08407738095238096
0 0.7290104947526237 0.609375 0.068215892053973 0.07291666666666667
0 0.7919790104947526 0.7741815476190477 0.06521739130434782 0.05431547619047619
0 0.7747376311844077 0.875 0.07421289355322339 0.14732142857142858
0 0.20652173913043478 0.27827380952380953 0.08320839580209895 0.08928571428571429