2 0.2640750670241287 0.23696682464454977 0.28418230563002683 0.2957345971563981
2 0.4457104557640751 0.18341232227488152 0.10857908847184987 0.18672985781990523
2 0.6957104557640751 0.2990521327014218 0.3726541554959786 0.4028436018957346
2 0.9470509383378016 0.2890995260663507 0.09651474530831099 0.4208530805687204
2 0.7402815013404825 0.6526066350710901 0.2754691689008043 0.2966824644549763
2 0.35757372654155495 0.476303317535545 0.46179624664879354 0.376303317535545
1 0.8894101876675603 0.647867298578199 0.021447721179624665 0.1848341232227488
1 0.892426273458445 0.24549763033175356 0.020777479892761394 0.22748815165876776
1 0.11528150134048257 0.5303317535545023 0.01876675603217158 0.13744075829383887
1 0.1156166219839142 0.24123222748815165 0.018096514745308313 0.13175355450236967
0 0.3776809651474531 0.3412322274881517 0.07171581769436998 0.1023696682464455
0 0.4544235924932976 0.3075829383886256 0.04423592493297587 0.07867298578199051
0 0.4460455764075067 0.6744075829383887 0.07305630026809651 0.22085308056872038
0 0.5331769436997319 0.6516587677725119 0.0435656836461126 0.08436018957345971
0 0.5690348525469169 0.6161137440758294 0.064343163538874 0.08909952606635071
0 0.8592493297587132 0.4075829383886256 0.07908847184986595 0.1004739336492891