2 0.7477189781021898 0.1216696269982238 0.38777372262773724 0.19005328596802842
2 0.6409671532846716 0.5448490230905861 0.5629562043795621 0.5817051509769094
2 0.5670620437956204 0.7153641207815276 0.22536496350364962 0.22646536412078153
2 0.2659671532846715 0.7175843694493783 0.3585766423357664 0.23623445825932504
2 0.2176094890510949 0.41873889875666076 0.2636861313868613 0.327708703374778
1 0.22354014598540145 0.22824156305506216 0.1551094890510949 0.047957371225577264
1 0.06067518248175183 0.48756660746003555 0.046532846715328466 0.06571936056838366
1 0.06067518248175183 0.7366785079928952 0.05200729927007299 0.14120781527531084
1 0.44297445255474455 0.22602131438721138 0.13594890510948904 0.0452930728241563
1 0.7782846715328468 0.2313499111900533 0.14963503649635038 0.0452930728241563
0 0.6104014598540146 0.19760213143872113 0.0948905109489051 0.1216696269982238
0 0.7312956204379562 0.7428952042628775 0.09762773722627738 0.08792184724689166
0 0.7568430656934306 0.8858792184724689 0.09580291970802919 0.10923623445825932
0 0.5903284671532847 0.7162522202486679 0.10401459854014598 0.09325044404973357
0 0.40693430656934304 0.6398756660746003 0.09124087591240876 0.09147424511545293
0 0.3170620437956204 0.4920071047957371 0.09032846715328467 0.08703374777975133