2 0.1899159663865546 0.144076840981857 0.28907563025210087 0.16862326574172892
2 0.49369747899159666 0.35218783351120597 0.2966386554621849 0.5506937033084311
2 0.8067226890756303 0.25240128068303097 0.28739495798319326 0.3511205976520811
2 0.6827731092436975 0.4578441835645678 0.04789915966386555 0.064034151547492
2 0.7315126050420168 0.45250800426894344 0.04285714285714286 0.05549626467449306
2 0.7756302521008404 0.45250800426894344 0.03865546218487395 0.05549626467449306
2 0.8226890756302521 0.4578441835645678 0.03865546218487395 0.05976520811099253
2 0.8953781512605042 0.4551760939167556 0.09663865546218488 0.05656350053361793
2 0.8029411764705883 0.644076840981857 0.2949579831932773 0.3062966915688367
1 0.9668067226890756 0.6019210245464247 0.037815126050420166 0.21344717182497333
1 0.6516806722689076 0.06510138740661686 0.4294117647058823 0.029882604055496264
2 0.07436974789915966 0.29402347918890076 0.04789915966386555 0.052294557097118465
2 0.07226890756302522 0.3431163287086446 0.0453781512605042 0.04375667022411953
2 0.07184873949579831 0.4012806830309498 0.04453781512605042 0.061899679829242264
2 0.19243697478991598 0.44983991462113126 0.2907563025210084 0.3703308431163287
2 0.13319327731092437 0.7166488794023479 0.18067226890756302 0.16115261472785486
2 0.43487394957983194 0.7171824973319103 0.41092436974789914 0.16862326574172892
2 0.4903361344537815 0.8927427961579509 0.3134453781512605 0.15474919957310565
0 0.2953781512605042 0.8068303094983992 0.0949579831932773 0.20277481323372465
0 0.25210084033613445 0.7225186766275347 0.07058823529411765 0.06830309498399147
0 0.3050420168067227 0.5917822838847385 0.0773109243697479 0.10352187833511206
0 0.4327731092436975 0.5933831376734259 0.0773109243697479 0.11312700106723586
0 0.6163865546218488 0.6814300960512273 0.08487394957983194 0.09498399146211313
0 0.5617647058823529 0.7668089647812166 0.07478991596638655 0.0864461045891142
0 0.6882352941176471 0.192102454642476 0.10084033613445378 0.08537886872998933
0 0.3033613445378151 0.18569903948772679 0.08907563025210084 0.07897545357524013
1 0.2134453781512605 0.24919957310565635 0.2134453781512605 0.022411953041622197