2 0.16688697951090548 0.28751311647429173 0.22273628552544614 0.40713536201469047
2 0.39458030403172506 0.21406086044071354 0.21810971579643093 0.2497376705141658
2 0.5399867812293456 0.42759706190975866 0.5168539325842697 0.683105981112277
2 0.87871777924653 0.431794333683106 0.11698612029081296 0.6789087093389297
2 0.16754791804362193 0.7203567681007346 0.21744877726371448 0.44805876180482684
1 0.04296100462656973 0.33630640083945434 0.03040317250495704 0.16054564533053514
1 0.04230006609385327 0.695697796432319 0.021150033046926635 0.3336831059811123
0 0.8103106411103768 0.37355718782791186 0.12690019828155982 0.11332633788037776
1 0.8089887640449438 0.5797481636935992 0.02511566424322538 0.16684155299055614
1 0.8096497025776602 0.21825813221406087 0.02775941837409121 0.20566631689401887
0 0.4920687376074025 0.49895068205666315 0.04824851288830139 0.0912906610703043
0 0.426305353602115 0.5136411332633788 0.06080634500991408 0.08499475341028331
0 0.41771315267680104 0.36988457502623295 0.05551883674818242 0.08289611752360965
0 0.4018506278916061 0.282791185729276 0.056840713813615336 0.06610703043022036
0 0.3043621943159286 0.38929695697796435 0.056179775280898875 0.07345225603357818
0 0.25710508922670194 0.5498426023084995 0.06477197620621282 0.0944386149003148
0 0.3281559814937211 0.7256033578174187 0.0680766688697951 0.13746065057712487