2 0.5624024960998439 0.7915973377703827 0.0327613104524181 0.09484193011647254
2 0.5179407176287052 0.8132279534109818 0.05117004680187207 0.04908485856905158
2 0.5202808112324493 0.7637271214642263 0.0514820592823713 0.033277870216306155
2 0.5678627145085804 0.6699251247920133 0.023088923556942278 0.02038269550748752
2 0.5675507020280811 0.7002911813643927 0.025585023400936036 0.029534109816971715
2 0.5931357254290172 0.6969633943427621 0.02059282371294852 0.05116472545757072
2 0.5435257410296412 0.7013311148086523 0.07051482059282371 0.08319467554076539
2 0.47581903276131043 0.6805324459234608 0.06302652106084243 0.045757071547420966
2 0.4862714508580343 0.7225457570715474 0.043993759750390014 0.03410981697171381
2 0.4539781591263651 0.7271214642262895 0.025585023400936036 0.03410981697171381
2 0.42230889235569424 0.6986272878535774 0.04898595943837754 0.07778702163061564
2 0.5234009360374415 0.5856905158069884 0.11513260530421217 0.14392678868552414
2 0.4234009360374415 0.5434692179700499 0.07363494539781591 0.06364392678868552
2 0.4234009360374415 0.615432612312812 0.07051482059282371 0.07362728785357738
2 0.44383775351014043 0.7953410981697171 0.09204368174726989 0.09816971713810316
2 0.34430577223088926 0.7999168053244592 0.10702028081123245 0.07737104825291181
2 0.3811232449297972 0.723585690515807 0.035257410296411856 0.06198003327787022
2 0.32636505460218407 0.7242096505823628 0.06489859594383775 0.06073211314475874
2 0.33666146645865835 0.5956738768718802 0.08861154446177848 0.18552412645590682
1 0.2887675507020281 0.5775790349417638 0.007176287051482059 0.025374376039933443
1 0.43666146645865833 0.5081114808652246 0.0234009360374415 0.017054908485856904
1 0.5182527301092044 0.507071547420965 0.04742589703588144 0.014975041597337771
1 0.5814352574102964 0.5744592346089851 0.007176287051482059 0.04076539101497504
1 0.34789391575663026 0.846297836938436 0.023088923556942278 0.017054908485856904
0 0.33681747269890794 0.48211314475873546 0.06957878315132605 0.054076539101497505
0 0.4251170046801872 0.5923460898502496 0.017784711388455537 0.03410981697171381
0 0.478003120124805 0.639351081530782 0.025585023400936036 0.03826955074875208
0 0.5655226209048362 0.6453826955074875 0.0234009360374415 0.03119800332778702
0 0.5346333853354134 0.6715890183028286 0.024024960998439936 0.027870216306156406
0 0.5223088923556942 0.7275374376039934 0.028081123244929798 0.03743760399334443
0 0.5455538221528862 0.7034109816971714 0.029641185647425898 0.025790349417637273
0 0.5918876755070203 0.706738768718802 0.028081123244929798 0.04076539101497504
0 0.5491419656786272 0.7354409317803661 0.01747269890795632 0.021630615640599003
0 0.537597503900156 0.7653910149750416 0.028081123244929798 0.02745424292845258
0 0.4831513260530421 0.7674708818635607 0.0265210608424337 0.029950083194675542
0 0.48346333853354134 0.8019966722129783 0.024024960998439936 0.026622296173044926
0 0.4294851794071763 0.7576955074875208 0.024648985959438378 0.03618968386023295
0 0.4113884555382215 0.7807820299500832 0.038377535101404056 0.033277870216306155
0 0.3734789391575663 0.7766222961730449 0.029329173166926677 0.03743760399334443
2 0.6580343213728549 0.23419301164725456 0.27519500780031203 0.3178036605657238
2 0.5867394695787832 0.2358569051580699 0.1344773790951638 0.17387687188019968
2 0.5655226209048362 0.35524126455906824 0.1032761310452418 0.0632279534109817
0 0.5790951638065522 0.2809900166389351 0.029329173166926677 0.04284525790349417
0 0.6330733229329173 0.20320299500831948 0.02059282371294852 0.032029950083194675
0 0.6351014040561622 0.26830282861896837 0.0234009360374415 0.03410981697171381
0 0.6407176287051483 0.3009567387687188 0.027769110764430577 0.02454242928452579
0 0.6271450858034321 0.3579450915141431 0.0249609984399376 0.025374376039933443
1 0.7982839313572543 0.2314891846921797 0.009048361934477379 0.05449251247920133
1 0.5131045241809672 0.240432612312812 0.014664586583463339 0.04908485856905158
2 0.4174726989079563 0.15079034941763728 0.10795631825273011 0.14933444259567388
2 0.28549141965678626 0.14704658901830284 0.1578783151326053 0.15349417637271215
2 0.25553822152886113 0.3194675540765391 0.09921996879875195 0.1447587354409318
2 0.3480499219968799 0.30802828618968386 0.09516380655226209 0.16763727121464225
2 0.4358814352574103 0.3180116472545757 0.07425897035881435 0.14600665557404327
2 0.4187207488299532 0.23564891846921798 0.030577223088923557 0.0694675540765391
0 0.3714508580343214 0.20049916805324458 0.027145085803432136 0.026622296173044926
0 0.3811232449297972 0.23856073211314477 0.020904836193447737 0.032029950083194675
0 0.3890795631825273 0.2533277870216306 0.02371294851794072 0.03410981697171381
0 0.41029641185647425 0.2853577371048253 0.0218408736349454 0.029950083194675542
0 0.3839313572542902 0.3207154742096506 0.021528861154446178 0.029950083194675542
0 0.3486739469578783 0.2926372712146423 0.021528861154446178 0.032029950083194675
0 0.3329173166926677 0.24147254575707155 0.021216848673946957 0.03369384359400998
0 0.3107644305772231 0.28265391014975044 0.01747269890795632 0.01788685524126456
0 0.31388455538221527 0.28910149750415975 0.019344773790951637 0.026622296173044926
0 0.37550702028081123 0.37874376039933444 0.020904836193447737 0.02870216306156406
0 0.3778471138845554 0.4132695507487521 0.03182527301092044 0.04284525790349417
0 0.2625585023400936 0.2672628951747088 0.024024960998439936 0.03618968386023295
0 0.23182527301092043 0.2699667221297837 0.028081123244929798 0.030782029950083195
0 0.32433697347893914 0.06655574043261231 0.020904836193447737 0.07903494176372712
1 0.20265210608424336 0.11044093178036606 0.009672386895475818 0.05116472545757072
1 0.24102964118564743 0.06468386023294509 0.07020280811232449 0.017054908485856904
1 0.4216848673946958 0.0663477537437604 0.04336973478939157 0.010399334442595673
1 0.4410296411856474 0.394134775374376 0.041497659906396256 0.017054908485856904
1 0.2546021840873635 0.39579866888519133 0.04492979719188767 0.02038269550748752