2 0.34494451294697903 0.15903890160183065 0.15104808877928483 0.20213577421815407
2 0.14919852034525277 0.20900076277650648 0.23921085080147966 0.2959572845156369
2 0.5496300863131935 0.43249427917620137 0.5530209617755857 0.7490465293668955
2 0.7536991368680641 0.5202135774218154 0.32244143033292233 0.2623951182303585
2 0.8881011097410604 0.19679633867276888 0.07459926017262639 0.3157894736842105
2 0.5030826140567201 0.5347063310450039 0.14549938347718866 0.2822273073989321
2 0.14919852034525277 0.6960335621662853 0.25030826140567203 0.21586575133485889
1 0.015413070283600493 0.11098398169336385 0.02836004932182491 0.07246376811594203
1 0.01757090012330456 0.2494279176201373 0.02651048088779285 0.19374523264683446
1 0.018187422934648582 0.4290617848970252 0.02157829839704069 0.08009153318077804
1 0.018187422934648582 0.5194508009153318 0.02281134401972873 0.07780320366132723
1 0.01757090012330456 0.65255530129672 0.02404438964241677 0.07246376811594203
1 0.01726263871763255 0.7414187643020596 0.02342786683107275 0.07627765064836003
0 0.6528976572133169 0.34096109839816935 0.07028360049321825 0.10373760488176964
0 0.8618988902589396 0.30511060259344014 0.08877928483353884 0.08085430968726164
1 0.8329223181257707 0.15751334858886346 0.029593094944512947 0.2143401983218917
1 0.9238594327990136 0.4816933638443936 0.028976572133168926 0.17772692601067888
1 0.9235511713933415 0.6083142639206712 0.030826140567200986 0.07093821510297482
0 0.6115906288532675 0.482837528604119 0.08631319358816276 0.07017543859649122
0 0.3615906288532676 0.3009153318077803 0.04500616522811344 0.07856598016781083
0 0.2527743526510481 0.3138825324180015 0.06781750924784218 0.06636155606407322
0 0.30209617755856966 0.47254004576659037 0.07028360049321825 0.07398932112890923
0 0.25154130702836003 0.7009916094584286 0.06041923551171394 0.06254767353165523
0 0.32922318125770655 0.8154080854309688 0.055487053020961775 0.15865751334858885