2 0.6952449567723343 0.4142201834862385 0.48559077809798273 0.591743119266055
2 0.5212536023054755 0.19128440366972477 0.12896253602305474 0.15871559633027524
2 0.49819884726224783 0.4334862385321101 0.09293948126801153 0.10733944954128441
2 0.47910662824207495 0.4981651376146789 0.056195965417867436 0.07339449541284404
2 0.5868155619596542 0.7775229357798165 0.08573487031700289 0.11467889908256881
2 0.2780979827089337 0.32431192660550456 0.35014409221902015 0.41376146788990825
1 0.0936599423631124 0.33073394495412844 0.01585014409221902 0.16422018348623854
1 0.9369596541786743 0.29174311926605506 0.02089337175792507 0.163302752293578
0 0.5201729106628242 0.30688073394495413 0.06051873198847262 0.0926605504587156
0 0.49603746397694526 0.3568807339449541 0.05403458213256484 0.08073394495412844
0 0.4203890489913545 0.33165137614678897 0.07564841498559077 0.0963302752293578
0 0.5842939481268011 0.8876146788990825 0.069164265129683 0.12385321100917432
0 0.5832132564841499 0.6743119266055045 0.07132564841498559 0.11559633027522936