2 0.7072927072927073 0.8379166666666666 0.40559440559440557 0.2475
2 0.40559440559440557 0.8645833333333334 0.16183816183816183 0.1925
2 0.26723276723276723 0.07291666666666667 0.4385614385614386 0.0975
2 0.7007992007992008 0.15333333333333332 0.4165834165834166 0.24166666666666667
2 0.47952047952047955 0.4195833333333333 0.8491508491508492 0.5675
2 0.10789210789210789 0.5891666666666666 0.11188811188811189 0.13333333333333333
1 0.19080919080919082 0.1325 0.24775224775224775 0.013333333333333334
0 0.4150849150849151 0.7454166666666666 0.07492507492507493 0.0775
0 0.2002997002997003 0.59625 0.08691308691308691 0.05583333333333333
0 0.26673326673326675 0.62875 0.1038961038961039 0.0825
0 0.52997002997003 0.21791666666666668 0.07892107892107893 0.0725
0 0.4270729270729271 0.09208333333333334 0.1088911088911089 0.1125
1 0.9095904095904096 0.39208333333333334 0.01898101898101898 0.09083333333333334
1 0.913086913086913 0.6075 0.023976023976023976 0.09333333333333334