1 0.1891334250343879 0.08364038319823139 0.13067400275103164 0.01989683124539425
1 0.6413342503438789 0.08621960206337509 0.1437414030261348 0.01915991156963891
1 0.8768913342503438 0.08437730287398673 0.10178817056396149 0.01694915254237288
1 0.8342503438789546 0.8791451731761238 0.14030261348005502 0.026529108327192335
1 0.6076341127922971 0.8802505526897568 0.13961485557083905 0.01989683124539425
1 0.3940852819807428 0.8791451731761238 0.13342503438789546 0.020633750921149593
1 0.13858321870701512 0.8802505526897568 0.12998624484181567 0.022844509948415623
2 0.7410591471801926 0.34524686809137806 0.4202200825309491 0.5136330140014739
2 0.8256533700137552 0.74207811348563 0.24552957359009628 0.2608695652173913
2 0.6145116918844566 0.7391304347826086 0.156121045392022 0.2593957258658806
2 0.3988995873452545 0.739867354458364 0.15543328748280605 0.262343404568902
2 0.1420220082530949 0.740972733971997 0.1657496561210454 0.2557111274871039
2 0.2733837689133425 0.8290346352247605 0.07359009628610728 0.08253500368459837
2 0.18638239339752408 0.43625644804716285 0.24759284731774414 0.6779661016949152
2 0.3937414030261348 0.548268238761975 0.16299862448418156 0.10316875460574797
2 0.3995873452544704 0.443994104642594 0.15405777166437415 0.09358879882092852
2 0.39580467675378267 0.32571849668386144 0.15887207702888584 0.11643330876934414
2 0.4006189821182944 0.17391304347826086 0.15061898211829436 0.16654384672070743
0 0.2867950481430536 0.21812822402358142 0.06464924346629987 0.06484893146647015
0 0.3885832187070151 0.24465733235077378 0.06464924346629987 0.06927044952100221
0 0.29401650618982117 0.45946941783345613 0.06671251719394773 0.061164333087693444
0 0.39511691884456673 0.6337509211495947 0.05570839064649243 0.0604274134119381
0 0.33940852819807427 0.6584377302873987 0.06533700137551582 0.05969049373618276
0 0.19601100412654746 0.63448784082535 0.061898211829436035 0.07369196757553427
0 0.26925722145804676 0.810611643330877 0.05845942228335626 0.06190125276344879
0 0.2702888583218707 0.9064112011790715 0.0577716643741403 0.08106116433308769
0 0.6626547455295736 0.6326455416359617 0.04470426409903714 0.0759027266028003
0 0.7575653370013755 0.6341193809874723 0.057083906464924346 0.06411201179071481
0 0.8198074277854195 0.5729550478997789 0.05639614855570839 0.043478260869565216
0 0.8208390646492435 0.4863669859985262 0.07359009628610728 0.0604274134119381
0 0.7627235213204951 0.054163596168017684 0.0577716643741403 0.08327192336035372