2 0.4918032786885246 0.09682399647110719 0.9533417402269861 0.19276576973974416
2 0.12862547288776796 0.25121305690339657 0.17906683480453972 0.07984119982355536
2 0.3764186633039092 0.3034847816497574 0.27364438839848676 0.20732245258050286
2 0.6097099621689785 0.4325099250110278 0.7225725094577553 0.44243493603881784
2 0.7774274905422447 0.5546978385531539 0.3442622950819672 0.20247022496691663
2 0.2005044136191677 0.574547860608734 0.3480453972257251 0.16012351124834584
2 0.13114754098360656 0.4711071901191001 0.19672131147540983 0.044111160123511246
2 0.5075662042875158 0.8295103661226291 0.9848675914249685 0.34097926775474197
2 0.8833543505674654 0.9247904719894133 0.2055485498108449 0.15041905602117336
1 0.3991172761664565 0.2007057785619762 0.19041614123581338 0.013233348037053375
1 0.7723833543505675 0.1991618879576533 0.21815889029003782 0.020732245258050286
1 0.18095838587641866 0.19761799735333038 0.031525851197982346 0.0105866784296427
1 0.7023959646910467 0.659020732245258 0.19419924337957126 0.014997794441993825
1 0.19735182849936947 0.6594618438464932 0.18789407313997478 0.020291133656815175
0 0.7452711223203027 0.9505955006616674 0.15132408575031525 0.0388178209086899
0 0.44703656998738966 0.6795324217026908 0.10718789407313997 0.049845610939567714
0 0.43568726355611603 0.6310101455668284 0.11727616645649433 0.04278782531980591
0 0.32219419924337955 0.549183943537715 0.08701134930643127 0.02999558888398765
0 0.6424968474148802 0.5240405822673136 0.10466582597730138 0.035288928098809
0 0.1841109709962169 0.42942214380238203 0.11097099621689786 0.033083370092633436
0 0.25914249684741486 0.46801940891045435 0.07692307692307693 0.024702249669166298
0 0.4110970996216898 0.4239082487869431 0.11097099621689786 0.037935597706219674
0 0.6116015132408575 0.2007057785619762 0.11097099621689786 0.08204675782973092
0 0.1853720050441362 0.30502867225408026 0.08827238335435057 0.036612262902514334