2 0.21372031662269128 0.4057377049180328 0.26033421284080915 0.5046838407494145
2 0.15919085312225154 0.7482435597189696 0.1759014951627089 0.16393442622950818
2 0.30255057167985927 0.740632318501171 0.08619173262972735 0.15807962529274006
2 0.6468777484608619 0.4818501170960187 0.5672823218997362 0.6756440281030445
2 0.8482849604221636 0.5655737704918032 0.15919085312225154 0.1756440281030445
2 0.8082673702726473 0.3050351288056206 0.24626209322779244 0.319672131147541
0 0.727792436235708 0.5111241217798594 0.06772207563764292 0.09484777517564402
0 0.7387862796833773 0.5936768149882904 0.0633245382585752 0.09836065573770492
0 0.8843447669305189 0.8126463700234192 0.10290237467018469 0.21779859484777517
0 0.3891820580474934 0.5327868852459017 0.08003518029903255 0.09601873536299765
0 0.3034300791556728 0.6282201405152225 0.05452946350043975 0.10187353629976581
0 0.21240105540897097 0.6288056206088993 0.05716798592788039 0.0936768149882904