2 0.7184508268059182 0.49709639953542395 0.2950391644908616 0.5598141695702671
2 0.7193211488250653 0.10743321718931476 0.2950391644908616 0.15447154471544716
2 0.47867711053089645 0.32868757259001163 0.16362053959965187 0.22531939605110338
2 0.4782419495213229 0.524390243902439 0.1679721496953873 0.16840882694541232
2 0.4395126196692776 0.6957026713124274 0.24194952132288947 0.16492450638792103
2 0.21801566579634465 0.6962833914053427 0.1784160139251523 0.15447154471544716
2 0.2615317667536989 0.41173054587688734 0.25674499564838993 0.40301974448315914
1 0.26022628372497825 0.19628339140534262 0.144473455178416 0.03716608594657375
1 0.48738033072236725 0.19802555168408828 0.06614447345517842 0.03368176538908246
1 0.7510879025239339 0.1997677119628339 0.1496953872932985 0.032520325203252036
0 0.6335944299390774 0.15156794425087108 0.0731070496083551 0.1289198606271777
0 0.593124456048738 0.3356562137049942 0.06353350739773717 0.08130081300813008
0 0.5983463881636205 0.6759581881533101 0.08616187989556136 0.09523809523809523
0 0.5134899912967799 0.7862950058072009 0.0731070496083551 0.1951219512195122
0 0.49825935596170584 0.6573751451800233 0.072236727589208 0.0975609756097561
0 0.34899912967798086 0.5737514518002322 0.0783289817232376 0.11149825783972125
0 0.3363794604003481 0.6835075493612079 0.058311575282854654 0.06620209059233449