2 0.2271062271062271 0.2917082917082917 0.367032967032967 0.3936063936063936
2 0.10989010989010989 0.4128371628371628 0.13406593406593406 0.14435564435564435
2 0.11098901098901098 0.6193806193806194 0.1347985347985348 0.27672327672327673
2 0.3750915750915751 0.16833166833166832 0.08791208791208792 0.15084915084915085
2 0.23992673992673993 0.6163836163836164 0.10622710622710622 0.2707292707292707
2 0.2846153846153846 0.7492507492507493 0.0673992673992674 0.12387612387612387
2 0.213003663003663 0.8568931068931069 0.1358974358974359 0.16433566433566432
2 0.30714285714285716 0.8718781218781219 0.050915750915750915 0.12137862137862138
2 0.3708791208791209 0.8801198801198801 0.07509157509157509 0.1008991008991009
2 0.3641025641025641 0.7704795204795205 0.09157509157509157 0.11038961038961038
2 0.3007326007326007 0.5262237762237763 0.07032967032967033 0.08641358641358642
2 0.3525641025641026 0.6038961038961039 0.10366300366300367 0.22877122877122877
2 0.4457875457875458 0.6053946053946054 0.054945054945054944 0.27172827172827174
2 0.6415750915750916 0.1853146853146853 0.14322344322344321 0.1838161838161838
2 0.6245421245421245 0.3888611388611389 0.11355311355311355 0.21328671328671328
2 0.7111721611721612 0.45054945054945056 0.06117216117216117 0.07392607392607392
2 0.760989010989011 0.3821178821178821 0.15421245421245422 0.2017982017982018
2 0.8875457875457875 0.3713786213786214 0.09304029304029304 0.23226773226773226
2 0.8963369963369964 0.16733266733266733 0.08791208791208792 0.14885114885114886
2 0.7741758241758242 0.1913086913086913 0.13076923076923078 0.18181818181818182
2 0.7075091575091575 0.4512987012987013 0.0641025641025641 0.08441558441558442
2 0.7681318681318682 0.494005994005994 0.03736263736263736 0.14685314685314685
0 0.33663003663003666 0.1570929070929071 0.03956043956043956 0.038461538461538464
0 0.3371794871794872 0.19505494505494506 0.04285714285714286 0.039460539460539464
0 0.1641025641025641 0.3761238761238761 0.0336996336996337 0.04595404595404595
0 0.16227106227106228 0.5704295704295704 0.040293040293040296 0.04595404595404595
0 0.2673992673992674 0.6705794205794205 0.0315018315018315 0.05644355644355644
0 0.21355311355311354 0.7904595404595405 0.035164835164835165 0.06343656343656344
0 0.26263736263736265 0.8786213786213786 0.054945054945054944 0.04395604395604396
0 0.36923076923076925 0.6928071928071928 0.03663003663003663 0.05094905094905095
0 0.4291208791208791 0.6818181818181818 0.045054945054945054 0.04995004995004995
0 0.38571428571428573 0.8061938061938062 0.0315018315018315 0.04295704295704296
0 0.3087912087912088 0.6236263736263736 0.03882783882783883 0.043456543456543456
0 0.6639194139194139 0.3126873126873127 0.04139194139194139 0.05194805194805195
0 0.6880952380952381 0.24800199800199801 0.045054945054945054 0.06243756243756244
0 0.7263736263736263 0.24725274725274726 0.035164835164835165 0.05094905094905095
0 0.7249084249084249 0.3886113886113886 0.03956043956043956 0.05194805194805195
0 0.8587912087912087 0.19655344655344656 0.04798534798534799 0.044455544455544456
1 0.6153846153846154 0.0964035964035964 0.03882783882783883 0.023976023976023976
1 0.6538461538461539 0.09565434565434565 0.035164835164835165 0.013486513486513486
1 0.7589743589743589 0.09965034965034965 0.035897435897435895 0.017482517482517484
1 0.7974358974358975 0.09765234765234765 0.0380952380952381 0.011488511488511488
1 0.9408424908424908 0.31343656343656345 0.010622710622710623 0.05844155844155844
1 0.9386446886446886 0.36713286713286714 0.007692307692307693 0.052947052947052944
1 0.8879120879120879 0.2495004995004995 0.040293040293040296 0.01948051948051948
1 0.5653846153846154 0.3946053946053946 0.012087912087912088 0.06893106893106893
1 0.5661172161172161 0.2072927072927073 0.010622710622710623 0.055944055944055944
1 0.4137362637362637 0.31193806193806195 0.009157509157509158 0.044455544455544456
1 0.4128205128205128 0.3691308691308691 0.01391941391941392 0.04895104895104895
1 0.04230769230769231 0.2087912087912088 0.014285714285714285 0.05094905094905095
1 0.0912087912087912 0.09715284715284715 0.040293040293040296 0.01848151848151848
1 0.1304029304029304 0.09715284715284715 0.03663003663003663 0.016483516483516484
1 0.23351648351648352 0.09765234765234765 0.04139194139194139 0.01948051948051948
1 0.27326007326007323 0.09865134865134866 0.041025641025641026 0.02147852147852148
1 0.04304029304029304 0.3968531468531469 0.011355311355311355 0.06243756243756244
1 0.04322344322344322 0.6153846153846154 0.017582417582417582 0.05194805194805195
1 0.042673992673992675 0.6730769230769231 0.012087912087912088 0.05144855144855145
1 0.11282051282051282 0.7682317682317682 0.0380952380952381 0.022977022977022976
1 0.41318681318681316 0.8716283716283716 0.014652014652014652 0.05094905094905095
1 0.41098901098901097 0.7687312687312687 0.020512820512820513 0.052947052947052944
1 0.4146520146520147 0.5736763236763237 0.014652014652014652 0.05444555444555445
1 0.2641025641025641 0.7932067932067932 0.015384615384615385 0.024975024975024976