2 0.36941056910569103 0.11332904056664521 0.5152439024390244 0.15453960077269802
2 0.5254065040650406 0.3586606567933033 0.7967479674796748 0.2910495814552479
2 0.31097560975609756 0.489375402446877 0.32926829268292684 0.1880231809401159
2 0.3983739837398374 0.5399227301996137 0.1524390243902439 0.08048937540244688
2 0.3099593495934959 0.6899549259497746 0.34959349593495936 0.19896973599484868
2 0.5792682926829268 0.6432710882163555 0.19308943089430894 0.2807469414037347
2 0.8008130081300813 0.6439150032195751 0.2621951219512195 0.2858982614294913
2 0.5177845528455285 0.8837733419188667 0.22052845528455284 0.15260785576303929
2 0.6966463414634146 0.8770122343850612 0.133130081300813 0.1313586606567933
0 0.5553861788617886 0.8293625241468127 0.11280487804878049 0.0849967804249839
0 0.5782520325203252 0.903090792015454 0.11991869918699187 0.062459755312298776
0 0.43597560975609756 0.6220218931101095 0.10569105691056911 0.061815840309079204
0 0.5254065040650406 0.5338055376690277 0.1016260162601626 0.06310367031551835
0 0.7129065040650406 0.583386992916935 0.11077235772357724 0.0592401802962009
0 0.5614837398373984 0.1773985833869929 0.10873983739837398 0.07147456535737283
0 0.5238821138211383 0.42401802962009016 0.09857723577235772 0.062459755312298776
1 0.3079268292682927 0.7990985189954926 0.15853658536585366 0.019317450096587252
1 0.35772357723577236 0.2037990985189955 0.16056910569105692 0.025112685125563427
1 0.6961382113821138 0.19993560849967804 0.10975609756097561 0.014810045074050225
1 0.818089430894309 0.20186735350933677 0.10975609756097561 0.018673535093367676
1 0.8572154471544715 0.7952350289761752 0.11686991869918699 0.015453960077269801