2 0.4695603156708005 0.22667910447761194 0.5648252536640361 0.3880597014925373
2 0.8517474633596392 0.34281716417910446 0.17925591882750846 0.6147388059701493
2 0.5783540022547914 0.5452425373134329 0.34047350620067646 0.20988805970149255
2 0.6279594137542277 0.8078358208955224 0.42841037204058624 0.28171641791044777
2 0.31397970687711385 0.8843283582089553 0.15670800450958286 0.13059701492537312
2 0.22435174746335965 0.6119402985074627 0.35400225479143177 0.3824626865671642
2 0.11668545659526494 0.5452425373134329 0.13641488162344984 0.21921641791044777
0 0.3647125140924464 0.5499067164179104 0.1273957158962796 0.09048507462686567
0 0.13979706877113868 0.6888992537313433 0.08117249154453213 0.08115671641791045
0 0.15388951521984218 0.8208955223880597 0.11386696730552424 0.1791044776119403
0 0.3117249154453213 0.7915111940298507 0.06877113866967305 0.07742537313432836
0 0.4509582863585118 0.7588619402985075 0.11950394588500564 0.07742537313432836
0 0.766065388951522 0.34701492537313433 0.21307779030439683 0.1044776119402985
1 0.7587373167981961 0.5331156716417911 0.020293122886133032 0.12779850746268656
1 0.8523111612175873 0.8078358208955224 0.02254791431792559 0.19402985074626866
1 0.762119503945885 0.17537313432835822 0.020293122886133032 0.25