2 0.8925795053003533 0.4269859813084112 0.13568904593639575 0.7838785046728972
2 0.5954063604240283 0.6425233644859814 0.407773851590106 0.4369158878504673
2 0.6657243816254417 0.24007009345794392 0.25865724381625443 0.3399532710280374
2 0.44063604240282683 0.24299065420560748 0.19151943462897528 0.3364485981308411
2 0.2879858657243816 0.3533878504672897 0.11519434628975266 0.5245327102803738
2 0.2876325088339223 0.7447429906542056 0.20070671378091873 0.22313084112149534
2 0.11307420494699646 0.7464953271028038 0.13851590106007067 0.2266355140186916
2 0.36501766784452294 0.5438084112149533 0.040282685512367494 0.14602803738317757
0 0.5787985865724382 0.37792056074766356 0.0636042402826855 0.12032710280373832
0 0.8512367491166077 0.5216121495327103 0.09540636042402827 0.12266355140186916
0 0.2303886925795053 0.8732476635514018 0.07208480565371024 0.23948598130841123
0 0.21307420494699647 0.7383177570093458 0.0784452296819788 0.10981308411214953
0 0.3049469964664311 0.3177570093457944 0.06289752650176679 0.11682242990654206
1 0.8144876325088339 0.25 0.019081272084805655 0.14485981308411214
1 0.8180212014134276 0.7242990654205608 0.023321554770318022 0.1658878504672897
1 0.2780918727915194 0.04205607476635514 0.06996466431095406 0.035046728971962614
1 0.4021201413427562 0.04205607476635514 0.039575971731448764 0.03271028037383177
1 0.5848056537102474 0.037967289719626166 0.04169611307420495 0.03154205607476635