2 0.18728956228956228 0.29369797859690844 0.28703703703703703 0.33531510107015455
2 0.18644781144781145 0.6117717003567182 0.2803030303030303 0.272294887039239
2 0.5812289562289562 0.3347205707491082 0.4941077441077441 0.4173602853745541
2 0.4684343434343434 0.6414982164090368 0.26515151515151514 0.1985731272294887
2 0.48274410774410775 0.8222354340071344 0.054713804713804715 0.1629013079667063
2 0.5787037037037037 0.8299643281807372 0.12205387205387205 0.15219976218787157
2 0.7588383838383839 0.7384066587395958 0.3021885521885522 0.33531510107015455
1 0.9187710437710438 0.7538644470868014 0.017676767676767676 0.16646848989298454
1 0.8278619528619529 0.3091557669441142 0.017676767676767676 0.2877526753864447
1 0.03409090909090909 0.6200951248513674 0.022727272727272728 0.15101070154577884
1 0.03577441077441077 0.33055885850178357 0.021043771043771045 0.18549346016646848
0 0.30597643097643096 0.5297265160523187 0.06481481481481481 0.08680142687277051
0 0.3068181818181818 0.4173602853745541 0.061447811447811446 0.06420927467300833
0 0.3851010101010101 0.4126040428061831 0.047979797979797977 0.07847800237812129
0 0.8564814814814815 0.5112960760998811 0.061447811447811446 0.0713436385255648
0 0.6325757575757576 0.6848989298454221 0.06313131313131314 0.07372175980975029
0 0.5698653198653199 0.7193816884661117 0.050505050505050504 0.07847800237812129
0 0.4802188552188552 0.7158145065398336 0.05134680134680135 0.07609988109393578
0 0.3930976430976431 0.760998810939358 0.07575757575757576 0.23543400713436385