2 0.1392706131078224 0.2112676056338028 0.0660676532769556 0.32535211267605635
2 0.37684989429175475 0.23098591549295774 0.39323467230443976 0.3676056338028169
2 0.7389006342494715 0.23697183098591548 0.3118393234672304 0.37816901408450704
2 0.540169133192389 0.597887323943662 0.11205073995771671 0.36619718309859156
2 0.8068181818181818 0.7630281690140845 0.17600422832980972 0.2119718309859155
2 0.8406448202959831 0.5429577464788733 0.10517970401691332 0.2112676056338028
2 0.6910676532769556 0.5123239436619719 0.17283298097251584 0.1528169014084507
2 0.6540697674418605 0.6454225352112676 0.10306553911205074 0.09084507042253522
2 0.6590909090909091 0.7876760563380282 0.11945031712473574 0.15845070422535212
1 0.8982558139534884 0.25140845070422535 0.01004228329809725 0.1295774647887324
1 0.9008985200845666 0.5485915492957747 0.012156448202959831 0.07183098591549296
1 0.8990486257928119 0.7573943661971831 0.011627906976744186 0.12183098591549296
1 0.17362579281183932 0.1813380281690141 0.01004228329809725 0.1471830985915493
1 0.10068710359408034 0.20880281690140845 0.01004228329809725 0.31619718309859157