2 0.09198113207547169 0.3028571428571429 0.11706689536878216 0.2377142857142857
2 0.24678387650085765 0.46 0.1753859348198971 0.18285714285714286
2 0.2448542024013722 0.2742857142857143 0.17495711835334476 0.17257142857142857
2 0.3833619210977702 0.2362857142857143 0.08490566037735849 0.09885714285714285
2 0.483704974271012 0.2337142857142857 0.10548885077186965 0.09142857142857143
2 0.4841337907375643 0.3782857142857143 0.10634648370497427 0.18285714285714286
2 0.48456260720411665 0.516 0.10548885077186965 0.06971428571428571
2 0.38228987993138935 0.3842857142857143 0.08018867924528301 0.18685714285714286
2 0.3582761578044597 0.5217142857142857 0.03216123499142367 0.056
2 0.40437392795883365 0.5137142857142857 0.044596912521440824 0.072
2 0.40265866209262435 0.6414285714285715 0.16295025728987994 0.16514285714285715
2 0.5126500857632933 0.6388571428571429 0.049313893653516294 0.16228571428571428
2 0.7131217838765008 0.29542857142857143 0.2658662092624357 0.21714285714285714
2 0.6560891938250428 0.484 0.1595197255574614 0.13485714285714287
2 0.8516295025728988 0.6394285714285715 0.2144082332761578 0.16342857142857142
2 0.7641509433962265 0.4845714285714286 0.036020583190394515 0.136
2 0.8186106346483705 0.48314285714285715 0.04974271012006861 0.13542857142857143
2 0.9028730703259005 0.36914285714285716 0.10934819897084049 0.36457142857142855
0 0.9090909090909091 0.5791428571428572 0.04373927958833619 0.061142857142857145
0 0.6518010291595198 0.38971428571428574 0.07032590051457976 0.056
0 0.7570754716981132 0.3942857142857143 0.029588336192109776 0.046857142857142854
0 0.8089622641509434 0.39371428571428574 0.030445969125214408 0.048
0 0.40866209262435677 0.31114285714285717 0.04373927958833619 0.05885714285714286
0 0.45047169811320753 0.30914285714285716 0.03902229845626072 0.044571428571428574
0 0.46976843910806176 0.49457142857142855 0.033876500857632934 0.06
0 0.4712692967409949 0.6582857142857143 0.0411663807890223 0.054857142857142854
0 0.46162092624356776 0.5765714285714286 0.037307032590051456 0.05828571428571429
0 0.3591337907375643 0.5725714285714286 0.036449399656946824 0.056
0 0.13636363636363635 0.33914285714285713 0.05317324185248713 0.04857142857142857
0 0.3211835334476844 0.3342857142857143 0.048027444253859346 0.056
0 0.3216123499142367 0.3982857142857143 0.04631217838765009 0.054857142857142854
0 0.3747855917667238 0.4674285714285714 0.05060034305317324 0.045714285714285714
1 0.15523156089193826 0.47885714285714287 0.011149228130360206 0.06857142857142857
1 0.15587478559176673 0.28 0.01072041166380789 0.06742857142857143
1 0.5426672384219554 0.35714285714285715 0.008147512864493996 0.03542857142857143
1 0.5759005145797599 0.29514285714285715 0.008576329331046312 0.14342857142857143
1 0.576114922813036 0.4534285714285714 0.006432246998284734 0.06571428571428571
1 0.5411663807890223 0.25971428571428573 0.007718696397941681 0.029142857142857144