2 0.13291139240506328 0.16569200779727095 0.17848101265822786 0.12475633528265107
2 0.3 0.1398635477582846 0.16075949367088607 0.18226120857699804
2 0.17436708860759495 0.3313840155945419 0.260126582278481 0.16764132553606237
2 0.1310126582278481 0.695906432748538 0.1759493670886076 0.543859649122807
2 0.31329113924050633 0.746588693957115 0.16962025316455695 0.27680311890838205
2 0.3193037974683544 0.408869395711501 0.14367088607594936 0.3382066276803119
2 0.4753164556962025 0.3416179337231969 0.16962025316455695 0.44541910331384016
2 0.5012658227848101 0.7339181286549707 0.20759493670886076 0.3079922027290448
2 0.6443037974683544 0.5867446393762183 0.15443037974683543 0.3138401559454191
2 0.6670886075949367 0.7587719298245614 0.11518987341772152 0.11403508771929824
2 0.670253164556962 0.8942495126705653 0.10632911392405063 0.11208576998050682
2 0.8443037974683544 0.6700779727095516 0.23417721518987342 0.449317738791423
2 0.9015822784810127 0.26851851851851855 0.11329113924050632 0.30896686159844056
2 0.745253164556962 0.27046783625730997 0.17911392405063292 0.30116959064327486
2 0.6028481012658228 0.21978557504873295 0.08417721518987342 0.19785575048732942
2 0.605379746835443 0.3762183235867446 0.08544303797468354 0.10136452241715399
0 0.5379746835443038 0.2246588693957115 0.05063291139240506 0.06920077972709551
0 0.3449367088607595 0.19980506822612085 0.04556962025316456 0.07407407407407407
0 0.2439873417721519 0.1861598440545809 0.060126582278481014 0.06237816764132553
0 0.28449367088607597 0.32943469785575047 0.05126582278481013 0.0682261208576998
0 0.1778481012658228 0.28362573099415206 0.05443037974683544 0.0682261208576998
0 0.3651898734177215 0.5355750487329435 0.04430379746835443 0.07894736842105263
0 0.2518987341772152 0.7997076023391813 0.056962025316455694 0.06920077972709551
0 0.28259493670886077 0.9195906432748538 0.03734177215189873 0.0847953216374269
0 0.5354430379746835 0.4780701754385965 0.049367088607594936 0.07115009746588694
0 0.6082278481012658 0.4668615984405458 0.04810126582278481 0.07992202729044834
0 0.6810126582278481 0.4644249512670565 0.05063291139240506 0.08089668615984405
0 0.6889240506329114 0.7417153996101364 0.04493670886075949 0.07017543859649122
0 0.689873417721519 0.8586744639376218 0.04430379746835443 0.08576998050682261
0 0.8731012658227848 0.4010721247563353 0.046202531645569624 0.07115009746588694
1 0.5142405063291139 0.8884015594541911 0.10063291139240506 0.03216374269005848
1 0.489873417721519 0.10623781676413255 0.1 0.031189083820662766
1 0.6025316455696202 0.10575048732943469 0.04810126582278481 0.016569200779727095
1 0.7183544303797469 0.11062378167641325 0.09746835443037975 0.02046783625730994
1 0.9693037974683544 0.27485380116959063 0.02341772151898734 0.1267056530214425
1 0.9680379746835444 0.6686159844054581 0.019620253164556962 0.2982456140350877