1 0.1109002169197397 0.13092933204259438 0.06019522776572668 0.10116166505324298
1 0.16323210412147504 0.26185866408518876 0.15835140997830802 0.1442400774443369
1 0.23129067245119306 0.41674733785091966 0.30314533622559653 0.14714424007744434
1 0.3139913232104121 0.2807357212003872 0.12906724511930587 0.10842207163601161
1 0.5021691973969631 0.37899322362052273 0.21691973969631237 0.2245885769603098
1 0.306941431670282 0.14956437560503388 0.11062906724511931 0.13165537270087124
1 0.19766811279826466 0.1314133591481123 0.09815618221258135 0.1021297192642788
1 0.5336225596529284 0.17061955469506293 0.31778741865509763 0.18054211035818005
1 0.6922451193058569 0.3318005808325266 0.13828633405639915 0.1340755082284608
1 0.6691973969631236 0.4259438528557599 0.09652928416485901 0.04259438528557599
1 0.8297180043383948 0.4160212971926428 0.1963123644251627 0.15246853823814133
1 0.8226681127982647 0.29985479186834463 0.06941431670281996 0.07212003872216845
1 0.892353579175705 0.30033881897386255 0.06344902386117136 0.07115198451113262
1 0.8099240780911063 0.16844143272023232 0.22613882863340565 0.17618586640851888
0 0.6225596529284165 0.08470474346563407 0.052060737527114966 0.06582768635043562
0 0.2649132321041215 0.13601161665053244 0.042841648590021694 0.03291384317521781
0 0.31155097613882865 0.23741529525653438 0.04609544468546638 0.04211035818005808
0 0.10547722342733189 0.2015972894482091 0.04067245119305857 0.04017424975798645
0 0.06290672451193059 0.31147144240077446 0.05639913232104121 0.04211035818005808
0 0.14587852494577006 0.3213939980638916 0.05422993492407809 0.04743465634075508
0 0.2410520607375271 0.3153436592449177 0.09707158351409978 0.037270087124878996
0 0.3294468546637744 0.32236205227492737 0.05151843817787419 0.051306873184898356
0 0.6344902386117137 0.3143756050338819 0.057483731019522775 0.04114230396902226
0 0.6762472885032538 0.38528557599225555 0.057483731019522775 0.049370764762826716
0 0.6743492407809111 0.4687802516940949 0.05911062906724512 0.055663117134559535
0 0.7537960954446855 0.35696999031945786 0.05422993492407809 0.04017424975798645
0 0.8934381778741866 0.3552758954501452 0.045010845986984814 0.04549854791868345
0 0.7678958785249458 0.3044530493707648 0.05639913232104121 0.03581800580832527
0 0.7573210412147505 0.2437076476282672 0.04718004338394794 0.045982575024201354
2 0.6876355748373102 0.7657308809293321 0.3297180043383948 0.3388189738625363
2 0.2982646420824295 0.8504356243949661 0.4349240780911063 0.17618586640851888
2 0.4210954446854664 0.6766698935140368 0.18492407809110628 0.1606969990319458
2 0.12120390455531453 0.6355275895450145 0.08080260303687635 0.07647628267182963
2 0.11876355748373102 0.7173281703775412 0.08026030368763558 0.07744433688286544
2 0.24349240780911063 0.6892545982575025 0.14967462039045554 0.12778315585672798
1 0.2779284164859002 0.4929816069699903 0.06453362255965293 0.009196515004840271
1 0.32537960954446854 0.4929816069699903 0.03470715835140998 0.005324298160696999
1 0.46231019522776573 0.49346563407550825 0.028741865509761388 0.008228460793804453
1 0.5203362255965293 0.4939496611810261 0.08080260303687635 0.007260406582768635
1 0.7939262472885033 0.49346563407550825 0.03253796095444685 0.01016456921587609
1 0.8446312364425163 0.4929816069699903 0.06236442516268981 0.009196515004840271
1 0.20661605206073752 0.0776863504356244 0.0368763557483731 0.007260406582768635
1 0.2787418655097614 0.08059051306873184 0.019522776572668113 0.01016456921587609
1 0.31616052060737526 0.07889641819941917 0.0596529284164859 0.00968054211035818
1 0.4661062906724512 0.08107454017424975 0.0851409978308026 0.009196515004840271
1 0.5447396963123644 0.07986447241045498 0.0851409978308026 0.011616650532429816
1 0.7928416485900217 0.07889641819941917 0.0368763557483731 0.011616650532429816
1 0.8440889370932755 0.07986447241045498 0.061279826464208244 0.011616650532429816
1 0.4284164859002169 0.5922071636011617 0.0911062906724512 0.01016456921587609
1 0.22044468546637744 0.9402226524685382 0.10140997830802603 0.0062923523717328175
1 0.47261388286334055 0.9387705711519845 0.0797180043383948 0.011132623426911906
1 0.7079718004338394 0.9387705711519845 0.10032537960954446 0.009196515004840271
1 0.2047180043383948 0.6272991287512101 0.028741865509761388 0.010648596321393998
1 0.29365509761388287 0.6282671829622459 0.03524945770065076 0.003872216844143272
0 0.24511930585683298 0.6268151016456922 0.05856832971800434 0.10164569215876089
0 0.3110086767895879 0.6515004840271055 0.04934924078091106 0.03388189738625363
0 0.18004338394793926 0.6817521781219749 0.05314533622559653 0.07599225556631171
0 0.20905639913232105 0.7410454985479187 0.06453362255965293 0.05421103581800581
0 0.607646420824295 0.5655856727976767 0.13720173535791758 0.05759922555663117
0 0.7613882863340564 0.5643756050338818 0.12472885032537961 0.061955469506292354
0 0.4967462039045553 0.9172313649564375 0.049891540130151846 0.0377541142303969
0 0.6442516268980477 0.914811229428848 0.052060737527114966 0.03291384317521781