2 0.5222701149425287 0.1225831399845321 0.771551724137931 0.12606341840680588
2 0.2995689655172414 0.3866976024748647 0.33189655172413796 0.34648105181747874
2 0.6918103448275862 0.5324825986078886 0.4209770114942529 0.6442382057231245
2 0.26436781609195403 0.7993039443155452 0.22126436781609196 0.09358081979891725
2 0.3045977011494253 0.6550657385924207 0.3132183908045977 0.18097447795823665
0 0.5790229885057471 0.9079659706109822 0.14367816091954022 0.11136890951276102
0 0.5589080459770115 0.1728538283062645 0.13793103448275862 0.08275328692962104
0 0.41379310344827586 0.26063418406805877 0.14942528735632185 0.07579273008507348
0 0.40948275862068967 0.4748646558391338 0.1781609195402299 0.06805877803557618
0 0.2974137931034483 0.7196442382057231 0.15517241379310345 0.0765661252900232
0 0.5373563218390804 0.6597061098221191 0.13218390804597702 0.07269914926527456
1 0.2686781609195402 0.19876256767208042 0.22413793103448276 0.02320185614849188
1 0.7543103448275862 0.19644238205723125 0.22988505747126436 0.018561484918793503
1 0.30962643678160917 0.8766434648105181 0.05890804597701149 0.03789636504253674