2 0.10559006211180125 0.42655699177438305 0.13540372670807455 0.7215041128084606
2 0.4018633540372671 0.6768507638072856 0.4186335403726708 0.2256169212690952
2 0.44627329192546583 0.3190364277320799 0.5074534161490684 0.4735605170387779
2 0.8322981366459627 0.26674500587544064 0.2484472049689441 0.35487661574618096
2 0.8562111801242236 0.6386603995299648 0.2031055900621118 0.38425381903642775
2 0.6826086956521739 0.6398354876615746 0.14409937888198757 0.3889541715628672
0 0.6658385093167701 0.8413631022326674 0.06335403726708075 0.2444183313748531
0 0.6413043478260869 0.6222091656874266 0.07018633540372671 0.10693301997649823
0 0.7854037267080746 0.6051703877790834 0.08385093167701864 0.14571092831962398
0 0.7341614906832298 0.3783783783783784 0.07204968944099378 0.11750881316098707
0 0.3108695652173913 0.5064629847238543 0.059006211180124224 0.12925969447708577
0 0.153416149068323 0.4806110458284371 0.08322981366459627 0.10810810810810811
0 0.15590062111801242 0.6298472385428907 0.0782608695652174 0.0963572267920094
0 0.3937888198757764 0.6239717978848414 0.058385093167701865 0.10340775558166862
1 0.4704968944099379 0.06698002350176263 0.034161490683229816 0.03760282021151586
1 0.5618012422360248 0.06698002350176263 0.11366459627329192 0.03525264394829612
1 0.6565217391304348 0.06639247943595769 0.03850931677018633 0.036427732079905996
1 0.9677018633540373 0.34665099882491185 0.02111801242236025 0.17156286721504113
1 0.9670807453416149 0.5616921269095182 0.02111801242236025 0.1809635722679201