2 0.43082851637764935 0.20852593733949668 0.13179190751445086 0.16127375449409348
2 0.5660886319845857 0.30868002054442734 0.13410404624277455 0.3656908063687725
2 0.5749518304431599 0.551617873651772 0.11791907514450867 0.11607601438109913
2 0.41541425818882466 0.5377503852080123 0.10712909441233141 0.1397021058038007
2 0.4485549132947977 0.7508988186954288 0.16878612716763006 0.26810477657935283
2 0.5152215799614643 0.07601438109912687 0.23121387283236994 0.07909604519774012
2 0.42928709055876685 0.37596302003081666 0.13179190751445086 0.16743708269132
0 0.4863198458574181 0.2650231124807396 0.036223506743737956 0.044170518746789934
0 0.5344894026974952 0.108371854134566 0.04315992292870906 0.05752439650744735
0 0.5526011560693641 0.519774011299435 0.03314065510597303 0.046224961479198766
0 0.5198458574181117 0.5670261941448382 0.04007707129094412 0.05238828967642527
0 0.48477842003853566 0.5177195685670262 0.03159922928709056 0.042116076014381096
0 0.5167630057803468 0.635336414997432 0.03391136801541426 0.05136106831022085
0 0.5121387283236994 0.41191576784797124 0.035452793834296725 0.03800719054956343
0 0.4238921001926782 0.3913713405238829 0.03468208092485549 0.042116076014381096
1 0.4254335260115607 0.6127375449409348 0.05934489402697495 0.012326656394453005
1 0.5838150289017341 0.613251155624037 0.047784200385356454 0.007190549563430919
1 0.5911368015414258 0.1263482280431433 0.048554913294797684 0.007190549563430919
1 0.464354527938343 0.1258346173600411 0.06011560693641618 0.0061633281972265025