2 0.17314246762099522 0.6108897742363878 0.09406952965235174 0.5099601593625498
2 0.46966598500340834 0.4402390438247012 0.4608043626448534 0.8193891102257637
2 0.8183367416496251 0.6686586985391766 0.21336059986366734 0.3598937583001328
2 0.810838445807771 0.25298804780876494 0.23244717109747784 0.45285524568393093
0 0.6189502385821404 0.8652058432934927 0.043626448534423996 0.22177954847277556
0 0.2283571915473756 0.4209827357237716 0.11042944785276074 0.10358565737051793
0 0.581799591002045 0.4030544488711819 0.05112474437627812 0.10756972111553785
0 0.7314246762099523 0.4249667994687915 0.0627130197682345 0.09296148738379814
0 0.732788002726653 0.798140770252324 0.0681663258350375 0.09561752988047809
1 0.9338786639400136 0.24767596281540505 0.013633265167007498 0.2350597609561753
1 0.9338786639400136 0.7144754316069057 0.014996591683708248 0.23107569721115537
1 0.2280163599182004 0.20053120849933598 0.018404907975460124 0.2656042496679947
1 0.23006134969325154 0.6699867197875166 0.018404907975460124 0.3545816733067729