2 0.49641873278236914 0.23072889355007867 0.8297520661157025 0.33245936025170425
2 0.22258953168044077 0.6151022548505506 0.27548209366391185 0.4195070791819612
2 0.39944903581267216 0.7779234399580492 0.06721763085399449 0.0896696381751442
2 0.4581267217630854 0.8935500786575773 0.1977961432506887 0.12375458835867856
2 0.6396694214876033 0.7383324593602517 0.1696969696969697 0.16885159937073937
2 0.8225895316804408 0.7383324593602517 0.17079889807162535 0.1709491347666492
2 0.4922865013774105 0.7789722076560042 0.09752066115702479 0.09176717357105402
2 0.45068870523415977 0.6512847404299947 0.18071625344352618 0.15102254850550603
2 0.43168044077134987 0.4847928683796539 0.13608815426997245 0.1557420031463031
2 0.5517906336088154 0.4826953329837441 0.08429752066115702 0.16727844782380702
2 0.6454545454545455 0.44782380702674357 0.08650137741046832 0.09334032511798637
2 0.6460055096418733 0.5372312532773991 0.08760330578512397 0.062401678028316726
2 0.806060606060606 0.483744100681699 0.20826446280991737 0.16518091242789723
2 0.6677685950413224 0.6095962244362874 0.2490358126721763 0.07184058730991086
1 0.1578512396694215 0.8287886733088621 0.08099173553719008 0.007865757734661772
1 0.3143250688705234 0.8293130571578395 0.03581267217630854 0.008914525432616675
1 0.6581267217630854 0.8311484006292607 0.08980716253443526 0.011536444677503933
1 0.8305785123966942 0.8293130571578395 0.08650137741046832 0.01101206082852648
1 0.8162534435261708 0.39800734137388566 0.07988980716253444 0.012585212375458836
1 0.6553719008264463 0.3985317252228631 0.03691460055096419 0.011536444677503933
1 0.5614325068870524 0.3969585736759308 0.03415977961432507 0.008390141583639224
1 0.12506887052341598 0.3998426848453068 0.047382920110192836 0.01415836392239119
1 0.16942148760330578 0.3998426848453068 0.032506887052341595 0.01415836392239119
1 0.21515151515151515 0.4014158363922391 0.04022038567493113 0.01101206082852648
0 0.31129476584022037 0.3788673308862087 0.05289256198347107 0.058206607236497114
0 0.4325068870523416 0.38122705820660724 0.05509641873278237 0.051389617199790245
0 0.43305785123966944 0.591767173571054 0.05619834710743802 0.060304142632406924
0 0.40633608815426997 0.7089669638175145 0.0534435261707989 0.05663345568956476
0 0.47878787878787876 0.854745673833246 0.05509641873278237 0.054535920293654956
0 0.47823691460055096 0.7519664394336655 0.051790633608815424 0.06292606187729417
0 0.559228650137741 0.5912427897220766 0.051790633608815424 0.05715783953854221
0 0.6644628099173554 0.5896696381751442 0.06831955922865014 0.046670162558993186
0 0.6617079889807163 0.6743576297850026 0.06501377410468319 0.05977975878342947
0 0.7650137741046832 0.6685894074462506 0.046831955922865015 0.054535920293654956
0 0.7663911845730027 0.5511274252753016 0.051790633608815424 0.051389617199790245
0 0.8162534435261708 0.5951756685894074 0.05674931129476584 0.04090194022024122