2 0.08444187391555813 0.05795847750865052 0.08675534991324466 0.08823529411764706
2 0.08530942741469057 0.14302191464821223 0.09080393290919607 0.05420991926182238
2 0.15731636784268363 0.29123414071510956 0.23019086176980913 0.21914648212226068
2 0.2032967032967033 0.09544405997693195 0.13013302486986697 0.15974625144175317
2 0.34297281665702717 0.12918108419838523 0.12724117987275882 0.22260668973471742
2 0.3953152111046848 0.32439446366782004 0.2296124927703875 0.15974625144175317
2 0.5598611914401388 0.12745098039215685 0.29612492770387505 0.23414071510957324
2 0.5968768074031232 0.2935409457900807 0.14459224985540775 0.22145328719723184
2 0.7345286292654714 0.35611303344867357 0.1434355118565645 0.34659746251441753
2 0.7024291497975709 0.5859284890426759 0.07345286292654714 0.10380622837370242
2 0.7044534412955465 0.6744521337946944 0.07750144592249855 0.050173010380622836
2 0.8227299016772701 0.7895040369088812 0.29786003470213995 0.28719723183391005
2 0.9239444765760555 0.6562860438292965 0.08849045691150954 0.09919261822376009
2 0.9282822440717178 0.548154555940023 0.08444187391555813 0.0986159169550173
2 0.810294968189705 0.566320645905421 0.11798727588201273 0.14302191464821223
2 0.9054366685945633 0.4405997693194925 0.13013302486986697 0.08765859284890427
2 0.8892423366107577 0.28344867358708187 0.15789473684210525 0.20588235294117646
2 0.85106998264893 0.09313725490196079 0.2446500867553499 0.16089965397923875
0 0.7232504337767496 0.955594002306805 0.044534412955465584 0.04844290657439446
0 0.5696934644303066 0.42877739331026526 0.05205320994794679 0.05594002306805075
0 0.8241758241758241 0.31805074971164937 0.048582995951417005 0.04440599769319493
0 0.863504916136495 0.19348327566320647 0.038172353961827644 0.04209919261822376
0 0.9008097165991903 0.37139561707035756 0.038750722961249276 0.0461361014994233
0 0.8617698091382302 0.5657439446366782 0.048582995951417005 0.03460207612456748
0 0.736552920763447 0.5645905420991926 0.04684788895315211 0.03690888119953864
0 0.683342972816657 0.6300461361014994 0.035280508964719494 0.039792387543252594
0 0.5286292654713707 0.3607266435986159 0.04742625795257374 0.03748558246828143
0 0.15037593984962405 0.0657439446366782 0.04973973395026027 0.03575547866205306
0 0.1492192018507808 0.13581314878892733 0.04742625795257374 0.025951557093425604
0 0.1642567958357432 0.1577277970011534 0.04626951995373048 0.04325259515570934
1 0.8672643146327357 0.9382929642445214 0.12203585887796414 0.01845444059976932
1 0.1509543088490457 0.4085928489042676 0.20358588779641412 0.015570934256055362
1 0.19346443030653557 0.012110726643598616 0.0896471949103528 0.011534025374855825
1 0.34210526315789475 0.012110726643598616 0.10005783689994216 0.006920415224913495
1 0.48409485251590517 0.01124567474048443 0.09253903990746096 0.015570934256055362
1 0.6388085598611914 0.01384083044982699 0.10352805089647195 0.008073817762399077