2 0.3554766734279919 0.10527777777777778 0.49391480730223125 0.135
2 0.263184584178499 0.30722222222222223 0.3133874239350913 0.21888888888888888
2 0.1881338742393509 0.42083333333333334 0.16328600405679514 0.06166666666666667
2 0.2834685598377282 0.5358333333333334 0.34178498985801214 0.22611111111111112
2 0.6125760649087221 0.4519444444444444 0.3772819472616633 0.5172222222222222
2 0.2839756592292089 0.7361111111111112 0.35496957403651114 0.15333333333333332
2 0.652129817444219 0.7577777777777778 0.3630831643002028 0.09777777777777778
2 0.19574036511156187 0.8830555555555556 0.17038539553752535 0.12055555555555555
0 0.38184584178498987 0.35333333333333333 0.10649087221095335 0.05444444444444444
0 0.2063894523326572 0.36138888888888887 0.10851926977687627 0.06277777777777778
0 0.22870182555780932 0.5411111111111111 0.09837728194726167 0.04555555555555556
0 0.4969574036511156 0.4886111111111111 0.10141987829614604 0.04722222222222222
0 0.5025354969574036 0.6063888888888889 0.11257606490872211 0.04833333333333333
0 0.4117647058823529 0.7325 0.11359026369168357 0.049444444444444444
0 0.5233265720081136 0.8408333333333333 0.10953346855983773 0.065
0 0.7489858012170385 0.8408333333333333 0.10446247464503043 0.06277777777777778
0 0.33468559837728196 0.87 0.11764705882352941 0.042222222222222223
0 0.531947261663286 0.15833333333333333 0.10649087221095335 0.05555555555555555
1 0.6977687626774848 0.18611111111111112 0.17647058823529413 0.016666666666666666
1 0.34787018255578095 0.18472222222222223 0.12170385395537525 0.019444444444444445
1 0.8392494929006086 0.2688888888888889 0.033468559837728194 0.10222222222222223
1 0.8397565922920892 0.4638888888888889 0.032454361054766734 0.08444444444444445