2 0.6986373165618449 0.12066940692894891 0.4748427672955975 0.14856136230182032
2 0.7819706498951782 0.3220786846741045 0.29979035639413 0.22372284204345272
2 0.860587002096436 0.4380504991192014 0.16561844863731656 0.05989430416911333
2 0.41457023060796644 0.4679976512037581 0.3658280922431866 0.5155607751027599
2 0.3107966457023061 0.7759835584263065 0.14360587002096437 0.091015854374633
2 0.49056603773584906 0.7780387551379918 0.19916142557651992 0.10334703464474457
2 0.6069182389937107 0.8872577803875514 0.2830188679245283 0.09630064591896653
2 0.8527253668763103 0.9004697592483852 0.16247379454926625 0.12155020551967116
2 0.7657232704402516 0.7492660011743981 0.33228511530398325 0.14210217263652378
2 0.6839622641509434 0.6203758073987081 0.15828092243186584 0.09923664122137404
2 0.7746331236897275 0.5549031121550205 0.33962264150943394 0.23253082795067528
0 0.5277777777777778 0.18056371109806224 0.09538784067085954 0.05813270698766882
0 0.6682389937106918 0.3708162066940693 0.10796645702306079 0.0546095126247798
0 0.8385744234800838 0.38197298884321784 0.09224318658280922 0.06283029947152084
0 0.5513626834381551 0.502348796241926 0.12159329140461216 0.04403992953611274
0 0.8233752620545073 0.5596007046388726 0.07651991614255765 0.046975924838520255
0 0.5566037735849056 0.6203758073987081 0.10272536687631027 0.05578391074574281
0 0.6388888888888888 0.7495596007046389 0.10167714884696016 0.04638872577803876
0 0.7222222222222222 0.8878449794480329 0.1111111111111111 0.05284791544333529
0 0.5356394129979035 0.8508514386376982 0.09433962264150944 0.058719906048150326
0 0.3113207547169811 0.8514386376981797 0.10062893081761007 0.05989430416911333
1 0.22589098532494759 0.2856723429242513 0.03668763102725367 0.10510863182618908
1 0.22431865828092243 0.48209042865531415 0.0440251572327044 0.0916030534351145
1 0.3689727463312369 0.1996476805637111 0.18029350104821804 0.01996476805637111
1 0.7059748427672956 0.20375807398708162 0.11006289308176101 0.023487962419260128
1 0.6781970649895178 0.8323546682325308 0.11320754716981132 0.02172636523781562