2 0.32583621683967706 0.11316648531011969 0.566320645905421 0.13710554951033732
2 0.22837370242214533 0.30875952121871597 0.35294117647058826 0.22470076169749728
2 0.6395617070357554 0.4548422198041349 0.45790080738177624 0.5125136017410229
2 0.3546712802768166 0.6052774755168662 0.18339100346020762 0.0984766050054407
2 0.1447520184544406 0.42219804134929273 0.19953863898500576 0.058759521218716
2 0.24048442906574394 0.5405331882480957 0.3863898500576701 0.2366702937976061
2 0.24452133794694347 0.734766050054407 0.38985005767012687 0.15179542981501631
2 0.14936562860438293 0.8841131664853101 0.21337946943483277 0.13275299238302501
2 0.5709342560553633 0.7548966267682263 0.23529411764705882 0.0984766050054407
2 0.7814302191464821 0.7630576713819369 0.16032295271049596 0.09738846572361262
2 0.4544405997693195 0.8699673558215452 0.36678200692041524 0.10663764961915125
0 0.3033448673587082 0.8705114254624592 0.12687427912341406 0.055495103373231776
0 0.5259515570934256 0.8392274211099021 0.11764705882352941 0.06800870511425462
0 0.7768166089965398 0.8354189336235038 0.10726643598615918 0.05495103373231774
0 0.3990772779700115 0.7331338411316648 0.12687427912341406 0.05821545157780196
0 0.4953863898500577 0.6079978237214363 0.12802768166089964 0.057127312295973884
0 0.4930795847750865 0.4912948857453754 0.12341407151095732 0.05223068552774755
0 0.35870818915801617 0.3590859630032644 0.10841983852364476 0.046789989118607184
0 0.1580161476355248 0.36670293797606096 0.1245674740484429 0.056583242655059846
0 0.1914648212226067 0.5432535364526659 0.1061130334486736 0.04951033732317737
0 0.5282583621683967 0.15968443960826986 0.11534025374855825 0.046245919477693145
1 0.31891580161476357 0.18852013057671382 0.1303344867358708 0.013601741022850925
1 0.7145328719723183 0.19069640914036998 0.19953863898500576 0.015778019586507073
1 0.8869665513264129 0.2763873775843308 0.0461361014994233 0.09902067464635474
1 0.8846597462514417 0.46409140369967355 0.04152249134948097 0.08596300326441784
1 0.34544405997693195 0.8142002176278563 0.14417531718569782 0.015778019586507073