2 0.48897795591182364 0.11565338923829489 0.8557114228456913 0.18099231306778477
2 0.1848697394789579 0.41509433962264153 0.23547094188376755 0.3857442348008386
2 0.5796593186372746 0.5310971348707197 0.656312625250501 0.6093640810621943
2 0.24298597194388777 0.7236198462613557 0.3196392785571142 0.22012578616352202
1 0.15581162324649298 0.8399720475192173 0.1432865731462926 0.020964360587002098
1 0.7710420841683366 0.8399720475192173 0.1533066132264529 0.016771488469601678
1 0.1748496993987976 0.2148846960167715 0.06312625250501001 0.0286512928022362
1 0.41282565130260523 0.2138364779874214 0.10020040080160321 0.019566736547868623
1 0.7014028056112225 0.21418588399720476 0.10420841683366733 0.023060796645702306
1 0.811623246492986 0.21523410202655485 0.09619238476953908 0.026554856743535988
0 0.5420841683366734 0.18588399720475193 0.11623246492985972 0.08944793850454227
0 0.17234468937875752 0.33647798742138363 0.09218436873747494 0.058001397624039136
0 0.2575150300601202 0.33997204751921734 0.10220440881763528 0.05660377358490566
0 0.17885771543086174 0.46261355695317957 0.10320641282565131 0.06988120195667366
0 0.6282565130260521 0.6523410202655485 0.10220440881763528 0.0649895178197065
0 0.7895791583166333 0.6512928022361985 0.09018036072144289 0.05870020964360587
0 0.5425851703406813 0.5611460517120894 0.10320641282565131 0.06568832983927324
0 0.3592184368737475 0.6450034940600978 0.10521042084168336 0.06708595387840671
0 0.533066132264529 0.7540181691125087 0.10220440881763528 0.0726764500349406
0 0.5335671342685371 0.8707197763801537 0.09719438877755511 0.07547169811320754
2 0.4904809619238477 0.9091544374563243 0.24549098196392785 0.103424178895877