2 0.2541095890410959 0.16209055876685935 0.37123287671232874 0.2567437379576108
2 0.2606164383561644 0.4458092485549133 0.3363013698630137 0.26926782273603084
2 0.26438356164383564 0.751204238921002 0.33835616438356164 0.33959537572254334
2 0.6924657534246575 0.2432562620423892 0.3726027397260274 0.09826589595375723
2 0.7013698630136986 0.6139210019267822 0.3452054794520548 0.6054913294797688
1 0.17705479452054795 0.30298651252408476 0.14589041095890412 0.019267822736030827
1 0.29726027397260274 0.30611753371868977 0.07260273972602739 0.020712909441233142
1 0.5174657534246575 0.3976396917148362 0.028082191780821917 0.12668593448940269
1 0.6568493150684932 0.30611753371868977 0.21780821917808219 0.016859344894026976
1 0.5160958904109589 0.5539499036608864 0.015753424657534248 0.036608863198458574
1 0.07773972602739726 0.5580443159922929 0.02945205479452055 0.03227360308285164
1 0.07773972602739726 0.8538053949903661 0.02671232876712329 0.1151252408477842
1 0.13561643835616438 0.9303949903660886 0.050684931506849315 0.016859344894026976
1 0.3523972602739726 0.9313583815028902 0.07328767123287672 0.01878612716763006
1 0.5705479452054795 0.9318400770712909 0.050684931506849315 0.013969171483622351
1 0.5174657534246575 0.8497109826589595 0.025342465753424658 0.10886319845857419
1 0.7431506849315068 0.9296724470134875 0.1726027397260274 0.015414258188824663
0 0.3708904109589041 0.282514450867052 0.08013698630136987 0.05539499036608863
0 0.21232876712328766 0.5019267822736031 0.0821917808219178 0.06069364161849711
0 0.1952054794520548 0.5869460500963392 0.07123287671232877 0.04190751445086705
0 0.2945205479452055 0.5544315992292871 0.08493150684931507 0.05009633911368015
0 0.22123287671232877 0.6861753371868978 0.06712328767123288 0.05250481695568401
0 0.3458904109589041 0.6763005780346821 0.0684931506849315 0.057803468208092484
0 0.20787671232876712 0.8176782273603083 0.07602739726027398 0.05539499036608863
0 0.20787671232876712 0.9578516377649325 0.08150684931506849 0.06599229287090559
0 0.6462328767123288 0.7569845857418112 0.0773972602739726 0.12475915221579961
0 0.8167808219178082 0.2842003853564547 0.08150684931506849 0.07129094412331406