2 0.24510542168674698 0.12850853054485414 0.3878012048192771 0.22729774353329665
2 0.7213855421686747 0.1953769950467804 0.3930722891566265 0.10787011557512383
2 0.1536144578313253 0.403137039075399 0.19578313253012047 0.30985140341221795
2 0.15022590361445784 0.6926252063841497 0.1769578313253012 0.26802421574023116
2 0.13253012048192772 0.8728673637864612 0.14156626506024098 0.09246009906439186
2 0.24849397590361447 0.5888827738029719 0.37349397590361444 0.6604292790313704
0 0.286144578313253 0.46642817831590533 0.07379518072289157 0.05778756191524491
2 0.7112198795180723 0.593285635663181 0.35918674698795183 0.662630709961475
2 0.6389307228915663 0.7074848651623555 0.1980421686746988 0.085305448541552
2 0.6795933734939759 0.8365437534397359 0.2808734939759036 0.1717116125481563
2 0.3301957831325301 0.37534397358282884 0.16490963855421686 0.23775454045129335
0 0.6005271084337349 0.22702256466703358 0.08358433734939759 0.0654925701706109
0 0.12612951807228914 0.228673637864612 0.09563253012048192 0.06439185470555861
0 0.20481927710843373 0.5220143093010456 0.0963855421686747 0.0654925701706109
0 0.1566265060240964 0.6538249862410567 0.07379518072289157 0.05943863511282334
0 0.1615210843373494 0.7971931755641167 0.07003012048192771 0.056686846450192625
0 0.2838855421686747 0.6714364336818932 0.07530120481927711 0.05943863511282334
0 0.30948795180722893 0.5613648871766649 0.07530120481927711 0.05283434232250963
0 0.29856927710843373 0.8068244358833242 0.06551204819277108 0.05393505778756191
0 0.2989457831325301 0.9565217391304348 0.07680722891566265 0.06604292790313704
0 0.7676957831325302 0.7471106219042377 0.08509036144578314 0.12162905888827738
1 0.20218373493975902 0.24931205283434232 0.06551204819277108 0.01651073197578426
1 0.32153614457831325 0.25206384149697303 0.15060240963855423 0.013208585580627407
1 0.7628012048192772 0.2526141992294992 0.22590361445783133 0.020913593835993397
1 0.9081325301204819 0.35910842047330765 0.0286144578313253 0.1337369290038525
1 0.9081325301204819 0.5288937809576224 0.0286144578313253 0.03742432581177765
1 0.9073795180722891 0.8481012658227848 0.024096385542168676 0.13208585580627408
1 0.8512801204819277 0.9336818932305999 0.05647590361445783 0.02476609796367639
1 0.6701807228915663 0.9364336818932306 0.18373493975903615 0.023665382498624106
1 0.14646084337349397 0.9306549257017062 0.08509036144578314 0.020913593835993397
1 0.37801204819277107 0.9279031370390755 0.05120481927710843 0.02201430930104568