2 0.5779989241527703 0.22520205731080087 0.6363636363636364 0.337252020573108
2 0.2009144701452394 0.2171197648787656 0.10274341043571812 0.3769287288758266
2 0.17159763313609466 0.6502571638501102 0.157073695535234 0.3776634827332844
2 0.4018289402904788 0.577149155033064 0.28402366863905326 0.18001469507714915
2 0.5823023130715438 0.577149155033064 0.06724045185583648 0.18589272593681117
2 0.7595481441635288 0.580088170462895 0.27972027972027974 0.19030124908155768
2 0.7791823561054331 0.7553269654665687 0.23830016137708446 0.15723732549595884
2 0.5330823023130715 0.789860396767083 0.14308768154922 0.07347538574577517
2 0.43760086067778375 0.7417340191036003 0.34803657880580957 0.16825863335782512
2 0.828133405056482 0.9166054371785451 0.14039806347498654 0.13005143277002204
0 0.8550295857988166 0.8732549595885378 0.06293706293706294 0.08743570903747244
0 0.5274341043571813 0.8648052902277737 0.05325443786982249 0.07641440117560618
0 0.4381387842926304 0.7127112417340191 0.05755782678859602 0.07494489346069066
0 0.493006993006993 0.6311535635562087 0.05002689618074233 0.07641440117560618
0 0.5274341043571813 0.7171197648787656 0.05755782678859602 0.07347538574577517
0 0.6325981710597095 0.7215282880235121 0.04841312533620226 0.06465833945628215
0 0.684238838084992 0.7105069801616458 0.05164066702528241 0.07641440117560618
0 0.777568585260893 0.5797207935341661 0.047875201721355565 0.05878030859662013
0 0.6447014523937601 0.5764144011756062 0.05433028509951587 0.0653930933137399
0 0.22646584185045723 0.5337986774430565 0.05164066702528241 0.07714915503306392
0 0.23641742872512103 0.10984570168993388 0.056481979558902634 0.07127112417340191
0 0.7256589564281872 0.28545187362233654 0.11296395911780527 0.07861866274797942
1 0.35610543302850994 0.8383541513592946 0.12694997310381925 0.02204261572373255
1 0.7934373318988703 0.8339456282145481 0.06347498655190963 0.029390154298310066
1 0.9061323292092522 0.7465099191770757 0.023130715438407747 0.12490815576781777
1 0.9042495965572889 0.5720058780308597 0.02474448628294782 0.07714915503306392
1 0.9029047875201721 0.35782512858192506 0.016675632060247445 0.0470242468772961
1 0.9023668639053254 0.1899338721528288 0.023130715438407747 0.1623806024981631
1 0.8197955890263583 0.4114621601763409 0.12157073695535234 0.029390154298310066
1 0.5363098440021516 0.4074210139603233 0.03657880580957504 0.028655400440852314
1 0.35771920387305 0.41219691403379866 0.12694997310381925 0.036737692872887584
1 0.4588488434642281 0.045554739162380606 0.03980634749865519 0.03820720058780309