2 0.26978146194423513 0.10596205962059621 0.4159758854559156 0.17615176151761516
2 0.7403918613413715 0.13495934959349593 0.4107008289374529 0.1073170731707317
2 0.7483044461190655 0.44905149051490517 0.3677467972871138 0.4948509485094851
2 0.8413715146948003 0.6604336043360434 0.2057272042200452 0.08617886178861789
2 0.607008289374529 0.7319783197831978 0.08515448379804069 0.31273712737127374
2 0.7946495855312735 0.789159891598916 0.28711379050489827 0.1897018970189702
2 0.17294649585531274 0.32682926829268294 0.17709118311981914 0.23848238482384823
2 0.3617181612660136 0.35989159891598915 0.18538055764883196 0.2959349593495935
2 0.22456669178598343 0.6235772357723577 0.09947249434815374 0.34850948509485097
2 0.36661642803315747 0.6178861788617886 0.1816126601356443 0.21138211382113822
2 0.37226827430293896 0.8035230352303523 0.18990203466465713 0.15121951219512195
2 0.1239638281838734 0.629539295392954 0.08364732479276564 0.36693766937669375
2 0.18952524491333836 0.8368563685636856 0.22532027128862095 0.08455284552845528
2 0.20648078372268275 0.9317073170731708 0.2321024868123587 0.05745257452574526
1 0.06857573474001508 0.7761517615176152 0.0346646571213263 0.07371273712737128
1 0.07083647324792766 0.8390243902439024 0.03014318010550113 0.05420054200542006
1 0.07159005275056518 0.4785907859078591 0.02562170308967596 0.037940379403794036
1 0.18538055764883196 0.2008130081300813 0.15825169555388094 0.024390243902439025
1 0.30293896006028637 0.1967479674796748 0.07987942727957799 0.01951219512195122
1 0.7072343632253203 0.1956639566395664 0.2509419743782969 0.01951219512195122
1 0.5553880934438583 0.3056910569105691 0.0346646571213263 0.14200542005420055
1 0.5497362471740769 0.47804878048780486 0.02637528259231349 0.032520325203252036
1 0.5501130369253956 0.8016260162601626 0.031650339110776186 0.13550135501355012
1 0.6107761868877166 0.8929539295392954 0.058025621703089676 0.01788617886178862
1 0.80180859080633 0.8934959349593496 0.1944235116804823 0.02113821138211382
1 0.3643556895252449 0.8907859078590786 0.08666164280331574 0.022222222222222223
1 0.13112283345892992 0.8913279132791327 0.05275056518462698 0.016802168021680216
0 0.872268274302939 0.17235772357723578 0.08214016578749057 0.07913279132791327
0 0.386586284853052 0.17208672086720866 0.07987942727957799 0.06666666666666667
0 0.22682743029389602 0.4186991869918699 0.07234363225320271 0.06341463414634146
0 0.20346646571213264 0.5170731707317073 0.07837226827430294 0.04769647696476965
0 0.3123587038432555 0.4807588075880759 0.09269027882441598 0.05853658536585366
0 0.2343632253202713 0.6265582655826558 0.07686510926902788 0.05853658536585366
0 0.35870384325546345 0.6097560975609756 0.07837226827430294 0.056368563685636856
0 0.21590052750565183 0.7669376693766937 0.07912584777694047 0.055284552845528454
0 0.3556895252449133 0.751219512195122 0.07234363225320271 0.05962059620596206
0 0.2079879427279578 0.9200542005420054 0.08138658628485305 0.05907859078590786
0 0.6910324039186134 0.697560975609756 0.07686510926902788 0.11707317073170732