2 0.13963700234192036 0.17423076923076924 0.1996487119437939 0.30230769230769233
2 0.2857142857142857 0.1346153846153846 0.08899297423887588 0.21846153846153846
2 0.5629391100702577 0.2230769230769231 0.4537470725995316 0.39384615384615385
2 0.20872365339578455 0.37653846153846154 0.33782201405152223 0.08692307692307692
2 0.8673887587822015 0.2246153846153846 0.11651053864168619 0.42
2 0.8995901639344263 0.6846153846153846 0.18091334894613584 0.42
2 0.6179742388758782 0.58 0.33079625292740045 0.20307692307692307
2 0.24502341920374707 0.5838461538461538 0.4139344262295082 0.19230769230769232
2 0.3269906323185012 0.7369230769230769 0.3870023419203747 0.09230769230769231
2 0.6536885245901639 0.78 0.2640515222482436 0.18923076923076923
2 0.0857728337236534 0.7873076923076923 0.10714285714285714 0.17307692307692307
2 0.31528103044496486 0.8346153846153846 0.40456674473067916 0.08153846153846153
1 0.7903981264637002 0.6369230769230769 0.01756440281030445 0.08461538461538462
1 0.794496487119438 0.77 0.02224824355971897 0.15692307692307692
1 0.02576112412177986 0.7784615384615384 0.02459016393442623 0.14461538461538462
1 0.027224824355971896 0.5761538461538461 0.013466042154566744 0.08153846153846153
1 0.02810304449648712 0.17346153846153847 0.01639344262295082 0.18846153846153846
1 0.027224824355971896 0.375 0.032201405152224825 0.07769230769230769
1 0.1252927400468384 0.43038461538461537 0.14402810304449648 0.03
1 0.4874121779859485 0.4296153846153846 0.052107728337236536 0.031538461538461536
1 0.6814988290398126 0.4288461538461538 0.148711943793911 0.026923076923076925
1 0.7977166276346604 0.27 0.016978922716627636 0.24615384615384617
1 0.11738875878220141 0.9434615384615385 0.16686182669789226 0.08538461538461538
0 0.0860655737704918 0.9238461538461539 0.06323185011709602 0.09846153846153846
0 0.16686182669789226 0.7407692307692307 0.06674473067915691 0.07692307692307693
0 0.3252341920374707 0.7230769230769231 0.06967213114754098 0.09692307692307692
0 0.4411592505854801 0.7465384615384615 0.057962529274004686 0.08076923076923077
0 0.5541569086651054 0.7288461538461538 0.06850117096018736 0.07307692307692308
0 0.4859484777517564 0.6426923076923077 0.06323185011709602 0.08692307692307692
0 0.33782201405152223 0.5888461538461538 0.07259953161592506 0.08692307692307692
0 0.1756440281030445 0.588076923076923 0.05503512880562061 0.07153846153846154
0 0.21223653395784545 0.2853846153846154 0.06498829039812647 0.09384615384615384
0 0.2772248243559719 0.28615384615384615 0.06381733021077284 0.08461538461538462
0 0.8264051522248244 0.09961538461538462 0.07318501170960187 0.07615384615384616
0 0.8158665105386417 0.551923076923077 0.0743559718969555 0.08846153846153847
1 0.15866510538641687 0.8861538461538462 0.07377049180327869 0.024615384615384615
1 0.4847775175644028 0.8842307692307693 0.03629976580796253 0.03461538461538462
1 0.7971311475409836 0.6342307692307693 0.018149882903981264 0.07307692307692308
1 0.792447306791569 0.765 0.021662763466042154 0.15923076923076923