2 0.14667154352596928 0.2391304347826087 0.2260424286759327 0.36613272311212813
2 0.4272128749085589 0.2448512585812357 0.3145574250182882 0.3684210526315789
2 0.7114118507681053 0.2437070938215103 0.23482077542062912 0.36613272311212813
2 0.11338697878566203 0.4971395881006865 0.15947329919531822 0.11327231121281464
2 0.12472567666422824 0.6224256292906178 0.11777615215801024 0.10755148741418764
2 0.1119239209948793 0.7797482837528604 0.14923189465983908 0.17276887871853547
2 0.28566203365032916 0.6550343249427918 0.17922457937088515 0.41533180778032036
2 0.6075347476225311 0.6578947368421053 0.4425749817117776 0.43707093821510296
2 0.8975859546452085 0.6538901601830663 0.1141185076810534 0.4290617848970252
1 0.15325530358449158 0.05091533180778032 0.1397220190197513 0.02631578947368421
1 0.3536942209217264 0.05491990846681922 0.06803218727139722 0.020594965675057208
1 0.5146305779078274 0.055491990846681924 0.13386978785662035 0.021739130434782608
1 0.8357717629846378 0.25 0.012435991221653255 0.21624713958810068
1 0.8357717629846378 0.7162471395881007 0.013899049012435992 0.2379862700228833
0 0.22750548646671542 0.39473684210526316 0.058522311631309436 0.10068649885583524
0 0.3478419897585955 0.39816933638443935 0.06364301389904901 0.10297482837528604
0 0.6203365032918801 0.37414187643020597 0.08193123628383321 0.10297482837528604
0 0.4063643013899049 0.4931350114416476 0.06803218727139722 0.09382151029748284
0 0.8624725676664228 0.5417620137299771 0.08339429407461595 0.09954233409610984
0 0.21177761521580102 0.517162471395881 0.05779078273591807 0.06636155606407322
0 0.2125091441111924 0.61441647597254 0.06071689831748354 0.08924485125858124
0 0.2143379663496708 0.8192219679633868 0.07168983174835405 0.09382151029748284
0 0.2798098024871982 0.914187643020595 0.06656912948061448 0.10755148741418764