2 0.5863914373088684 0.0898876404494382 0.7599388379204893 0.12199036918138041
2 0.5856269113149847 0.33386837881219905 0.7247706422018348 0.30497592295345105
2 0.8081039755351682 0.5706260032102729 0.3103975535168196 0.17335473515248795
2 0.7836391437308868 0.7740770465489567 0.35015290519877673 0.20947030497592295
2 0.0871559633027523 0.4044943820224719 0.1712538226299694 0.4301765650080257
2 0.0963302752293578 0.7471910112359551 0.1834862385321101 0.24719101123595505
2 0.42813455657492355 0.57223113964687 0.43119266055045874 0.1781701444622793
2 0.4059633027522936 0.7772873194221509 0.38073394495412843 0.2030497592295345
0 0.36162079510703365 0.21187800963081863 0.23700305810397554 0.07062600321027288
0 0.7629969418960245 0.21910112359550563 0.14984709480122324 0.09309791332263243
0 0.4625382262996942 0.9466292134831461 0.1819571865443425 0.08587479935794542