2 0.2751247327156094 0.21898496240601503 0.406272273699216 0.38533834586466165
2 0.6528866714183892 0.16165413533834586 0.3406985032074127 0.2706766917293233
2 0.8937990021382751 0.14896616541353383 0.10406272273699216 0.23966165413533835
2 0.7655024946543122 0.44642857142857145 0.3178902352102637 0.2725563909774436
2 0.559871703492516 0.36372180451127817 0.09194583036350677 0.11654135338345864
2 0.27548111190306485 0.6278195488721805 0.41411261582323594 0.39097744360902253
2 0.5424091233071988 0.5051691729323309 0.13399857448325017 0.1550751879699248
2 0.3132573057733428 0.7265037593984962 0.11475409836065574 0.18233082706766918
0 0.5427655024946543 0.45629699248120303 0.0548823948681397 0.06860902255639098
0 0.5741268709907341 0.4769736842105263 0.07198859586600143 0.09868421052631579
0 0.83464005702067 0.231203007518797 0.15395580898075553 0.08646616541353383
0 0.5060584461867427 0.25798872180451127 0.07270135424091233 0.07612781954887218
0 0.3970064148253742 0.7213345864661654 0.05987170349251604 0.07048872180451128
0 0.4419101924447612 0.8228383458646616 0.08410548823948681 0.19642857142857142
1 0.05737704918032787 0.22180451127819548 0.024946543121881683 0.3176691729323308
1 0.05666429080541696 0.5281954887218046 0.01924447612259444 0.11090225563909774
1 0.14932287954383464 0.8303571428571429 0.06200997861724875 0.042293233082706765
1 0.928367783321454 0.45864661654135336 0.022095509622238062 0.18233082706766918
1 0.8314326443335709 0.10479323308270677 0.01496792587312901 0.1550751879699248