2 0.1692131398013751 0.2536704730831974 0.18258212375859434 0.2936378466557912
2 0.38235294117647056 0.25 0.2238349885408709 0.2911908646003263
2 0.7834224598930482 0.2532626427406199 0.2452253628724217 0.29771615008156604
2 0.5767761650114591 0.2132952691680261 0.14209320091673033 0.21778140293637846
2 0.3689839572192513 0.5562805872756933 0.5668449197860963 0.28548123980424145
2 0.5752482811306341 0.37112561174551384 0.1359816653934301 0.08972267536704731
2 0.7188693659281895 0.5615823817292006 0.11459129106187929 0.28466557911908646
2 0.40412528647822765 0.8193311582381729 0.3315508021390374 0.2128874388254486
2 0.15049656226126815 0.8401305057096248 0.15278838808250572 0.22512234910277323
1 0.06722689075630252 0.5942088091353996 0.025974025974025976 0.22593800978792822
1 0.1959511077158136 0.09257748776508973 0.11688311688311688 0.028548123980424143
1 0.43239113827349124 0.08890701468189233 0.10542398777692895 0.02773246329526917
1 0.5530939648586708 0.0933931484502447 0.04583651642475172 0.030179445350734094
1 0.9136745607333843 0.3128058727569331 0.025974025974025976 0.13458401305057097
1 0.23414820473644002 0.7956769983686787 0.019098548510313215 0.10358890701468189
1 0.06760886172650879 0.5872756933115824 0.03437738731856379 0.21859706362153344
0 0.17914438502673796 0.7206362153344209 0.06340718105423988 0.12969004893964112
0 0.5351413292589763 0.7377650897226754 0.061879297173414824 0.08075040783034258
0 0.6180290297937356 0.6802610114192496 0.06417112299465241 0.0766721044045677
0 0.6256684491978609 0.6133768352365416 0.058059587471352175 0.05057096247960848
0 0.6829640947288006 0.5611745513866232 0.04125286478227655 0.05057096247960848
0 0.6802902979373567 0.36541598694942906 0.07715813598166539 0.07177814029363784
0 0.5572956455309397 0.34910277324632955 0.04507257448433919 0.053833605220228384
0 0.46715049656226126 0.36541598694942906 0.07563025210084033 0.06851549755301795
0 0.47708174178762414 0.19208809135399674 0.06340718105423988 0.05791190864600326