1 0.1254996003197442 0.04387656702025072 0.08473221422861711 0.027965284474445518
1 0.390087929656275 0.044840887174541946 0.14708233413269384 0.026036644165863067
1 0.6083133493205436 0.2415621986499518 0.1310951239008793 0.03567984570877531
2 0.3469224620303757 0.39247830279652846 0.28776978417266186 0.6364513018322083
2 0.6103117505995204 0.4932497589199614 0.2278177458033573 0.4522661523625844
2 0.6035171862509991 0.12921890067502412 0.21422861710631494 0.18322082931533268
2 0.1278976818545164 0.6885245901639344 0.1374900079936051 0.304725168756027
2 0.13029576338928858 0.3770491803278688 0.14228617106314947 0.2854387656702025
2 0.1286970423661071 0.1485053037608486 0.1342925659472422 0.1523625843780135
0 0.12629896083133493 0.9016393442622951 0.09272581934452438 0.1369334619093539
0 0.15987210231814547 0.5703953712632595 0.0639488409272582 0.10703953712632594
0 0.15827338129496402 0.2796528447444552 0.07354116706634692 0.10993249758919961
0 0.552757793764988 0.16441658630665382 0.10951239008792965 0.10318225650916105
0 0.5235811350919265 0.32208293153326906 0.07993605115907274 0.08486017357762778