2 0.7819905213270142 0.4228052472250252 0.3344617467840217 0.7406659939455096
2 0.9085985104942451 0.6014127144298688 0.08395396073121192 0.3955600403632694
2 0.2860528097494922 0.18819374369323916 0.4962762356127285 0.2613521695257316
2 0.4597156398104265 0.32996972754793136 0.15030467163168584 0.08072653884964683
2 0.2071767095463778 0.5595358224016145 0.33987813134732564 0.4530776992936428
2 0.45091401489505756 0.7083753784056509 0.15978334461746785 0.16548940464177597
2 0.33209207853757616 0.47679112008072655 0.08598510494245092 0.2734611503531786
0 0.4194312796208531 0.24167507568113017 0.061611374407582936 0.0958627648839556
0 0.31685849695328366 0.6675075681130171 0.05958023019634394 0.10595358224016145
0 0.5064319566689235 0.7552976791120081 0.052809749492213946 0.07366296670030273
0 0.5037237643872715 0.9041372351160444 0.05687203791469194 0.08879919273461151
0 0.9069058903182126 0.35317860746720486 0.06567366283006093 0.09283551967709384
1 0.24712254570074474 0.8027245206861756 0.10968178740690589 0.035317860746720484
1 0.41570751523358157 0.8007063572149344 0.06364251861882193 0.02119071644803229
1 0.7444143534190928 0.04238143289606458 0.04536222071767095 0.012108980827447022
1 0.7938388625592417 0.04490413723511604 0.04265402843601896 0.029263370332996974
1 0.8429248476641842 0.04490413723511604 0.046039268788083954 0.01917255297679112
1 0.25016926201760326 0.04490413723511604 0.10900473933649289 0.03128153380423814