2 0.1481994459833795 0.07709251101321586 0.18227146814404432 0.1157388866639968
2 0.7789473684210526 0.2446936323588306 0.3778393351800554 0.44052863436123346
2 0.42105263157894735 0.38225871045254306 0.3124653739612188 0.16940328394072887
2 0.4074792243767313 0.15158189827793353 0.3285318559556787 0.24629555466559871
2 0.2952908587257618 0.22807368842611134 0.10969529085872576 0.08930716860232278
2 0.1481994459833795 0.20584701641970365 0.19002770083102494 0.13135762915498597
2 0.1673130193905817 0.6423708450140169 0.21717451523545706 0.24669603524229075
2 0.4152354570637119 0.8774529435322387 0.3041551246537396 0.17460953143772526
2 0.33573407202216066 0.5552663195835001 0.1074792243767313 0.06768121746095314
2 0.4357340720221607 0.553464156988386 0.06371191135734072 0.07288746495794954
2 0.5204986149584487 0.5550660792951542 0.08808864265927978 0.06968362034441329
2 0.36759002770083105 0.643572286744093 0.15789473684210525 0.09851822186623949
2 0.5146814404432133 0.6459751702042451 0.10193905817174516 0.09531437725270324
2 0.4584487534626039 0.7332799359231077 0.21440443213296398 0.06888265919102923
2 0.3157894736842105 0.7312775330396476 0.04875346260387812 0.07288746495794954
2 0.16371191135734073 0.644373247897477 0.20997229916897506 0.23628354024829795
0 0.5745152354570637 0.12334801762114538 0.13074792243767314 0.04645574689627553
0 0.2149584487534626 0.118342010412495 0.059833795013850416 0.0276331597917501
0 0.22132963988919668 0.1619943932719263 0.07257617728531857 0.034841810172206646
0 0.29390581717451525 0.16539847817380857 0.04376731301939058 0.025630756908289948
0 0.21911357340720222 0.24649579495394475 0.0481994459833795 0.030036043251902282
0 0.253185595567867 0.6427713255907088 0.07645429362880886 0.08730476571886263
0 0.36897506925207757 0.6033239887865438 0.04986149584487535 0.04525430516619944
0 0.4246537396121884 0.6073287945534641 0.05263157894736842 0.030837004405286344
0 0.49113573407202216 0.6065278334000801 0.04376731301939058 0.030837004405286344
0 0.4279778393351801 0.6475770925110133 0.06260387811634349 0.02643171806167401
0 0.5138504155124654 0.7082498998798559 0.05263157894736842 0.04525430516619944
0 0.41606648199445984 0.7995594713656388 0.0664819944598338 0.05326391670004005
0 0.3157894736842105 0.7985582699239087 0.059833795013850416 0.051261513816579896
0 0.314404432132964 0.7220664797757309 0.07146814404432134 0.048057669203043656
1 0.05096952908587258 0.09391269523428114 0.029916897506925208 0.04925911093311974
1 0.05152354570637119 0.19563476171405686 0.019944598337950138 0.059671605927112535
1 0.05096952908587258 0.5849018822587104 0.021052631578947368 0.04124949939927913
1 0.050415512465373964 0.6922306768121747 0.019944598337950138 0.05246295554665599
1 0.5850415512465375 0.06688025630756908 0.029916897506925208 0.062474969963956746
1 0.581994459833795 0.19483380056067282 0.027146814404432132 0.10052062474969964