2 0.9190635451505017 0.2621308016877637 0.09899665551839465 0.39767932489451474
2 0.657190635451505 0.2610759493670886 0.39531772575250834 0.39767932489451474
2 0.37926421404682276 0.17563291139240506 0.1431438127090301 0.22679324894514769
2 0.17023411371237457 0.2542194092827004 0.24147157190635452 0.39451476793248946
2 0.36454849498327757 0.5263713080168776 0.17123745819397992 0.4472573839662447
2 0.19096989966555183 0.6091772151898734 0.28160535117056856 0.2879746835443038
2 0.19230769230769232 0.8491561181434599 0.09966555183946488 0.17721518987341772
1 0.03779264214046823 0.27267932489451474 0.02608695652173913 0.21624472573839662
1 0.03812709030100334 0.5949367088607594 0.018729096989966554 0.16877637130801687
1 0.8622073578595317 0.17827004219409281 0.018729096989966554 0.20675105485232068
0 0.24581939799331104 0.40664556962025317 0.06622073578595318 0.07489451476793249
0 0.41103678929765886 0.33122362869198313 0.05418060200668896 0.10337552742616034
0 0.47926421404682273 0.4108649789029536 0.06622073578595318 0.0770042194092827
0 0.8879598662207357 0.39609704641350213 0.07157190635451505 0.08122362869198312
0 0.42207357859531774 0.805379746835443 0.0588628762541806 0.1149789029535865
0 0.17993311036789297 0.7916666666666666 0.05752508361204013 0.07911392405063292