2 0.28859060402684567 0.2685897435897436 0.3919463087248322 0.24743589743589745
2 0.6946308724832215 0.2423076923076923 0.39865771812080536 0.19615384615384615
2 0.6416107382550336 0.08365384615384615 0.512751677852349 0.11089743589743589
2 0.789261744966443 0.39326923076923076 0.18523489932885906 0.0967948717948718
2 0.789261744966443 0.5243589743589744 0.19328859060402684 0.1423076923076923
2 0.5812080536912752 0.41602564102564105 0.20134228187919462 0.14487179487179488
2 0.5825503355704698 0.5477564102564103 0.1959731543624161 0.08012820512820513
2 0.27181208053691275 0.49551282051282053 0.3610738255033557 0.18974358974358974
2 0.5389261744966443 0.6365384615384615 0.2859060402684564 0.07307692307692308
2 0.7704697986577181 0.8397435897435898 0.21208053691275167 0.12179487179487179
0 0.6228187919463087 0.8185897435897436 0.11006711409395974 0.046153846153846156
0 0.5503355704697986 0.5176282051282052 0.09932885906040269 0.060897435897435896
0 0.4449664429530201 0.4596153846153846 0.10067114093959731 0.04230769230769231
0 0.4181208053691275 0.1423076923076923 0.06845637583892618 0.07564102564102564
0 0.7456375838926175 0.46602564102564104 0.09261744966442953 0.04871794871794872
0 0.6409395973154363 0.47884615384615387 0.10067114093959731 0.03333333333333333
0 0.561744966442953 0.6166666666666667 0.07651006711409396 0.05384615384615385
1 0.2536912751677852 0.5990384615384615 0.22550335570469798 0.01858974358974359
1 0.24496644295302014 0.1387820512820513 0.25906040268456376 0.01217948717948718
1 0.6597315436241611 0.14198717948717948 0.19731543624161074 0.016025641025641024
1 0.7469798657718121 0.6003205128205128 0.08187919463087248 0.013461538461538462
1 0.7080536912751678 0.9060897435897436 0.08993288590604027 0.01217948717948718