2 0.18307267709291627 0.47633136094674555 0.28518859245630174 0.6923076923076923
2 0.41122355105795766 0.382396449704142 0.13615455381784727 0.507396449704142
2 0.5998160073597056 0.3816568047337278 0.21159153633854647 0.5088757396449705
2 0.5206991720331187 0.7381656804733728 0.37718491260349585 0.17455621301775148
2 0.8394664213431463 0.21523668639053253 0.22171113155473782 0.1760355029585799
2 0.8367065317387304 0.5717455621301775 0.23459061637534498 0.4985207100591716
0 0.7920883164673413 0.3210059171597633 0.07175712971481141 0.22781065088757396
0 0.4199632014719411 0.6886094674556213 0.06899724011039558 0.11982248520710059
0 0.3049678012879485 0.7211538461538461 0.0984360625574977 0.1257396449704142
0 0.734130634774609 0.7056213017751479 0.07543698252069918 0.10059171597633136
0 0.4356025758969641 0.257396449704142 0.03955841766329347 0.08579881656804733
1 0.6205151793928243 0.1205621301775148 0.11315547378104876 0.034023668639053255
1 0.4098436062557498 0.11982248520710059 0.0984360625574977 0.03254437869822485
1 0.18261269549218032 0.1264792899408284 0.20883164673413063 0.03994082840236687