2 0.49871200412158684 0.10237892948173322 0.18444100978876868 0.15378079864061173
2 0.6772282328696548 0.11045029736618521 0.16743946419371458 0.17417162276975362
2 0.5875837197320969 0.2270603228547154 0.3590932509015971 0.08708581138487681
2 0.29314786192684184 0.5150807136788446 0.2833590932509016 0.26125743415463043
2 0.8232869654817104 0.37850467289719625 0.10922205048943844 0.15208156329651656
2 0.8328181349819681 0.5441801189464741 0.11591962905718702 0.1750212404418012
2 0.8451828954147347 0.7565845369583687 0.15095311695002575 0.26423109600679695
2 0.6473467284904688 0.8804163126593033 0.5332302936630603 0.10832625318606627
2 0.16434827408552294 0.7310960067969414 0.18547140649149924 0.18181818181818182
2 0.41576506955177744 0.7353440951571792 0.32457496136012365 0.16907391673746813
2 0.6733642452344153 0.7364061172472387 0.17516743946419372 0.18139337298215802
2 0.5082431736218445 0.510195412064571 0.13652756311179803 0.2497875955819881
2 0.6476043276661515 0.6057774001699235 0.1287995878413189 0.06881903143585387
2 0.7416280267903143 0.6062022090059473 0.06439979392065945 0.059473237043330504
2 0.6751674394641937 0.530373831775701 0.19216898505924782 0.10067969413763807
2 0.6218444100978877 0.43479184367034834 0.09273570324574962 0.08368734069668649
2 0.717671303451829 0.42948173322005095 0.09170530654301906 0.08836023789294817
0 0.47939206594538897 0.16185216652506373 0.04276146316331788 0.041631265930331354
1 0.4979392065945389 0.02102803738317757 0.13137557959814528 0.010620220900594732
1 0.6880473982483256 0.025488530161427356 0.09634209170530654 0.016992353440951572
1 0.9237506439979392 0.7612574341546304 0.014425553838227717 0.22514868309260833
1 0.19783616692426584 0.8277400169923534 0.07212776919113859 0.01826677994902294
1 0.3222565687789799 0.8277400169923534 0.06027820710973725 0.014018691588785047
1 0.4904688304997424 0.3901869158878505 0.0824317362184441 0.009770603228547154
1 0.5991756826378155 0.38636363636363635 0.021638330757341576 0.010620220900594732
1 0.15095311695002575 0.41397621070518265 0.01648634724368882 0.05734919286321156
0 0.6236476043276662 0.18096856414613424 0.06027820710973725 0.04333050127442651
0 0.615919629057187 0.22451146983857265 0.06027820710973725 0.041206457094307564
0 0.4162802679031427 0.5586236193712829 0.04739824832560536 0.038232795242141036
0 0.5546110252447192 0.5467289719626168 0.05409582689335394 0.038232795242141036
0 0.621586810922205 0.5643585386576041 0.03863987635239567 0.028462192013593884
0 0.6661514683153014 0.5628717077315208 0.04533745492014426 0.033984706881903144
0 0.6875321998969603 0.45454545454545453 0.04894384337970119 0.038232795242141036
0 0.6944873776403916 0.4949022939677145 0.04739824832560536 0.04672897196261682
0 0.8176197836166924 0.47344944774851316 0.04636785162287481 0.044604927782497875
0 0.7833590932509016 0.5405692438402718 0.04482225656877898 0.03610875106202209
0 0.7905718701700154 0.5962192013593883 0.05409582689335394 0.03525913338997451
0 0.8413189077794951 0.9127017841971113 0.12982998454404945 0.06499575191163977
0 0.4278722308088614 0.8457943925233645 0.06027820710973725 0.0475785896346644
0 0.5958268933539412 0.7019966015293118 0.04894384337970119 0.04035683942225998
0 0.5468830499742401 0.7364061172472387 0.04379185986604843 0.0437553101104503
0 0.42606903657908296 0.7714528462192014 0.061823802163833076 0.056074766355140186
0 0.14889232354456466 0.5643585386576041 0.09788768675940238 0.06499575191163977