2 0.22991071428571427 0.24245472837022133 0.2976190476190476 0.37424547283702214
2 0.5863095238095238 0.23993963782696176 0.41517857142857145 0.37525150905432597
2 0.8843005952380952 0.23993963782696176 0.11383928571428571 0.37122736418511065
2 0.7734375 0.5860160965794768 0.33110119047619047 0.2947686116700201
2 0.5509672619047619 0.5890342052313883 0.10193452380952381 0.2947686116700201
2 0.43898809523809523 0.6554325955734407 0.11160714285714286 0.4476861167002012
2 0.2269345238095238 0.7394366197183099 0.29464285714285715 0.2776659959758551
2 0.1800595238095238 0.5191146881287726 0.20535714285714285 0.15090543259557343
2 0.3404017857142857 0.5206237424547284 0.06770833333333333 0.16398390342052313
1 0.06473214285714286 0.2550301810865191 0.025297619047619048 0.3008048289738431
1 0.06436011904761904 0.5236418511066399 0.031994047619047616 0.0613682092555332
1 0.06473214285714286 0.7525150905432596 0.03273809523809524 0.15090543259557343
1 0.8121279761904762 0.24245472837022133 0.027529761904761904 0.36217303822937624
1 0.9501488095238095 0.5920523138832998 0.028273809523809524 0.18611670020120724
0 0.8422619047619048 0.37474849094567403 0.09077380952380952 0.09758551307847083
0 0.34561011904761907 0.38832997987927564 0.0900297619047619 0.09456740442655935
0 0.1566220238095238 0.4014084507042254 0.06324404761904762 0.09456740442655935
0 0.42001488095238093 0.9336016096579477 0.07217261904761904 0.11267605633802817
0 0.39806547619047616 0.5653923541247485 0.05505952380952381 0.07042253521126761