2 0.5081900081900081 0.10469667318982387 0.7199017199017199 0.16764514024787996
2 0.21621621621621623 0.3264840182648402 0.13267813267813267 0.2354859752120026
2 0.5778050778050778 0.3564905414220483 0.5626535626535627 0.299412915851272
2 0.6642096642096642 0.553163731245923 0.13923013923013924 0.08349641226353555
2 0.7211302211302212 0.6702544031311155 0.2678132678132678 0.3085453359425962
2 0.5171990171990172 0.6660143509458578 0.14332514332514332 0.319634703196347
2 0.3665028665028665 0.5707762557077626 0.13841113841113842 0.12915851272015655
2 0.21703521703521703 0.5437051532941944 0.13104013104013104 0.18199608610567514
2 0.2968877968877969 0.7361382909328115 0.28255528255528256 0.17938682322243965
2 0.4942669942669943 0.9054142204827136 0.11711711711711711 0.10567514677103718
2 0.622031122031122 0.9103065883887802 0.10073710073710074 0.11545988258317025
1 0.39967239967239965 0.19863013698630136 0.14742014742014742 0.024135681669928244
1 0.6875511875511876 0.20482713633398564 0.12694512694512694 0.023483365949119372
1 0.8705978705978706 0.5590345727332029 0.029484029484029485 0.08610567514677103
1 0.7841932841932842 0.8346379647749511 0.11875511875511875 0.02674494455316373
1 0.23914823914823916 0.8382257012393999 0.12285012285012285 0.02217873450750163
1 0.5900900900900901 0.9742335290280496 0.03194103194103194 0.008480104370515329
0 0.24447174447174447 0.17384213959556424 0.07944307944307945 0.0684931506849315
0 0.5343980343980343 0.1725375081539465 0.08435708435708436 0.06457925636007827
0 0.4856674856674857 0.6092628832354859 0.08026208026208026 0.06131767775603392
0 0.6339066339066339 0.7129810828440966 0.09828009828009827 0.06262230919765166
0 0.6633906633906634 0.6200260926288323 0.06060606060606061 0.0502283105022831
0 0.49385749385749383 0.8626875407697325 0.0819000819000819 0.06979778212654925
0 0.5237510237510238 0.9223744292237442 0.08927108927108927 0.046966731898238745
0 0.24856674856674857 0.4181343770384866 0.07125307125307126 0.05740378343118069
0 0.3247338247338247 0.33463796477495106 0.09254709254709255 0.06523157208088715
0 0.2416052416052416 0.5107632093933464 0.08026208026208026 0.05870841487279843
0 0.4103194103194103 0.682648401826484 0.08353808353808354 0.06457925636007827