2 0.09949622166246852 0.25719424460431656 0.163727959697733 0.39928057553956836
2 0.3365869017632242 0.4262589928057554 0.29408060453400503 0.7326139088729017
2 0.1489294710327456 0.6468824940047961 0.08753148614609572 0.2865707434052758
1 0.10107052896725441 0.6264988009592326 0.010705289672544081 0.18585131894484413
1 0.9836272040302267 0.6163069544364509 0.013853904282115869 0.17985611510791366
1 0.9842569269521411 0.3183453237410072 0.018891687657430732 0.18345323741007194
2 0.5963476070528967 0.5389688249400479 0.21662468513853905 0.4832134292565947
2 0.8454030226700252 0.6270983213429256 0.27015113350125947 0.3405275779376499
2 0.8403652392947103 0.2511990407673861 0.2751889168765743 0.37050359712230213
2 0.6492443324937027 0.18585131894484413 0.10327455919395466 0.2446043165467626
2 0.5443954659949622 0.2146282973621103 0.10390428211586902 0.3069544364508393
0 0.6385390428211587 0.6822541966426858 0.06297229219143577 0.09592326139088729
0 0.656801007556675 0.7961630695443646 0.061712846347607056 0.2422062350119904
0 0.7270151133501259 0.511990407673861 0.07493702770780857 0.11031175059952038
0 0.7238664987405542 0.3830935251798561 0.07115869017632241 0.1091127098321343
0 0.6158690176322418 0.24160671462829736 0.05667506297229219 0.10191846522781775
0 0.6407430730478589 0.36031175059952036 0.058564231738035266 0.11870503597122302
0 0.17632241813602015 0.36930455635491605 0.12342569269521411 0.11990407673860912