2 0.42526690391459077 0.13814074717636837 0.4851720047449585 0.15638575152041703
2 0.07473309608540925 0.1420503909643788 0.14709371293001186 0.16072980017376196
2 0.3398576512455516 0.39574283231972196 0.3167259786476868 0.2841007819287576
2 0.7111506524317912 0.5503909643788011 0.4234875444839858 0.6020851433536055
2 0.36595492289442466 0.7328410078192876 0.40213523131672596 0.3501303214596003
2 0.07413997627520759 0.49218071242397915 0.14590747330960854 0.475238922675934
2 0.06880189798339265 0.8340573414422241 0.13523131672597866 0.16681146828844484
1 0.05041518386714116 0.23848827106863596 0.09845788849347568 0.03735881841876629
1 0.3368920521945433 0.2371850564726325 0.166073546856465 0.03475238922675934
0 0.5658362989323843 0.19678540399652475 0.12336892052194544 0.11207645525629888
0 0.4727164887307236 0.7115551694178974 0.12455516014234876 0.11468288444830582
0 0.34104389086595494 0.6798436142484796 0.11269276393831554 0.08253692441355343
0 0.22538552787663108 0.9396177237185056 0.07354685646500593 0.09122502172024327
0 0.3386714116251483 0.9435273675065161 0.06761565836298933 0.05560382276281494
0 0.4638196915776987 0.9135534317984362 0.10676156583629894 0.17289313640312773
0 0.5848161328588375 0.9774109470026064 0.2586002372479241 0.045178105994787145
0 0.6844602609727165 0.9852302345786272 0.08066429418742586 0.029539530842745437
0 0.9134045077105575 0.974370112945265 0.13048635824436536 0.051259774109470024
1 0.8256227758007118 0.24283231972198088 0.16844602609727166 0.03388357949609035