2 0.13313990973565443 0.3927477017364658 0.08704061895551257 0.3503575076608784
2 0.5525467440361057 0.3922369765066394 0.7182462927143778 0.35137895812053116
2 0.5586718246292715 0.2844739530132789 0.29464861379755 0.3319713993871297
2 0.31399097356544164 0.7425944841675178 0.23726627981947132 0.31869254341164455
2 0.48388136686009026 0.68488253319714 0.08833010960670536 0.20531154239019409
2 0.6782720825274017 0.7431052093973443 0.4732430689877498 0.3237997957099081
1 0.4835589941972921 0.1041879468845761 0.11347517730496454 0.028600612870275793
1 0.6163765312701482 0.10572012257405516 0.13152804642166344 0.0296220633299285
1 0.9197292069632496 0.39938712972420837 0.016118633139909737 0.2574055158324821
1 0.9194068343004513 0.7441266598569969 0.018052869116698903 0.21961184882533197
1 0.18633139909735655 0.7446373850868233 0.014184397163120567 0.2083758937691522
1 0.1879432624113475 0.3498467824310521 0.017408123791102514 0.21144024514811033
0 0.19858156028368795 0.49591419816138915 0.0425531914893617 0.08682328907048008
0 0.2875564152159897 0.5623084780388151 0.08897485493230174 0.06230847803881512
0 0.5406189555125726 0.6925434116445353 0.029013539651837523 0.08171603677221655
0 0.5422308188265635 0.8345250255362615 0.028368794326241134 0.0735444330949949
0 0.5673758865248227 0.9116445352400409 0.06963249516441006 0.10725229826353422
0 0.662153449387492 0.6889683350357507 0.04513217279174726 0.043922369765066395
0 0.7195357833655706 0.634320735444331 0.037395228884590584 0.09397344228804903
0 0.7182462927143778 0.5224719101123596 0.0425531914893617 0.08682328907048008