2 0.13440514469453377 0.3023724261414503 0.16977491961414792 0.16069829901521934
2 0.2310289389067524 0.25246195165622204 0.07106109324758843 0.06803939122649955
2 0.11511254019292605 0.47112802148612354 0.13183279742765272 0.15353625783348254
2 0.22893890675241158 0.4646374216651746 0.11254019292604502 0.162041181736795
2 0.2598070739549839 0.34042076991942705 0.0720257234726688 0.09713518352730528
2 0.420096463022508 0.2562667860340197 0.2993569131832797 0.3102059086839749
2 0.3504823151125402 0.46575649059982094 0.10803858520900321 0.085496866606983
2 0.36463022508038584 0.5590868397493286 0.047588424437299034 0.07341092211280215
2 0.717363344051447 0.19717994628469113 0.11704180064308682 0.18576544315129812
2 0.8020900321543408 0.15174574753804834 0.054340836012861736 0.10116383169203223
2 0.8011254019292604 0.2526857654431513 0.047266881028938904 0.09176365264100268
2 0.8948553054662379 0.25783348254252464 0.12604501607717042 0.3070725156669651
2 0.6903536977491962 0.32072515666965085 0.15691318327974277 0.05326768128916741
2 0.7508038585209004 0.35608773500447627 0.15691318327974277 0.11504028648164727
2 0.5078778135048232 0.6559982094897046 0.14115755627009646 0.16517457475380484
2 0.5017684887459807 0.8200537153088631 0.13151125401929262 0.1504028648164727
2 0.5511254019292604 0.8527305282005372 0.04051446945337621 0.08325872873769025
2 0.6231511254019293 0.8193822739480752 0.10353697749196142 0.15353625783348254
2 0.6292604501607717 0.6980752014324082 0.09710610932475884 0.076544315129812
2 0.6184887459807074 0.6020590868397493 0.07427652733118971 0.06624888093106536
2 0.7157556270096463 0.6051924798567592 0.11254019292604502 0.3070725156669651
2 0.8676848874598071 0.545658012533572 0.18360128617363344 0.19606087735004477
2 0.82508038585209 0.5846016114592659 0.08810289389067524 0.10116383169203223
2 0.8327974276527331 0.7054610564010743 0.1202572347266881 0.11280214861235452
2 0.9255627009646302 0.7088182632050134 0.07106109324758843 0.11504028648164727
1 0.042765273311897105 0.30908683974932855 0.014790996784565916 0.06401074306177261
1 0.043569131832797425 0.44807520143240825 0.014469453376205787 0.06266786034019696
1 0.10739549839228296 0.5503581020590869 0.04887459807073955 0.018352730528200537
1 0.22733118971061092 0.5499104744852283 0.057234726688102894 0.03178155774395703
1 0.3837620578778135 0.09847806624888093 0.05498392282958199 0.01611459265890779
1 0.5162379421221865 0.07341092211280215 0.06141479099678457 0.017009847806624886
1 0.5771704180064309 0.2126230975828111 0.008360128617363344 0.08415398388540735
1 0.5782958199356913 0.34803043867502237 0.00482315112540193 0.05416293643688451
1 0.45514469453376205 0.41987466427931963 0.045980707395498394 0.017009847806624886
1 0.15980707395498392 0.21642793196060878 0.04372990353697749 0.012981199641897942
1 0.21607717041800642 0.21844225604297224 0.019935691318327974 0.018800358102059087
1 0.6564308681672025 0.1369740376007162 0.00932475884244373 0.03312444046553268
1 0.6570739549839228 0.26633840644583706 0.010610932475884245 0.023276633840644583
1 0.9622186495176849 0.258952551477171 0.014469453376205787 0.17681289167412712
1 0.9020900321543408 0.09914950760966876 0.05369774919614148 0.019247985675917637
1 0.9652733118971061 0.566025067144136 0.01607717041800643 0.0702775290957923
1 0.9663987138263666 0.7065801253357207 0.010610932475884245 0.06580125335720681
1 0.432475884244373 0.684870188003581 0.012861736334405145 0.06714413607878246
1 0.4310289389067524 0.8254252461951657 0.014469453376205787 0.045658012533572066
0 0.3334405144694534 0.09623992837958818 0.03987138263665595 0.10116383169203223
0 0.20546623794212218 0.3102059086839749 0.02572347266881029 0.04028648164726947
0 0.2969453376205788 0.3187108325872874 0.02540192926045016 0.03401969561324977
0 0.14758842443729903 0.4071172784243509 0.031511254019292605 0.048791405550581916
0 0.1982315112540193 0.40599820948970455 0.033118971061093246 0.046553267681289166
0 0.36784565916398715 0.5376007162041182 0.03215434083601286 0.051924798567591766
0 0.7244372990353698 0.12153088630259624 0.047588424437299034 0.047000895255147716
0 0.8451768488745981 0.15711727842435094 0.03440514469453376 0.03760071620411817
0 0.7594855305466238 0.25111906893464636 0.02829581993569132 0.03939122649955237
0 0.7565916398713827 0.31177260519247985 0.03215434083601286 0.046105640107430616
0 0.7368167202572348 0.355863921217547 0.029260450160771705 0.03849597135183527
0 0.8474276527331189 0.36436884512085943 0.03762057877813505 0.04028648164726947
0 0.8840836012861736 0.5872873769024172 0.03890675241157556 0.02775290957923008
0 0.7617363344051447 0.7103849597135183 0.031511254019292605 0.03491495076096687
0 0.8752411575562701 0.741047448522829 0.03987138263665595 0.03088630259623993
0 0.5633440514469453 0.6884512085944494 0.04501607717041801 0.03849597135183527
0 0.6139871382636656 0.6665174574753805 0.026688102893890675 0.045658012533572066
0 0.5982315112540193 0.7605192479856759 0.029260450160771705 0.043867502238137866
0 0.4588424437299035 0.7625335720680394 0.033440514469453377 0.03983885407341092
0 0.4180064308681672 0.7849149507609668 0.0360128617363344 0.047896150402864816
0 0.5151125401929261 0.8478066248880931 0.03279742765273312 0.03312444046553268