2 0.1470095025153717 0.2182916307161346 0.2582448295136948 0.3917169974115617
2 0.378703186137507 0.21742881794650562 0.1883733929569592 0.3917169974115617
2 0.08021240916713247 0.5237273511647972 0.1291224147568474 0.1984469370146678
2 0.18557853549468978 0.5750647109577222 0.06931246506428172 0.31320103537532357
2 0.08328675237562884 0.6816220880069025 0.12297372833985466 0.09490940465918896
2 0.35019564002235887 0.5780845556514237 0.24874231414197875 0.3071613459879206
2 0.2154835103409726 0.8356341673856773 0.12017887087758525 0.20103537532355478
2 0.572945779765232 0.06514236410698879 0.10844046953605366 0.09577221742881795
2 0.5707098937954165 0.23943054357204488 0.10061486864169927 0.2355478861087144
2 0.5712688652878704 0.44650560828300256 0.09949692565679151 0.14408973252804141
2 0.5735047512576859 0.6371872303710094 0.10061486864169927 0.20448662640207074
2 0.7012297372833985 0.0642795513373598 0.1470095025153717 0.08714408973252805
2 0.7023476802683063 0.36496980155306297 0.14477361654555618 0.4831751509922347
2 0.7031861375069871 0.6725625539257981 0.14645053102291783 0.13201035375323555
2 0.8781442146450531 0.3800690250215703 0.18669647847959753 0.722174288179465
1 0.9737283398546674 0.3080241587575496 0.006707657909446618 0.13287316652286454
1 0.9740078256008944 0.44823123382226054 0.010620458356623811 0.12683347713546161
1 0.7263834544438234 0.7489214840379638 0.09670206819452208 0.015530629853321829
1 0.38624930128563445 0.7407247627264884 0.08272778088317496 0.023295944779982744
1 0.4798770262716601 0.5552200172562554 0.011738401341531582 0.09577221742881795
1 0.3773057574063723 0.01639344262295082 0.07602012297372834 0.013805004314063849
1 0.14058133035215203 0.01898188093183779 0.08440469536053662 0.015530629853321829
1 0.01760760201229737 0.49223468507333906 0.012856344326439352 0.08024158757549611
1 0.14812744550027948 0.8787748058671269 0.007825600894354388 0.03882657463330457
1 0.27501397428731134 0.9124245038826575 0.007825600894354388 0.04400345125107852
0 0.18334264952487422 0.77351164797239 0.05589714924538849 0.09404659188955997
0 0.1679709334823924 0.5267471958584987 0.05422023476802683 0.07506471095772217
0 0.25600894354387926 0.1471095772217429 0.05813303521520403 0.08541846419327007
0 0.5897149245388486 0.3455565142364107 0.03130240357741755 0.059534081104400345
0 0.6450531022917831 0.28731665228645387 0.043599776411403016 0.06557377049180328
0 0.6939631078814981 0.6501294219154443 0.05310229178311906 0.07851596203623813
0 0.7490217998882057 0.5591026747195859 0.06707657909446618 0.10871440897325281
0 0.18949133594186696 0.9689387402933564 0.06036892118501956 0.062122519413287315