2 0.20260223048327136 0.1215339233038348 0.24535315985130113 0.10383480825958702
2 0.1496282527881041 0.308259587020649 0.14436183395291202 0.2176991150442478
2 0.43246592317224286 0.3141592920353982 0.41016109045848825 0.23185840707964603
2 0.19485749690210658 0.49262536873156343 0.21623296158612143 0.12389380530973451
2 0.3621437422552664 0.4970501474926254 0.11586121437422553 0.13392330383480827
2 0.5455390334572491 0.5483775811209439 0.2174721189591078 0.23893805309734514
2 0.80545229244114 0.2471976401179941 0.24783147459727387 0.1168141592920354
1 0.15427509293680297 0.18908554572271385 0.08798017348203221 0.024188790560471976
1 0.2760223048327137 0.19085545722713865 0.06753407682775713 0.027728613569321534
1 0.41294919454770757 0.1896755162241888 0.13444857496902107 0.03008849557522124
1 0.565365551425031 0.19469026548672566 0.13073110285006195 0.035398230088495575
1 0.6700743494423792 0.43097345132743364 0.031598513011152414 0.061946902654867256
1 0.671003717472119 0.5622418879056047 0.03717472118959108 0.11445427728613569
0 0.3466542750929368 0.5899705014749262 0.07992565055762081 0.08259587020648967
0 0.1973358116480793 0.3601769911504425 0.07001239157372986 0.05958702064896755
0 0.3265179677819083 0.48289085545722715 0.06071871127633209 0.0607669616519174
0 0.6991945477075588 0.25073746312684364 0.0687732342007435 0.05309734513274336
0 0.5065055762081785 0.4510324483775811 0.05762081784386617 0.052507374631268436