2 0.2168032786885246 0.2575566750629723 0.3319672131147541 0.3992443324937028
2 0.21844262295081968 0.6234256926952141 0.32704918032786884 0.29974811083123426
2 0.47008196721311474 0.6278337531486146 0.1483606557377049 0.3060453400503778
2 0.6221311475409836 0.25818639798488663 0.45081967213114754 0.3954659949622166
2 0.9131147540983606 0.2600755667506297 0.10163934426229508 0.4017632241813602
2 0.819672131147541 0.7122166246851386 0.2786885245901639 0.46977329974811083
2 0.5848360655737705 0.8217884130982368 0.16967213114754098 0.23551637279596976
2 0.6122950819672132 0.5919395465994962 0.10983606557377049 0.22670025188916876
1 0.04221311475409836 0.6630982367758187 0.018852459016393444 0.17506297229219145
1 0.04549180327868853 0.31863979848866497 0.01721311475409836 0.1309823677581864
1 0.9655737704918033 0.7651133501259446 0.018032786885245903 0.17002518891687657
1 0.8577868852459016 0.27455919395465994 0.013934426229508197 0.11838790931989925
0 0.8557377049180328 0.3916876574307305 0.14426229508196722 0.12090680100755667
0 0.6954918032786885 0.5850125944584383 0.06967213114754098 0.07682619647355164
0 0.5278688524590164 0.5919395465994962 0.06393442622950819 0.0906801007556675
0 0.36270491803278687 0.6498740554156172 0.07459016393442623 0.09571788413098237
0 0.3602459016393443 0.4156171284634761 0.08442622950819673 0.0906801007556675
0 0.5192622950819672 0.7638539042821159 0.06311475409836066 0.09193954659949623
0 0.44508196721311477 0.7909319899244333 0.07704918032786885 0.2367758186397985