2 0.15617822691777675 0.21793948126801152 0.22783647220946257 0.21974063400576369
2 0.15755627009646303 0.4146253602305475 0.22508038585209003 0.1563400576368876
2 0.31511254019292606 0.19596541786743515 0.07533302710151585 0.15994236311239193
2 0.31051906293063847 0.3519452449567723 0.06890215893431327 0.09582132564841499
2 0.3144235186035829 0.4535302593659942 0.0757923748277446 0.07420749279538905
2 0.4039963252181902 0.3984149855907781 0.08957280661460726 0.18876080691642652
2 0.4088194763435921 0.20280979827089338 0.09278824069820854 0.18659942363112392
2 0.5282498851630685 0.21829971181556196 0.13137344970142398 0.207492795389049
2 0.4972439136426275 0.38220461095100866 0.07395498392282958 0.09438040345821326
2 0.4997703261368856 0.47406340057636887 0.07625172255397336 0.06340057636887608
2 0.6495176848874598 0.43912103746397696 0.19843821773082224 0.20965417867435157
2 0.6451538814882867 0.715778097982709 0.1915480018373909 0.3465417867435158
2 0.8431327514928801 0.7885446685878963 0.16674322462103813 0.21397694524495678
2 0.8417547083141939 0.5587175792507204 0.17868626550298575 0.2355907780979827
2 0.7827285254937988 0.37860230547550433 0.06890215893431327 0.09582132564841499
2 0.8474965548920533 0.22478386167146974 0.178226917776757 0.207492795389049
2 0.8488745980707395 0.38256484149855907 0.048690858980248046 0.08501440922190202
2 0.9058337161231051 0.3868876080691643 0.04501607717041801 0.0893371757925072
2 0.6869545245751033 0.22226224783861673 0.1116214974735875 0.2154178674351585
1 0.1874138723013321 0.5010806916426513 0.10381258612769867 0.018011527377521614
1 0.41019751952227834 0.5057636887608069 0.05604042259990813 0.027377521613832854
1 0.32728525493798805 0.11095100864553314 0.053743683968764354 0.010086455331412104
1 0.387459807073955 0.11419308357348704 0.05558107487367937 0.012247838616714697
1 0.539503904455673 0.11455331412103746 0.0840606338998622 0.023054755043227664
1 0.6821313734497014 0.11527377521613832 0.08635737253100598 0.01585014409221902
1 0.830271015158475 0.11311239193083573 0.08314193844740468 0.005763688760806916
1 0.9345429490124024 0.534942363112392 0.01240238860817639 0.1304034582132565
1 0.9320165365181442 0.7456772334293948 0.014699127239320165 0.11527377521613832
1 0.539503904455673 0.7136167146974063 0.00964630225080386 0.25
0 0.11139182361047313 0.5244956772334294 0.0399632521819017 0.06340057636887608
0 0.3732200275608636 0.2510806916426513 0.04180064308681672 0.030979827089337175
0 0.3833256775378962 0.32096541786743515 0.03353238401469913 0.05403458213256484
0 0.3741387230133211 0.38004322766570603 0.0399632521819017 0.04394812680115274
0 0.3702342673403767 0.44164265129682995 0.035829122645842905 0.04755043227665706
0 0.47496554892053283 0.364193083573487 0.044097381717960495 0.058357348703170026
0 0.5282498851630685 0.36995677233429397 0.0532843362425356 0.061239193083573486
0 0.4875976113918236 0.4643371757925072 0.04455672944418925 0.06988472622478387
0 0.5787781350482315 0.3090778097982709 0.040422599908130456 0.07780979827089338
0 0.6536518144235186 0.3069164265129683 0.033991731740927886 0.0792507204610951
0 0.6141479099678456 0.3523054755043228 0.01929260450160772 0.024495677233429394
0 0.6522737712448323 0.4146253602305475 0.02572347266881029 0.051152737752161385
0 0.8017914561322922 0.3112391930835735 0.03720716582452917 0.05763688760806916
0 0.8137344970142398 0.37680115273775217 0.03628847037207166 0.043227665706051875
0 0.9016995865870464 0.45821325648414984 0.035829122645842905 0.056195965417867436
0 0.8068442811208084 0.46793948126801155 0.03536977491961415 0.07132564841498559
0 0.7657326596233348 0.7132564841498559 0.042259990813045475 0.05043227665706052
0 0.9115755627009646 0.6502161383285303 0.032613688562241616 0.0670028818443804