2 0.28219346888478125 0.17634709587123862 0.4004929143561306 0.2603219034289713
2 0.5517560073937153 0.1165150454863541 0.1423290203327172 0.14485654303708886
2 0.7252002464571781 0.17004898530440868 0.2033271719038817 0.24772568229531142
2 0.7205791743684535 0.4310706787963611 0.20147874306839186 0.2547235829251225
2 0.7224276032039433 0.6931420573827851 0.20147874306839186 0.2470258922323303
2 0.0933456561922366 0.4345696291112666 0.08810844115834873 0.22533240027991602
2 0.32316697473813927 0.4352694191742477 0.34935304990757854 0.25052484254723584
2 0.34996919285274186 0.625962211336599 0.08995686999383858 0.11686494051784464
2 0.5030807147258164 0.6252624212736179 0.21626617375231053 0.11966410076976906
2 0.5440542205791744 0.38523442967109867 0.13062230437461492 0.3729881035689293
1 0.1971657424522489 0.04023792862141357 0.11953173136167591 0.013296011196641007
1 0.3869377695625385 0.040937718684394685 0.12939001848428835 0.020293911826452064
1 0.540973505853358 0.042337298810356895 0.06038200862600123 0.011896431070678797
1 0.8348736906962415 0.1682995101469559 0.016019716574245224 0.14345696291112667
1 0.8277880468268638 0.4370188943317005 0.012939001848428836 0.14205738278516444
1 0.830252618607517 0.6980405878236529 0.017868145409735057 0.1350594821553534
1 0.14849044978434997 0.4608117564730581 0.014787430683918669 0.15465360391882435
1 0.04528650646950092 0.427221833449965 0.01170671595810228 0.20643806857942618
1 0.056377079482439925 0.5500349895031491 0.017868145409735057 0.01119664100769769
1 0.06007393715341959 0.3166550034989503 0.008009858287122612 0.006298110566829951
0 0.25816389402341344 0.2701189643107068 0.05545286506469501 0.07697690692792163
0 0.14325323475046212 0.3523442967109867 0.10905730129390019 0.052484254723582924
0 0.40788662969809 0.6046186144156753 0.04805914972273567 0.04198740377886634
0 0.4476278496611214 0.6868439468159552 0.06839186691312385 0.13086074177746676
0 0.6386321626617375 0.6039188243526942 0.05976586568083796 0.06578026592022393
0 0.6420209488601355 0.5013995801259622 0.061614294516327786 0.06927921623512946
0 0.639864448552064 0.23722883135059483 0.0696241528034504 0.06717984604618614
0 0.5474430067775724 0.20713785864240727 0.0474430067775724 0.0615815255423373
0 0.4944547134935305 0.21938418474457663 0.05483672211953173 0.053883834849545134