2 0.7510392609699769 0.14948830409356725 0.4351039260969977 0.17178362573099415
2 0.894688221709007 0.37719298245614036 0.1468822170900693 0.2631578947368421
2 0.9138568129330255 0.5877192982456141 0.08545034642032333 0.12280701754385964
2 0.8972286374133949 0.7653508771929824 0.1353348729792148 0.20175438596491227
2 0.7505773672055427 0.7631578947368421 0.13117782909930717 0.20029239766081872
2 0.6046189376443418 0.9119152046783626 0.14226327944572748 0.08260233918128655
2 0.6020785219399538 0.7521929824561403 0.14734411085450347 0.21783625730994152
2 0.6515011547344111 0.7119883040935673 0.04387990762124711 0.11842105263157894
2 0.6572748267898383 0.819078947368421 0.046189376443418015 0.06798245614035088
2 0.6958429561200924 0.44883040935672514 0.3247113163972286 0.40350877192982454
2 0.41039260969976904 0.4067982456140351 0.12424942263279445 0.33260233918128657
2 0.42725173210161665 0.5058479532163743 0.0859122401847575 0.1286549707602339
2 0.4110854503464203 0.721125730994152 0.12748267898383372 0.27850877192982454
2 0.27113163972286375 0.7554824561403509 0.1394919168591224 0.22002923976608188
2 0.18914549653579676 0.375 0.292378752886836 0.2646198830409357
2 0.24157043879907622 0.5836988304093568 0.19491916859122402 0.1074561403508772
2 0.08498845265588914 0.5771198830409356 0.08960739030023095 0.10160818713450293
2 0.055658198614318706 0.6717836257309941 0.033718244803695153 0.06140350877192982
2 0.10577367205542725 0.6743421052631579 0.04803695150115474 0.06505847953216375
2 0.11524249422632794 0.7532894736842105 0.1510392609699769 0.21564327485380116
1 0.12032332563510392 0.24049707602339182 0.13995381062355658 0.013157894736842105
1 0.27136258660508084 0.23501461988304093 0.12240184757505773 0.010964912280701754
1 0.4113163972286374 0.23940058479532164 0.10577367205542725 0.016812865497076022
1 0.5868360277136259 0.23976608187134502 0.09838337182448037 0.02631578947368421
1 0.7452655889145496 0.23830409356725146 0.15011547344110854 0.008771929824561403
1 0.892147806004619 0.23940058479532164 0.14272517321016168 0.012426900584795321
1 0.9741339491916859 0.31834795321637427 0.012009237875288684 0.10453216374269006
1 0.9734411085450346 0.44919590643274854 0.010623556581986143 0.1162280701754386
1 0.9713625866050808 0.5365497076023392 0.005542725173210162 0.02046783625730994
1 0.9736720554272518 0.7715643274853801 0.011085450346420323 0.179093567251462
1 0.8942263279445728 0.8698830409356725 0.12655889145496535 0.008771929824561403
1 0.7491916859122402 0.8698830409356725 0.12471131639722864 0.014619883040935672
1 0.5748267898383372 0.866593567251462 0.08914549653579677 0.016812865497076022
1 0.40877598152424943 0.8680555555555556 0.12009237875288684 0.009502923976608187
1 0.27413394919168593 0.8702485380116959 0.11685912240184758 0.013888888888888888
1 0.06258660508083141 0.8673245614035088 0.03556581986143187 0.013888888888888888
0 0.6570438799076213 0.8885233918128655 0.03556581986143187 0.06798245614035088
0 0.6547344110854504 0.7986111111111112 0.03464203233256351 0.05921052631578947
0 0.7967667436489607 0.6823830409356725 0.03510392609699769 0.06359649122807018
0 0.8429561200923787 0.6820175438596491 0.02956120092378753 0.05263157894736842
0 0.8498845265588915 0.6257309941520468 0.040646651270207855 0.049707602339181284
0 0.8450346420323326 0.5007309941520468 0.03279445727482679 0.05847953216374269
0 0.6549653579676674 0.21820175438596492 0.03695150115473441 0.0577485380116959
0 0.3318706697459584 0.28326023391812866 0.03926096997690531 0.046052631578947366
0 0.16651270207852195 0.535453216374269 0.03279445727482679 0.056286549707602336
0 0.1533487297921478 0.5529970760233918 0.045265588914549654 0.0577485380116959
0 0.3304849884526559 0.6048976608187134 0.03279445727482679 0.03874269005847953
0 0.366743648960739 0.472953216374269 0.03140877598152425 0.04532163742690058
0 0.2161662817551963 0.6611842105263158 0.03418013856812933 0.05482456140350877
0 0.17020785219399537 0.6593567251461988 0.03187066974595843 0.06286549707602339
0 0.14364896073903002 0.6805555555555556 0.024942263279445726 0.04532163742690058
0 0.05842956120092379 0.7182017543859649 0.022632794457274827 0.041666666666666664