2 0.11633919338159256 0.3188935281837161 0.09307135470527404 0.4979123173277662
2 0.12073422957600827 0.662839248434238 0.08428128231644261 0.1524008350730689
2 0.35522233712512924 0.25626304801670147 0.36814891416752843 0.35803757828810023
2 0.45734229576008273 0.5866388308977035 0.16597724922440538 0.2964509394572025
2 0.30713547052740436 0.5923799582463466 0.10444674250258532 0.28914405010438415
2 0.2125129265770424 0.6336116910229646 0.08066184074457083 0.20876826722338204
2 0.2109617373319545 0.4733820459290188 0.07445708376421924 0.08037578288100208
2 0.6664943123061013 0.25260960334029225 0.18200620475698034 0.36325678496868474
2 0.6685625646328852 0.48173277661795405 0.1892450879007239 0.10334029227557412
2 0.6662357807652534 0.6356993736951984 0.17735263702171664 0.18997912317327767
2 0.7921406411582212 0.482776617954071 0.057911065149948295 0.07828810020876827
2 0.8513443640124095 0.5908141962421712 0.1752843846949328 0.29436325678496866
2 0.8523784901758015 0.2578288100208768 0.17425025853154086 0.3569937369519833
1 0.9392450879007239 0.1884133611691023 0.00982419855222337 0.19102296450939457
1 0.9433815925542917 0.5579331941544885 0.00982419855222337 0.17849686847599164
1 0.5418821096173733 0.17693110647181629 0.009307135470527405 0.18058455114822547
1 0.1670113753877973 0.20302713987473903 0.010341261633919338 0.1847599164926931
0 0.2704239917269907 0.5887265135699373 0.04136504653567735 0.06471816283924843
0 0.12874870734229577 0.5553235908141962 0.04653567735263702 0.08977035490605428
0 0.1499482936918304 0.354384133611691 0.05170630816959669 0.08455114822546973
0 0.38055842812823165 0.5694154488517745 0.05170630816959669 0.07828810020876827
0 0.390641158221303 0.7400835073068893 0.03981385729058945 0.15657620041753653
0 0.7921406411582212 0.40866388308977036 0.03929679420889348 0.08663883089770355
0 0.7908479834539814 0.5668058455114823 0.04188210961737332 0.08977035490605428
0 0.7722337125129266 0.6304801670146137 0.042916235780765255 0.081419624217119