2 0.4796831955922865 0.13912732474964234 0.3381542699724518 0.08655221745350501
2 0.30165289256198347 0.4978540772532189 0.5055096418732782 0.6223175965665236
2 0.615358126721763 0.4974964234620887 0.13292011019283748 0.600143061516452
2 0.8457300275482094 0.5997854077253219 0.26859504132231404 0.4570815450643777
2 0.8395316804407713 0.2675250357653791 0.26170798898071623 0.15450643776824036
2 0.4459366391184573 0.9009298998569385 0.4414600550964187 0.14091559370529327
0 0.4607438016528926 0.15593705293276108 0.06336088154269973 0.07439198855507868
0 0.6167355371900827 0.16165951359084407 0.07920110192837465 0.08869814020028613
0 0.7603305785123967 0.388412017167382 0.06060606060606061 0.07439198855507868
0 0.32196969696969696 0.5128755364806867 0.08057851239669421 0.06723891273247497
0 0.19077134986225897 0.6083690987124464 0.07300275482093664 0.059370529327610874
0 0.37947658402203854 0.5886981402002861 0.06336088154269973 0.058655221745350504
0 0.48863636363636365 0.5743919885550787 0.04338842975206612 0.04864091559370529
0 0.5950413223140496 0.5243204577968527 0.06473829201101929 0.07439198855507868
0 0.5247933884297521 0.23819742489270387 0.08539944903581267 0.07868383404864092
0 0.5933195592286501 0.6584406294706724 0.07369146005509641 0.06938483547925609
0 0.2675619834710744 0.8437052932761088 0.07231404958677685 0.07796852646638054
1 0.43973829201101927 0.8258226037195995 0.11363636363636363 0.030758226037195996
1 0.6091597796143251 0.8161659513590844 0.03787878787878788 0.015736766809728183
1 0.14703856749311295 0.8226037195994278 0.07506887052341597 0.024320457796852647
1 0.18457300275482094 0.18097281831187412 0.1859504132231405 0.01859799713876967
1 0.36260330578512395 0.18562231759656653 0.09573002754820936 0.019313304721030045
1 0.8292011019283747 0.1756080114449213 0.06887052341597796 0.02074391988555079