2 0.5110981308411215 0.14705882352941177 0.42406542056074764 0.27215686274509804
2 0.33761682242990654 0.5235294117647059 0.5677570093457944 0.40862745098039216
2 0.7967289719626168 0.5203921568627451 0.3247663551401869 0.40705882352941175
2 0.8580607476635514 0.8207843137254902 0.21144859813084113 0.16862745098039217
2 0.5782710280373832 0.8250980392156863 0.338785046728972 0.17098039215686275
2 0.22488317757009346 0.8227450980392157 0.3422897196261682 0.17568627450980392
0 0.5292056074766355 0.30392156862745096 0.1588785046728972 0.16392156862745097
0 0.352803738317757 0.8337254901960784 0.11214953271028037 0.07058823529411765
0 0.21495327102803738 0.9152941176470588 0.12850467289719625 0.1584313725490196
0 0.7026869158878505 0.7705882352941177 0.09929906542056074 0.058823529411764705
1 0.17348130841121495 0.3050980392156863 0.15537383177570094 0.025098039215686273
1 0.3942757009345794 0.3058823529411765 0.15537383177570094 0.03137254901960784
1 0.8522196261682243 0.3015686274509804 0.16705607476635514 0.03215686274509804