2 0.5196759259259259 0.15316275764036957 0.7476851851851852 0.14854299928926795
2 0.5295138888888888 0.2882018479033404 0.71875 0.11158493248045487
2 0.5127314814814815 0.49289267945984366 0.7060185185185185 0.27078891257995735
2 0.2650462962962963 0.679815209665956 0.2037037037037037 0.15422885572139303
2 0.2621527777777778 0.8063255152807391 0.20949074074074073 0.08599857853589196
2 0.7175925925925926 0.7409381663113006 0.27314814814814814 0.21393034825870647
2 0.4675925925925926 0.8230277185501066 0.18518518518518517 0.05401563610518834
2 0.4710648148148148 0.7078891257995735 0.17824074074074073 0.15209665955934612
0 0.5410879629629629 0.3813077469793888 0.1099537037037037 0.07604832977967306
0 0.4166666666666667 0.6940298507462687 0.09722222222222222 0.05472636815920398
0 0.44560185185185186 0.7629708599857854 0.08796296296296297 0.058990760483297794
0 0.6400462962962963 0.658137882018479 0.09027777777777778 0.06538734896943853
0 0.30266203703703703 0.7373845060412224 0.08680555555555555 0.06041222459132907
0 0.4375 0.8859275053304904 0.09027777777777778 0.07178393745557925
1 0.3524305555555556 0.35394456289978676 0.18171296296296297 0.01990049751243781
1 0.6990740740740741 0.35394456289978676 0.1712962962962963 0.01990049751243781
1 0.6793981481481481 0.8606965174129353 0.16666666666666666 0.03127221037668799
1 0.3148148148148148 0.857498223169865 0.06481481481481481 0.02061122956645345
1 0.8790509259259259 0.5497512437810945 0.04050925925925926 0.04051172707889126