2 0.1974900924702774 0.15918712955122777 0.17040951122853368 0.26926333615580017
2 0.37450462351387054 0.3386960203217612 0.1695288419198591 0.6384419983065199
2 0.5261999119330691 0.21549534292972058 0.11624834874504623 0.3937341236240474
2 0.420519594892118 0.7383573243014394 0.07749889916336415 0.14563928873835733
2 0.3317921620431528 0.7387806943268417 0.08674592690444738 0.13463166807790009
2 0.19991193306913255 0.5512277730736664 0.17084984588287097 0.4911092294665538
2 0.20827829150154117 0.8861134631668078 0.18670189343901364 0.13463166807790009
2 0.06472919418758256 0.7552921253175275 0.08630559225011009 0.39458086367485184
2 0.7153236459709379 0.15495342929720576 0.17040951122853368 0.26587637595258257
2 0.8945398502862175 0.21210838272650295 0.1695288419198591 0.37679932260795934
2 0.8978423601937473 0.5999153259949196 0.1682078379568472 0.397121083827265
2 0.7153236459709379 0.43564775613886536 0.16776750330250992 0.26333615580016934
2 0.7153236459709379 0.6883996613039797 0.17040951122853368 0.2218458933107536
1 0.11074416556583003 0.15622353937341235 0.007485689123734038 0.07366638441998306
1 0.46499339498018494 0.15114309906858595 0.012329370321444297 0.15664690939881457
1 0.4630118890356671 0.5046570702794242 0.007485689123734038 0.15918712955122777
1 0.4647732276530163 0.6972904318374259 0.0066050198150594455 0.04826418289585097
1 0.32628797886393657 0.8137171888230313 0.024658740642888595 0.015241320914479255
1 0.16600616468516072 0.8128704487722269 0.038749449581682076 0.02201524132091448
1 0.016952884191985908 0.8590177815410669 0.009247027741083224 0.05334462320067739
1 0.6774548656979305 0.8103302286198137 0.035667107001321 0.018628281117696866
1 0.8575517393218847 0.8086367485182049 0.03830911492734478 0.015241320914479255
1 0.9845882870981947 0.6388653683319221 0.007926023778071334 0.05842506350550381
1 0.9845882870981947 0.5097375105842507 0.010568031704095112 0.06435224386113463
1 0.984368119771026 0.3323454699407282 0.011889035667107 0.04657070279424217
1 0.9830471158080141 0.1896697713801863 0.011889035667107 0.16257408975444537
1 0.6292382210479964 0.15749364944961897 0.011448701012769706 0.07620660457239628
1 0.6305592250110084 0.34928027095681624 0.011448701012769706 0.06689246401354784
1 0.6279172170849846 0.6490262489415749 0.008806693086745927 0.07874682472480948
0 0.2617789520035227 0.27392040643522436 0.04535446939674152 0.09568162574089754
0 0.4804051078819903 0.275190516511431 0.05107881990312638 0.07790008467400508
0 0.3628357551739322 0.77307366638442 0.04227212681638045 0.06096528365791702
0 0.2661822985468956 0.7641828958509738 0.04975781594011449 0.07027942421676546
0 0.22875385292822545 0.3890770533446232 0.041831792162043156 0.07197290431837426
0 0.24636723910171732 0.8399661303979679 0.03830911492734478 0.09652836579170194
0 0.20871862615587847 0.5580016934801016 0.04931748128577719 0.07112616426756986
0 0.12417437252311757 0.8916172734970365 0.04579480405107882 0.06773920406435224
0 0.7798326728313518 0.27392040643522436 0.041391457507705856 0.09060118543607112
0 0.8214442976662263 0.3594411515664691 0.05151915455746367 0.07197290431837426
0 0.8214442976662263 0.5101608806096528 0.04975781594011449 0.07874682472480948
0 0.7461470717745486 0.4657070279424217 0.04007045354469397 0.06604572396274344
0 0.7826948480845443 0.5990685859441152 0.04975781594011449 0.08721422523285352