2 0.5227873183619551 0.28741197183098594 0.5198150594451784 0.5096830985915493
2 0.7301849405548216 0.2689260563380282 0.09445178335535007 0.21214788732394366
2 0.7301849405548216 0.09110915492957747 0.1036988110964333 0.12411971830985916
0 0.26585204755614267 0.7165492957746479 0.10898282694848084 0.33274647887323944
0 0.5085865257595773 0.7161091549295775 0.3527080581241744 0.3248239436619718
1 0.2569352708058124 0.33098591549295775 0.010568031704095112 0.26936619718309857
1 0.5703434610303831 0.02640845070422535 0.10501981505944517 0.02464788732394366
1 0.23282694848084545 0.8908450704225352 0.028401585204755615 0.01584507042253521
1 0.23414795244385733 0.5492957746478874 0.029722589167767502 0.014084507042253521
0 0.607331571994716 0.5845070422535211 0.06274768824306473 0.09683098591549295
0 0.7229194187582563 0.582306338028169 0.0653896961690885 0.10123239436619719
0 0.32463672391017173 0.6236795774647887 0.1499339498018494 0.09595070422535211
0 0.7159841479524438 0.4137323943661972 0.0607661822985469 0.09507042253521127
0 0.7031043593130779 0.18529929577464788 0.04557463672391017 0.06778169014084508
0 0.7344782034346103 0.1641725352112676 0.021136063408190225 0.025528169014084508