2 0.3134160090191657 0.07866915422885572 0.5140924464487034 0.11629353233830846
2 0.49098083427282974 0.2814054726368159 0.8647125140924464 0.23445273631840796
2 0.6820744081172492 0.5824004975124378 0.5073280721533259 0.361318407960199
2 0.758173618940248 0.6340174129353234 0.33032694475760993 0.24813432835820895
2 0.49379932356257045 0.8728233830845771 0.9177001127395716 0.1884328358208955
2 0.23675310033821872 0.6710199004975125 0.37204058624577224 0.1890547263681592
2 0.23562570462232243 0.4626865671641791 0.3855693348365276 0.21766169154228857
1 0.7643742953776775 0.7748756218905473 0.1713641488162345 0.0236318407960199
1 0.24239007891770012 0.7776741293532339 0.19165727170236754 0.026741293532338308
1 0.30214205186020293 0.15609452736318408 0.20969560315670802 0.01616915422885572
1 0.6944757609921083 0.14521144278606965 0.20518602029312288 0.023009950248756218
0 0.5090191657271702 0.1281094527363184 0.11837655016910936 0.060945273631840796
0 0.48647125140924463 0.44029850746268656 0.12514092446448705 0.06218905472636816
0 0.24126268320180383 0.439365671641791 0.1984216459977452 0.0640547263681592
0 0.39120631341600903 0.6082089552238806 0.133032694475761 0.06343283582089553
0 0.6296505073280722 0.619092039800995 0.08004509582863585 0.17101990049751245
0 0.5129650507328072 0.6697761194029851 0.10597519729425028 0.06218905472636816
0 0.5225479143179256 0.8078358208955224 0.10710259301014656 0.0845771144278607