2 0.2071616871704745 0.3895542248835662 0.26845342706502634 0.46773120425815035
2 0.11906854130052724 0.7528276779773786 0.09050966608084358 0.2215568862275449
2 0.2095782073813708 0.7511643379906853 0.07820738137082602 0.2262142381902861
2 0.29876977152899825 0.7524950099800399 0.0843585237258348 0.22355289421157684
2 0.5070298769771528 0.09214903526280772 0.2680140597539543 0.10179640718562874
2 0.5101054481546573 0.5099800399201597 0.26449912126537783 0.7045908183632734
2 0.5665641476274165 0.739853626081171 0.14543057996485062 0.2368596141051231
2 0.3991652021089631 0.5981370592149036 0.056678383128295255 0.07584830339321358
2 0.4000439367311072 0.8030605455755156 0.05140597539543058 0.1104457751164338
2 0.45826010544815465 0.801729873586161 0.0492091388400703 0.1051230871590153
2 0.4580404217926186 0.9121756487025948 0.07337434094903339 0.08117099135063206
2 0.8156854130052724 0.09081836327345309 0.2710896309314587 0.09780439121756487
2 0.8165641476274165 0.2741184298070526 0.2728471001757469 0.25149700598802394
2 0.7653778558875219 0.5089820359281437 0.1695957820738137 0.19161676646706588
2 0.7396748681898067 0.7045908183632734 0.1234622144112478 0.3033932135728543
2 0.8793936731107206 0.7375249500998003 0.14367311072056238 0.23486360612109114
2 0.9026801405975395 0.5555555555555556 0.08743409490333919 0.10379241516966067
2 0.9033391915641477 0.45575515635395875 0.0913884007029877 0.08516300731869594
1 0.11357644991212654 0.15535595475715236 0.05052724077328647 0.012641383898868928
1 0.16915641476274165 0.15269461077844312 0.0492091388400703 0.0166333998669328
1 0.23681898066783832 0.1520292747837658 0.05008787346221441 0.015302727877578177
1 0.2919595782073814 0.15402528276779773 0.05228471001757469 0.017964071856287425
1 0.4288224956063269 0.15103127079174983 0.058875219683655534 0.01330671989354624
1 0.5408611599297012 0.14870259481037923 0.05272407732864675 0.017964071856287425
1 0.5946836555360281 0.14870259481037923 0.05228471001757469 0.01929474384564205
1 0.7311072056239016 0.14870259481037923 0.0641476274165202 0.013972055888223553
1 0.8431458699472759 0.14404524284763806 0.05008787346221441 0.008649367930805056
1 0.8989455184534271 0.14604125083167 0.0492091388400703 0.008649367930805056
1 0.398286467486819 0.866600133067199 0.032952548330404216 0.013972055888223553
1 0.5608523725834798 0.8669328010645376 0.015377855887521968 0.01330671989354624
1 0.5878734622144113 0.8692614770459082 0.03866432337434095 0.011310711909514305
1 0.7451669595782073 0.864604125083167 0.061511423550087874 0.00998003992015968
1 0.7864674868189807 0.8642714570858283 0.02460456942003515 0.014637391882900865
1 0.8299648506151143 0.8652694610778443 0.01757469244288225 0.011310711909514305
1 0.8699472759226714 0.8632734530938124 0.05975395430579965 0.012641383898868928
0 0.05689806678383128 0.6051230871590153 0.04173989455184534 0.059214903526280775
0 0.1219244288224956 0.6117764471057884 0.04261862917398945 0.06054557551563539
0 0.22012302284710017 0.6134397870924817 0.02899824253075571 0.06121091151031271
0 0.2719683655536028 0.6144377910844977 0.028119507908611598 0.05256154357950765
0 0.23791739894551844 0.7455089820359282 0.038224956063268895 0.04856952761144378
0 0.41234622144112476 0.7255489021956087 0.03031634446397188 0.0552228875582169
0 0.43936731107205623 0.7538256819693946 0.015817223198594025 0.023952095808383235
0 0.4655096660808436 0.7717897538256819 0.03646748681898067 0.05189620758483034
0 0.45694200351493847 0.8922155688622755 0.04130052724077329 0.06786427145708583
0 0.48154657293497366 0.17664670658682635 0.03866432337434095 0.06986027944111776
0 0.7860281195079086 0.1763140385894877 0.04305799648506151 0.07451763140385895
0 0.8317223198594025 0.3805721889554225 0.03954305799648506 0.07584830339321358
0 0.8424868189806678 0.5292747837658017 0.03646748681898067 0.05256154357950765
0 0.8659929701230229 0.4763805721889554 0.03866432337434095 0.049234863606121095
0 0.788444639718805 0.5781769793745841 0.04964850615114236 0.057218895542248835
0 0.8295254833040422 0.6383898868928809 0.043936731107205626 0.06719893546240852
0 0.44244288224956063 0.6081170991350632 0.04657293497363796 0.04258150365934797