2 0.19754359647477968 0.5301339285714286 0.0950684417776111 0.29330357142857144
2 0.28698668666791677 0.5270089285714286 0.05831614475904744 0.2870535714285714
2 0.3522407650478155 0.5111607142857143 0.05494093380836302 0.2741071428571429
2 0.4466529158072379 0.5095982142857143 0.12450778173635853 0.27098214285714284
2 0.5588786799174948 0.5142857142857142 0.08906806675417214 0.27767857142857144
2 0.6546034127132946 0.5183035714285714 0.09300581286330396 0.26607142857142857
2 0.08972435777236078 0.22678571428571428 0.11381961372585786 0.2883928571428571
2 0.19116819801237578 0.22879464285714285 0.0823176448528033 0.28080357142857143
2 0.4704669041815113 0.2296875 0.4747796737296081 0.2888392857142857
2 0.8391149446840428 0.45223214285714286 0.25839114944684044 0.7142857142857143
2 0.7778923682730171 0.4785714285714286 0.13182073879617476 0.2375
2 0.7698293643352709 0.7 0.12132008250515658 0.15803571428571428
1 0.03487717982373898 0.23861607142857144 0.04275267204200262 0.25491071428571427
1 0.0886930433152072 0.07433035714285714 0.02475154697168573 0.02544642857142857
1 0.1299456216013501 0.07254464285714286 0.029626851678229888 0.02544642857142857
1 0.17082317644852804 0.0703125 0.0255015938496156 0.027232142857142858
1 0.211700731295706 0.075 0.028126757922370148 0.03660714285714286
1 0.2524845302831427 0.07678571428571429 0.030939433714607164 0.030357142857142857
1 0.2910181886367898 0.075 0.02475154697168573 0.030357142857142857
1 0.35627226701668857 0.07254464285714286 0.033377086067879244 0.03169642857142857
1 0.3998687417963623 0.06941964285714286 0.03356459778736171 0.03169642857142857
1 0.4447777986124133 0.075 0.028126757922370148 0.026785714285714284
1 0.4902493905869117 0.0734375 0.024189011813238327 0.027232142857142858
1 0.5357209825614101 0.0734375 0.0255015938496156 0.027232142857142858
1 0.582598912432027 0.07254464285714286 0.028126757922370148 0.03169642857142857
1 0.6268516782298894 0.07410714285714286 0.026626664166510407 0.02857142857142857
1 0.6734483405212826 0.07433035714285714 0.026064129008063004 0.02544642857142857
1 0.7359834989686855 0.08392857142857142 0.028126757922370148 0.022321428571428572
1 0.7761110069379337 0.08549107142857143 0.028126757922370148 0.02544642857142857
1 0.8167072942058878 0.08459821428571429 0.02868929308081755 0.03705357142857143
1 0.856834802175136 0.08616071428571428 0.026064129008063004 0.026785714285714284
1 0.8983686480405025 0.08861607142857143 0.031501968873054564 0.03169642857142857
1 0.9385899118694918 0.08526785714285715 0.026064129008063004 0.022321428571428572
1 0.9710294393399588 0.17165178571428572 0.01743858991186949 0.06383928571428571
1 0.9714044627789237 0.27834821428571427 0.012563285205325334 0.05758928571428571
1 0.9710294393399588 0.38191964285714286 0.014813425839114944 0.07366071428571429
1 0.9699981248828051 0.4783482142857143 0.0127507969248078 0.06205357142857143
1 0.9699981248828051 0.5852678571428571 0.0127507969248078 0.06875
1 0.9724357772360772 0.6912946428571428 0.013500843802737672 0.05758928571428571
1 0.9710294393399588 0.7861607142857143 0.014813425839114944 0.05892857142857143
1 0.7058878679917495 0.7357142857142858 0.010688168010500656 0.06696428571428571
1 0.6707294205887868 0.6649553571428571 0.02625164072754547 0.027232142857142858
1 0.6264766547909244 0.6618303571428571 0.02475154697168573 0.027232142857142858
1 0.5799737483592724 0.6602678571428572 0.0255015938496156 0.020535714285714286
1 0.5337521095068442 0.659375 0.026814175885992875 0.025892857142857145
1 0.44571535720982564 0.6560267857142857 0.027376711044440276 0.02544642857142857
1 0.39949371835739733 0.6578125 0.027564222763922744 0.019196428571428573
1 0.35261578848678043 0.6618303571428571 0.02868929308081755 0.027232142857142858
1 0.30039377461091316 0.6866071428571429 0.030001875117194824 0.038392857142857145
0 0.15169698106131632 0.4138392857142857 0.022126382898931183 0.038392857142857145
0 0.16847927995499717 0.3908482142857143 0.02081380086255391 0.039732142857142855
0 0.22473279579973748 0.3220982142857143 0.023438964935308455 0.090625
0 0.25782861428839304 0.41941964285714284 0.02400150009375586 0.05223214285714286
0 0.33686480405025315 0.36607142857142855 0.013313332083255204 0.038392857142857145
0 0.3251453215825989 0.2080357142857143 0.015375960997562348 0.044642857142857144
0 0.37399212450778174 0.41629464285714285 0.02081380086255391 0.049553571428571426
0 0.343240202512657 0.4234375 0.015563472717044816 0.03526785714285714
0 0.5075942246390399 0.41316964285714286 0.018751171948246766 0.039732142857142855
0 0.5990999437464841 0.41294642857142855 0.018001125070316894 0.05267857142857143
0 0.48987436714794674 0.6488839285714286 0.030189386836677292 0.039732142857142855
0 0.81839489968123 0.7709821428571428 0.024189011813238327 0.048214285714285716
0 0.8174573410838177 0.6247767857142857 0.026064129008063004 0.06205357142857143
0 0.7206075379711232 0.3430803571428571 0.028126757922370148 0.033482142857142856
0 0.6737296081005063 0.3013392857142857 0.026626664166510407 0.03660714285714286