2 0.131023102310231 0.45278637770897834 0.20132013201320131 0.6486068111455109
2 0.3079207920792079 0.2755417956656347 0.13267326732673268 0.29411764705882354
2 0.7372937293729372 0.5046439628482973 0.3445544554455445 0.9195046439628483
2 0.47326732673267324 0.45897832817337464 0.18877887788778877 0.6609907120743034
2 0.3105610561056106 0.6130030959752322 0.1353135313531353 0.34055727554179566
2 0.059735973597359736 0.8227554179566563 0.06006600660066007 0.17182662538699692
0 0.05841584158415842 0.6749226006191951 0.04950495049504951 0.13312693498452013
0 0.21221122112211221 0.6238390092879257 0.07194719471947195 0.16718266253869968
0 0.3099009900990099 0.5046439628482973 0.056105610561056105 0.16408668730650156
0 0.3504950495049505 0.81656346749226 0.0594059405940594 0.3328173374613003
0 0.6313531353135313 0.39241486068111453 0.06402640264026403 0.16253869969040247
1 0.0165016501650165 0.22987616099071206 0.030363036303630363 0.13777089783281735
1 0.019471947194719473 0.6160990712074303 0.03234323432343234 0.20123839009287925
1 0.9224422442244224 0.19659442724458204 0.0297029702970297 0.24458204334365324
1 0.9244224422442244 0.7654798761609907 0.0297029702970297 0.24303405572755418