2 0.1270878721859114 0.2611721611721612 0.19317356572258534 0.24981684981684982
2 0.4745824255628177 0.47106227106227105 0.5018155410312273 0.6578754578754579
2 0.42955700798838053 0.6842490842490843 0.19535221496005808 0.2402930402930403
2 0.6223674655047204 0.680952380952381 0.18736383442265794 0.23809523809523808
2 0.270878721859114 0.8904761904761904 0.14088598402323893 0.12527472527472527
2 0.11982570806100218 0.7417582417582418 0.18445896877269427 0.11208791208791209
2 0.12236746550472041 0.5963369963369963 0.19389978213507625 0.15677655677655677
2 0.12490922294843863 0.452014652014652 0.1888162672476398 0.11868131868131868
0 0.25453885257806824 0.33882783882783885 0.074800290486565 0.0989010989010989
0 0.2494553376906318 0.4783882783882784 0.06753812636165578 0.04835164835164835
0 0.2523602033405955 0.5956043956043956 0.07915758896151052 0.07765567765567766
0 0.35693536673928833 0.604029304029304 0.07770515613652869 0.07545787545787545
0 0.59440813362382 0.5989010989010989 0.074800290486565 0.08131868131868132
0 0.12636165577342048 0.652014652014652 0.06100217864923747 0.07326007326007326
0 0.285039941902687 0.8505494505494505 0.07915758896151052 0.08351648351648351
0 0.3042846768336964 0.10036630036630037 0.06971677559912855 0.08937728937728938
1 0.12599854756717502 0.12637362637362637 0.11256354393609296 0.02857142857142857
1 0.524328249818446 0.12747252747252746 0.23384168482207698 0.02490842490842491
1 0.7298474945533769 0.20073260073260074 0.027596223674655047 0.05860805860805861
1 0.729121278140886 0.4461538461538462 0.030501089324618737 0.10695970695970695
1 0.5969498910675382 0.815018315018315 0.10312273057371096 0.035897435897435895
1 0.41466957153231665 0.8183150183150183 0.11038489469862019 0.0336996336996337
1 0.12672476397966595 0.8139194139194139 0.06753812636165578 0.03663003663003663