2 0.11024702653247942 0.14955686853766617 0.15279048490393413 0.26070901033973415
2 0.5635864592863677 0.36115214180206795 0.7282708142726441 0.6838995568685377
2 0.8316559926806953 0.327178729689808 0.1372369624885636 0.07385524372230429
2 0.8417200365965233 0.4257754800590842 0.15736505032021958 0.10561299852289513
2 0.8517840805123513 0.5380354505169868 0.15919487648673375 0.09379615952732644
2 0.38609332113449224 0.3932791728212703 0.3696248856358646 0.21048744460856722
2 0.37923147301006405 0.5960118168389956 0.3595608417200366 0.18906942392909898
2 0.4272644098810613 0.8042836041358936 0.4556267154620311 0.19202363367799113
1 0.19304666056724612 0.12259970457902511 0.023787740164684355 0.1329394387001477
1 0.19167429094236046 0.396602658788774 0.024702653247941447 0.1344165435745938
1 0.1939615736505032 0.6074593796159528 0.03293687099725526 0.13220088626292467
1 0.1948764867337603 0.8127769571639586 0.027447392497712716 0.1292466765140325
1 0.7881976212259836 0.01624815361890694 0.1729185727355901 0.014771048744460856
0 0.19990850869167429 0.22562776957163957 0.14913083257090576 0.06277695716395865
0 0.7429094236047575 0.31610044313146235 0.07502287282708142 0.047267355982274745
0 0.5407136322049405 0.32163958641063517 0.08600182982616651 0.055391432791728215
0 0.7301006404391582 0.4331610044313146 0.07319304666056725 0.04948301329394387
0 0.7941445562671546 0.46971935007385524 0.06404391582799634 0.05465288035450517
0 0.7099725526075022 0.5930576070901034 0.06953339432753888 0.11078286558345643
0 0.5397987191216834 0.5317577548005908 0.07868252516010979 0.0620384047267356
0 0.611619396157365 0.681314623338257 0.06495882891125343 0.07016248153618906