2 0.1801091570648878 0.21589486858573217 0.2801697998787144 0.12891113892365458
2 0.24151000606428139 0.386107634543179 0.0469981807155852 0.21401752190237797
2 0.23559733171619163 0.47528160200250313 0.16676773802304426 0.3948685857321652
2 0.09808975136446331 0.4755944931163955 0.11855670103092783 0.3904881101376721
2 0.10642813826561552 0.3739048811013767 0.061249241964827165 0.16458072590738423
2 0.17601576713159492 0.34730913642052563 0.05670103092783505 0.08760951188986232
2 0.17662219526986053 0.4568210262828536 0.07368101879927229 0.08886107634543179
2 0.810794420861128 0.17459324155193992 0.28077622801698 0.04630788485607009
2 0.8946331109763493 0.31320400500625784 0.11006670709520922 0.2146433041301627
2 0.8858399029714978 0.5200250312891114 0.13856882959369315 0.1927409261576971
2 0.8485445724681625 0.6433041301627034 0.20224378411158278 0.05006257822277847
2 0.7546998180715585 0.4881101376720901 0.16616130988477865 0.36545682102628285
2 0.7252880533656761 0.32759699624530664 0.10733778047301394 0.24843554443053817
2 0.8080654942389327 0.2518773466833542 0.05275924802910855 0.1032540675844806
2 0.4264705882352941 0.29630788485607007 0.14766525166767738 0.2897371714643304
2 0.5654942389326865 0.29881101376720903 0.12916919345057612 0.29224030037546933
2 0.5548817465130382 0.5575719649561952 0.15281989084293512 0.2165206508135169
2 0.374620982413584 0.49155193992490614 0.040327471194663435 0.08197747183979975
2 0.4111582777440873 0.5588235294117647 0.1212856276531231 0.21401752190237797
2 0.4223771983020012 0.7424906132665833 0.09884778653729533 0.1295369211514393
1 0.17722862340812615 0.1467459324155194 0.04214675560946028 0.023153942428035045
1 0.4181322013341419 0.14455569461827283 0.053365676167374164 0.01877346683354193
1 0.5700424499696786 0.14799749687108887 0.05942995755003032 0.028160200250312892
1 0.3479381443298969 0.28754693366708384 0.00939963614311704 0.11702127659574468
1 0.34596725288053365 0.47966207759699625 0.007883565797453002 0.039424280350438046
1 0.5400242571255306 0.6805381727158949 0.0545785324439054 0.024405506883604506
1 0.47619769557307456 0.7640801001251565 0.010006064281382655 0.06132665832290363
1 0.4070648878107944 0.8213391739674594 0.057307459066100665 0.023153942428035045
1 0.36597938144329895 0.7684605757196495 0.015160703456640388 0.06132665832290363
1 0.6646452395391146 0.3241551939924906 0.012734990903577926 0.13391739674593242
1 0.6652516676773802 0.5560075093867334 0.008489993935718617 0.041927409261576974
1 0.9554275318374773 0.3232165206508135 0.008489993935718617 0.10200250312891114
1 0.9549727107337781 0.5078222778473092 0.011825348696179502 0.11702127659574468
1 0.034869617950272894 0.4111389236545682 0.013341419041843541 0.07884856070087609
0 0.05761067313523347 0.12015018773466833 0.02971497877501516 0.06758448060075094
0 0.05821710127349909 0.26282853566958697 0.02971497877501516 0.060075093867334166
0 0.24348089751364463 0.24874843554443055 0.036385688295936934 0.06946182728410513
0 0.2921467556094603 0.24874843554443055 0.026986052152819892 0.06946182728410513
0 0.09445118253486962 0.4827909887359199 0.028198908429351122 0.06946182728410513
0 0.13114008489993936 0.3423028785982478 0.039721043056397815 0.06382978723404255
0 0.44390539721043054 0.4762202753441802 0.030927835051546393 0.0625782227784731
0 0.4633110976349303 0.565081351689612 0.04063068526379624 0.0625782227784731
0 0.40403274711946635 0.5062578222778473 0.026379624014554275 0.04881101376720901
0 0.40463917525773196 0.574468085106383 0.027592480291085505 0.05131414267834793
0 0.4523953911461492 0.6961827284105131 0.02425712553062462 0.06695869837296621
0 0.45542753183747725 0.8532540675844806 0.03699211643420255 0.08448060075093868
0 0.7628865979381443 0.4305381727158949 0.025469981807155852 0.0625782227784731
0 0.7960885385081867 0.3288485607008761 0.027592480291085505 0.05068836045056321
0 0.850970285021225 0.3645181476846058 0.03305033353547605 0.06946182728410513
0 0.8247422680412371 0.5043804755944932 0.03759854457246816 0.05006257822277847
0 0.5742874469375379 0.4283479349186483 0.02304426925409339 0.039424280350438046
0 0.5983929654335961 0.4330413016270338 0.025166767738023045 0.04881101376720901