2 0.35093896713615025 0.22287047841306884 0.5046948356807511 0.26954492415402564
2 0.7746478873239436 0.25525087514585765 0.3145539906103286 0.34480746791131855
2 0.579225352112676 0.4798716452742124 0.19131455399061034 0.2246207701283547
2 0.5803990610328639 0.6344807467911319 0.18661971830985916 0.06359393232205368
2 0.284037558685446 0.5137106184364061 0.3732394366197183 0.3016336056009335
2 0.8169014084507042 0.5011668611435239 0.23708920187793428 0.1295215869311552
2 0.8086854460093896 0.6228121353558926 0.2323943661971831 0.08693115519253208
2 0.7852112676056338 0.8949824970828472 0.2887323943661972 0.14935822637106183
1 0.31338028169014087 0.08722287047841307 0.215962441314554 0.012252042007001166
1 0.7200704225352113 0.08722287047841307 0.21009389671361503 0.012252042007001166
1 0.306924882629108 0.6729871645274212 0.20305164319248825 0.01691948658109685
1 0.7136150234741784 0.9784130688448075 0.13145539906103287 0.012835472578763127
1 0.8573943661971831 0.9792882147024504 0.15610328638497653 0.01691948658109685
0 0.4301643192488263 0.43319719953325553 0.12793427230046947 0.061260210035005834
0 0.5516431924882629 0.38418903150525086 0.11502347417840375 0.06592765460910152
0 0.7394366197183099 0.4002333722287048 0.14553990610328638 0.051341890315052506
0 0.5181924882629108 0.06709451575262544 0.10446009389671361 0.08051341890315053
0 0.6508215962441315 0.49241540256709454 0.10446009389671361 0.057176196032672114
0 0.7523474178403756 0.5551341890315052 0.0892018779342723 0.05542590431738623
0 0.5498826291079812 0.6204784130688448 0.1068075117370892 0.062427071178529754
0 0.5481220657276995 0.6971995332555426 0.11267605633802817 0.06534422403733955
0 0.5880281690140845 0.9025670945157527 0.11971830985915492 0.07117852975495916