2 0.08827634333565945 0.1771978021978022 0.10537334263782275 0.23717948717948717
2 0.528960223307746 0.24862637362637363 0.7508722958827634 0.38186813186813184
2 0.4281228192602931 0.385989010989011 0.1151430565247732 0.10347985347985347
2 0.21702721563154223 0.47023809523809523 0.30146545708304257 0.26282051282051283
2 0.6374738311235171 0.6456043956043956 0.5366364270760642 0.38644688644688646
2 0.6577110956036287 0.7422161172161172 0.10956036287508723 0.18956043956043955
1 0.052686671318911374 0.4876373626373626 0.021632937892533146 0.16575091575091574
1 0.9082344731332868 0.2522893772893773 0.021632937892533146 0.2957875457875458
1 0.9106769016050245 0.5393772893772893 0.01674808094905792 0.0989010989010989
1 0.1479413817166783 0.13507326007326007 0.022330774598743892 0.1382783882783883
0 0.1517794836008374 0.2541208791208791 0.10676901605024425 0.08699633699633699
0 0.47522679692951847 0.27564102564102566 0.06838799720865317 0.07875457875457875
0 0.4413817166782973 0.46703296703296704 0.04396371249127704 0.05311355311355311
0 0.39043963712491275 0.5 0.050942079553384506 0.08424908424908426
0 0.5799023028611305 0.7307692307692307 0.05443126308443824 0.08241758241758242
0 0.5404745289602233 0.8493589743589743 0.07606420097697139 0.1401098901098901