2 0.5097674418604651 0.13936591809775428 0.9172093023255814 0.13210039630118892
2 0.2 0.3441215323645971 0.29767441860465116 0.23381770145310435
2 0.5525581395348838 0.5657199471598415 0.3665116279069767 0.6664464993394981
2 0.8418604651162791 0.702774108322325 0.2102325581395349 0.09247027741083223
2 0.8511627906976744 0.8309114927344782 0.2213953488372093 0.13606340819022458
2 0.8474418604651163 0.3728533685601057 0.2288372093023256 0.28731836195508587
0 0.32651162790697674 0.39531043593130777 0.10046511627906977 0.06803170409511229
0 0.5772093023255814 0.18692206076618229 0.10325581395348837 0.07793923381770146
0 0.7702325581395348 0.4871202113606341 0.08372093023255814 0.06406869220607662
0 0.867906976744186 0.5029722589167768 0.08372093023255814 0.06142668428005284
0 0.6976744186046512 0.8388375165125496 0.10046511627906977 0.071334214002642
0 0.7009302325581396 0.5957727873183619 0.09023255813953489 0.06605019815059446
0 0.8451162790697675 0.7836856010568032 0.1013953488372093 0.0667107001321004
0 0.6651162790697674 0.9369220607661823 0.11348837209302326 0.08652575957727873
1 0.20930232558139536 0.2189564068692206 0.15627906976744185 0.028401585204755615
1 0.43348837209302327 0.22027741083223248 0.12093023255813953 0.031043593130779392
1 0.6683720930232558 0.2189564068692206 0.07162790697674419 0.028401585204755615
1 0.8586046511627907 0.21499339498018494 0.15069767441860465 0.029722589167767502
1 0.9748837209302326 0.2807133421400264 0.026046511627906978 0.036988110964332896