2 0.7240398293029872 0.28355555555555556 0.32574679943101 0.10488888888888889
2 0.722972972972973 0.3933333333333333 0.3335704125177809 0.10488888888888889
2 0.7240398293029872 0.5071111111111111 0.32147937411095306 0.11022222222222222
2 0.22297297297297297 0.704 0.4132290184921764 0.13155555555555556
2 0.0821479374110953 0.6015555555555555 0.12162162162162163 0.06355555555555556
2 0.26422475106685633 0.6004444444444444 0.1813655761024182 0.06755555555555555
2 0.2901849217638691 0.43422222222222223 0.5419630156472262 0.4062222222222222
2 0.04658605974395448 0.4806666666666667 0.08179231863442389 0.15244444444444444
2 0.26173541963015645 0.5993333333333334 0.1721194879089616 0.06355555555555556
2 0.4007823613086771 0.4411111111111111 0.06756756756756757 0.0768888888888889
0 0.4615931721194879 0.45066666666666666 0.06827880512091039 0.03911111111111111
0 0.3879800853485064 0.5126666666666667 0.0732574679943101 0.042222222222222223
0 0.4896870554765292 0.5724444444444444 0.06614509246088193 0.10044444444444445
0 0.3794452347083926 0.612 0.05903271692745377 0.033777777777777775
0 0.3968705547652916 0.6204444444444445 0.044096728307254626 0.04622222222222222
0 0.5800142247510669 0.42 0.077524893314367 0.03288888888888889
0 0.5739687055476529 0.31466666666666665 0.06258890469416785 0.032
0 0.5800142247510669 0.47244444444444444 0.07467994310099574 0.027555555555555555
0 0.057610241820768134 0.3844444444444444 0.05547652916073969 0.04622222222222222
0 0.11522048364153627 0.6506666666666666 0.05263157894736842 0.037333333333333336
1 0.01422475106685633 0.31244444444444447 0.02702702702702703 0.1608888888888889
1 0.8986486486486487 0.28555555555555556 0.023470839260312945 0.10266666666666667
1 0.8993598862019915 0.394 0.024893314366998577 0.09288888888888888
1 0.8993598862019915 0.5062222222222222 0.022048364153627313 0.10577777777777778
1 0.008534850640113799 0.5982222222222222 0.015647226173541962 0.05511111111111111
1 0.012446657183499289 0.7042222222222222 0.023470839260312945 0.12488888888888888
1 0.09850640113798008 0.4866666666666667 0.022048364153627313 0.15555555555555556