2 0.36063902107409923 0.31638696939782823 0.33650577838205303 0.29318854886475815
2 0.12542488103331068 0.6559723593287266 0.1026512576478586 0.35241855873642647
2 0.3616587355540449 0.6515301085883515 0.3344663494221618 0.351431391905232
2 0.6063902107409925 0.6016781836130306 0.12780421481985044 0.46890424481737414
2 0.8341264445955132 0.3139190523198421 0.28008157715839566 0.3020730503455084
2 0.6043507817811012 0.25863770977295164 0.12780421481985044 0.18361303060217177
0 0.18388851121685929 0.5488647581441264 0.14208021753908906 0.11451135241855874
0 0.508837525492862 0.5503455083909181 0.07273963290278722 0.09378084896347483
0 0.5037389530931339 0.41609081934846986 0.07749830047586675 0.08983218163869694
0 0.6046906866077498 0.3973346495557749 0.05914343983684568 0.10760118460019744
0 0.699524133242692 0.4215202369200395 0.07341944255608429 0.09081934846989141
0 0.5880353501019715 0.8805528134254689 0.07205982324949015 0.11451135241855874
1 0.18694765465669613 0.32230997038499504 0.012236573759347382 0.22013820335636722
1 0.9806254248810333 0.34501480750246794 0.01699524133242692 0.18262586377097728
1 0.18898708361658736 0.7206317867719645 0.013596193065941536 0.21322803553800593