1 0.3276157804459691 0.19739819004524886 0.11492281303602059 0.053167420814479636
1 0.5338765008576329 0.19570135746606335 0.15180102915951973 0.05429864253393665
1 0.9018010291595198 0.5452488687782805 0.04030874785591767 0.11990950226244344
1 0.7971698113207547 0.4440045248868778 0.1569468267581475 0.026018099547511313
1 0.7075471698113207 0.2748868778280543 0.015437392795883362 0.09049773755656108
1 0.38250428816466553 0.5050904977375565 0.6363636363636364 0.5757918552036199
1 0.16423670668953688 0.6561085972850679 0.18610634648370497 0.23076923076923078
1 0.7285591766723842 0.6233031674208145 0.30445969125214406 0.3506787330316742
0 0.5385934819897084 0.6691176470588235 0.09777015437392796 0.10294117647058823
0 0.7478559176672385 0.375 0.11149228130360206 0.11199095022624435
0 0.29245283018867924 0.7222850678733032 0.09262435677530018 0.10294117647058823
0 0.3259005145797599 0.8631221719457014 0.08919382504288165 0.12895927601809956