2 0.47107438016528924 0.10739130434782608 0.8044077134986226 0.16260869565217392
2 0.4770431588613407 0.5382608695652173 0.7887970615243343 0.6208695652173913
2 0.761248852157943 0.3717391304347826 0.22038567493112948 0.2965217391304348
2 0.6400367309458218 0.7426086956521739 0.1652892561983471 0.22260869565217392
2 0.4885215794306703 0.7630434782608696 0.13406795224977044 0.15043478260869564
2 0.25390266299357206 0.7343478260869565 0.3370064279155188 0.2234782608695652
1 0.15564738292011018 0.20565217391304347 0.09090909090909091 0.028695652173913042
1 0.25252525252525254 0.21 0.0881542699724518 0.042608695652173914
1 0.494949494949495 0.21130434782608695 0.09917355371900827 0.036521739130434785
1 0.7506887052341598 0.2091304347826087 0.10376492194674013 0.04782608695652174
1 0.06473829201101929 0.7104347826086956 0.03948576675849403 0.08695652173913043
0 0.3746556473829201 0.17956521739130435 0.0844811753902663 0.11565217391304349
0 0.6152433425160698 0.5965217391304348 0.10835629017447199 0.12347826086956522
0 0.7722681359044995 0.4834782608695652 0.08631772268135904 0.11130434782608696
0 0.7966023875114784 0.8552173913043478 0.10560146923783287 0.20782608695652174
0 0.30991735537190085 0.6652173913043479 0.09274563820018365 0.09565217391304348
0 0.5987144168962351 0.7278260869565217 0.10101010101010101 0.08695652173913043