2 0.4760837070254111 0.12562814070351758 0.772795216741405 0.16080402010050251
2 0.4701046337817638 0.4769681742043551 0.7638266068759342 0.4932998324958124
2 0.7174887892376681 0.6578726968174204 0.24813153961136025 0.12144053601340034
2 0.6733931240657698 0.7973199329983249 0.3243647234678625 0.1323283082077052
2 0.30792227204783257 0.8010887772194305 0.44245142002989535 0.13651591289782244
1 0.2742899850523169 0.2185929648241206 0.16890881913303438 0.021775544388609715
1 0.6517189835575485 0.2231993299832496 0.14349775784753363 0.025963149078726967
0 0.429745889387145 0.1800670016750419 0.14200298953662183 0.09882747068676717
0 0.4484304932735426 0.775963149078727 0.16442451420029897 0.09128978224455611
0 0.4192825112107623 0.8752093802345059 0.19282511210762332 0.19095477386934673
0 0.6636771300448431 0.7654941373534339 0.13452914798206278 0.09715242881072027