2 0.5816 0.11013011152416356 0.6704 0.16449814126394052
2 0.5608 0.4962825278810409 0.6768 0.5353159851301115
2 0.3264 0.5780669144981413 0.2112 0.10223048327137546
2 0.3168 0.695631970260223 0.2176 0.13475836431226765
2 0.2216 0.8294609665427509 0.3952 0.1570631970260223
2 0.6672 0.8410780669144982 0.464 0.14684014869888476
1 0.6712 0.21933085501858737 0.1616 0.03345724907063197
0 0.5064 0.17983271375464685 0.1392 0.11617100371747212
0 0.4872 0.591542750929368 0.1552 0.0604089219330855
0 0.5144 0.8192379182156134 0.1776 0.08828996282527882
0 0.536 0.9112453531598513 0.1952 0.1775092936802974
0 0.3448 0.8094795539033457 0.1424 0.10780669144981413