2 0.09869281045751634 0.36445012787723785 0.09803921568627451 0.5294117647058824
2 0.3261437908496732 0.3593350383631714 0.338562091503268 0.4936061381074169
2 0.6039215686274509 0.6381074168797954 0.20522875816993463 0.35805626598465473
2 0.8183006535947712 0.6413043478260869 0.21437908496732025 0.34398976982097185
2 0.7875816993464052 0.2826086956521739 0.27712418300653596 0.3375959079283887
2 0.5712418300653594 0.358695652173913 0.1437908496732026 0.18286445012787725
2 0.5826797385620915 0.1860613810741688 0.11960784313725491 0.14194373401534527
1 0.1522875816993464 0.2928388746803069 0.018300653594771243 0.35038363171355497
1 0.9320261437908497 0.2755754475703325 0.0196078431372549 0.17263427109974425
1 0.9313725490196079 0.6451406649616368 0.01568627450980392 0.18286445012787725
0 0.7330065359477124 0.5236572890025576 0.06601307189542484 0.10358056265984655
0 0.6558823529411765 0.20588235294117646 0.05163398692810457 0.08184143222506395
0 0.6777777777777778 0.4111253196930946 0.05620915032679739 0.12148337595907928
0 0.6173202614379085 0.5044757033248082 0.049019607843137254 0.11381074168797954
0 0.47058823529411764 0.5434782608695652 0.06535947712418301 0.12276214833759591
0 0.6519607843137255 0.8248081841432225 0.06470588235294118 0.2531969309462916