2 0.22951858108108109 0.3322023442319556 0.14569256756756757 0.24367674275138804
2 0.20460304054054054 0.4302899444787168 0.10008445945945946 0.056138186304750155
2 0.20840371621621623 0.580505860579889 0.10346283783783784 0.23195558297347316
2 0.2981418918918919 0.662553979025293 0.06503378378378379 0.06785934608266501
2 0.29624155405405406 0.5755706354102406 0.06545608108108109 0.09376927822331894
2 0.3623310810810811 0.3204811844540407 0.10557432432432433 0.21406539173349784
2 0.33973817567567566 0.5635410240592227 0.15498310810810811 0.2720542874768661
2 0.5211148648648649 0.45681677976557683 0.20016891891891891 0.4879703886489821
2 0.7039695945945946 0.3257248611967921 0.14864864864864866 0.215916101172116
2 0.667018581081081 0.5027760641579272 0.07136824324324324 0.10857495373226403
2 0.7383868243243243 0.499691548426897 0.06967905405405406 0.11721159777914868
2 0.7029138513513513 0.6378778531770513 0.14907094594594594 0.14682294879703886
2 0.5228040540540541 0.5965453423812461 0.19594594594594594 0.229487970388649
2 0.3342483108108108 0.7603331276989512 0.13809121621621623 0.06847624922887106
1 0.23289695945945946 0.20172732880937694 0.05954391891891892 0.022208513263417645
1 0.36359797297297297 0.2011104256631709 0.0472972972972973 0.014805675508945095
1 0.512668918918919 0.20604565083281925 0.12077702702702703 0.023442319555829736
1 0.597339527027027 0.20357803824799506 0.03251689189189189 0.01974090067859346
1 0.7130489864864865 0.20512029611351018 0.06630067567567567 0.019123997532387416
1 0.706081081081081 0.7199259716224553 0.04222972972972973 0.025909932140653916
1 0.5977618243243243 0.7211597779148674 0.03758445945945946 0.023442319555829736
1 0.47381756756756754 0.715916101172116 0.07347972972972973 0.027760641579272053
1 0.21199324324324326 0.7152991980259099 0.04814189189189189 0.020357803824799507
0 0.20671452702702703 0.37075879086983343 0.03505067567567568 0.048118445404071564
0 0.30532094594594594 0.4025293028994448 0.08361486486486487 0.06107341147439852
0 0.32115709459459457 0.5160394818013572 0.0629222972972973 0.09561998766193708
0 0.3032094594594595 0.7378161628624306 0.03885135135135135 0.061690314620604564
0 0.3659206081081081 0.742442936458976 0.04265202702702703 0.08328192473781616
0 0.2404983108108108 0.4922887106724244 0.044341216216216214 0.061690314620604564
0 0.6431587837837838 0.3892658852560148 0.04307432432432432 0.05922270203578038
0 0.7352195945945946 0.5925354719309068 0.04222972972972973 0.06600863664404688
0 0.643581081081081 0.6400370141887723 0.052364864864864864 0.05737199259716225
0 0.8008868243243243 0.6409623689080814 0.04349662162162162 0.054287476866132015
0 0.7214949324324325 0.512954966070327 0.046875 0.05860579888957434