2 0.2685451408855664 0.15848042977743668 0.11960897067280046 0.07751343054489639
2 0.11155836687751582 0.26784343821949347 0.08395629672225417 0.11818879508825787
2 0.11357101782633698 0.3967766692248657 0.08453133985048879 0.12279355333844973
2 0.31857389304197814 0.47006907137375287 0.3162737205290397 0.5180353031465849
2 0.3608395629672225 0.8119723714504988 0.23059229442208165 0.13660782808902533
2 0.18372627947096032 0.8019953952417498 0.10523289246693503 0.11665387567152724
2 0.11730879815986199 0.7712970069071374 0.1012075905692927 0.21028396009209516
2 0.11357101782633698 0.56792018419033 0.09373202990224266 0.19800460475825019
2 0.6086831512363428 0.3814274750575595 0.16618746405980447 0.340752110514198
2 0.8162737205290397 0.3844973138910207 0.2282921219091432 0.3591711435149655
2 0.815698677400805 0.649270913277053 0.2282921219091432 0.17651573292402148
2 0.8148361127084531 0.8127398311588642 0.23001725129384704 0.113584036838066
2 0.6112708453133985 0.7141212586339217 0.16906267970097758 0.3108211818879509
2 0.5784933870040253 0.6074443591711435 0.10580793559516964 0.10207214121258634
0 0.2705577918343876 0.17958557175748274 0.05462909718228867 0.07828089025326171
0 0.12535940195514664 0.3572524942440522 0.039102932719954 0.052954719877206444
0 0.1339850488786659 0.4873369148119724 0.04600345025876941 0.059861857252494245
0 0.17452558941920643 0.6331542594013815 0.05117883841288096 0.04911742133537989
0 0.28263369752731454 0.656945510360706 0.053479010925819435 0.0844205679201842
0 0.28090856814261067 0.7732156561780507 0.06152961472110408 0.08672294704528012
0 0.1926394479585969 0.7248656945510361 0.04945370902817711 0.08365310821181889
0 0.6155836687751581 0.6343054489639294 0.060379528464634846 0.0636991557943208
0 0.6661874640598044 0.533384497313891 0.05922944220816561 0.0844205679201842
0 0.7136285221391604 0.7083653108211819 0.05980448533640023 0.06293169608595549
0 0.7156411730879816 0.7881811204911742 0.05577918343875791 0.06293169608595549
1 0.6578493387004025 0.8772064466615502 0.03565267395054629 0.01688411358403684
1 0.6325474410580794 0.2083653108211819 0.09430707303047729 0.017651573292402148
1 0.3887291546866015 0.2075978511128166 0.11730879815986199 0.016116653875671526
1 0.4744105807935595 0.48311588641596315 0.016101207590569294 0.15118956254796623
1 0.9315698677400805 0.6511895625479662 0.008050603795284647 0.04528012279355334
1 0.8680276020701553 0.7501918649270913 0.09373202990224266 0.023791250959324637
1 0.20327774583093733 0.8733691481197237 0.029327199539965498 0.024558710667689946
1 0.12190914318573894 0.20721412125863392 0.027602070155261643 0.00920951650038373