2 0.27151403589507594 0.08390022675736962 0.42982052462034054 0.1360544217687075
2 0.1150483202945237 0.3201814058956916 0.12057063966866084 0.2893424036281179
2 0.25126553152323977 0.31859410430839 0.15186378278877127 0.2925170068027211
2 0.15209387942936034 0.5072562358276644 0.19926369075011505 0.07120181405895691
2 0.10492406810860562 0.5922902494331066 0.09203865623561897 0.07981859410430839
2 0.2929130234698573 0.5072562358276644 0.06672802577082375 0.08208616780045351
2 0.4012885411872987 0.4764172335600907 0.14818223653934653 0.13922902494331066
2 0.40266912103083297 0.2868480725623583 0.14358030372756558 0.2308390022675737
2 0.7459733087896917 0.09410430839002268 0.4233778186838472 0.11564625850340136
2 0.7494247583985274 0.27120181405895694 0.42291762540266914 0.19501133786848074
2 0.6435803037275656 0.46077097505668935 0.21583064887252645 0.16870748299319727
2 0.5655775425678785 0.5061224489795918 0.06902899217671422 0.07800453514739229
2 0.5881270133456051 0.5972789115646259 0.10768522779567419 0.08707482993197278
2 0.8094799815922687 0.6047619047619047 0.2917625402669121 0.08117913832199547
2 0.8578002761159687 0.4600907029478458 0.20156465715600552 0.17369614512471657
1 0.12471237919926369 0.16439909297052155 0.08743672342383801 0.018594104308390022
1 0.2583985273815002 0.16439909297052155 0.13391624482282558 0.024943310657596373
1 0.3936953520478601 0.16485260770975058 0.14312011044638748 0.017687074829931974
1 0.6145881270133456 0.16961451247165532 0.10538426138978371 0.018140589569160998
1 0.7781868384721583 0.1712018140589569 0.12609295904279796 0.013151927437641724
1 0.8955361251725725 0.16961451247165532 0.1242521859180856 0.0163265306122449
1 0.825356649792913 0.5557823129251701 0.1063046479521399 0.024036281179138322
1 0.6912103083294984 0.5546485260770975 0.07271053842613898 0.01904761904761905
0 0.19167050161067647 0.3489795918367347 0.04832029452369995 0.04399092970521542
0 0.21352968246663598 0.14875283446712018 0.04141739530602853 0.05623582766439909
0 0.35319834330418776 0.15192743764172337 0.04924068108605614 0.058049886621315196
0 0.693971468016567 0.15578231292517006 0.053382420616658995 0.06575963718820861
0 0.30809940174873446 0.3489795918367347 0.04924068108605614 0.04671201814058957
0 0.34767602393005065 0.44761904761904764 0.05568338702254947 0.045351473922902494
0 0.2901518637827888 0.45147392290249433 0.04832029452369995 0.04399092970521542
0 0.20892774965485503 0.4886621315192744 0.04601932811780948 0.05396825396825397
0 0.13230556833870225 0.5297052154195011 0.04832029452369995 0.045351473922902494
0 0.6198803497468937 0.48480725623582765 0.039576622181316155 0.039909297052154194
0 0.684767602393005 0.5691609977324263 0.04601932811780948 0.044444444444444446
0 0.6594569719282098 0.5947845804988662 0.05246203405430281 0.036734693877551024
0 0.9249884951679705 0.4201814058956916 0.04693971468016567 0.04217687074829932