2 0.2652439024390244 0.4186991869918699 0.24542682926829268 0.3821138211382114
2 0.7134146341463414 0.13363821138211382 0.2942073170731707 0.1676829268292683
2 0.7130335365853658 0.5005081300813008 0.29801829268292684 0.551829268292683
2 0.4378810975609756 0.6941056910569106 0.2538109756097561 0.16869918699186992
2 0.4798018292682927 0.5350609756097561 0.15015243902439024 0.14329268292682926
2 0.4790396341463415 0.3394308943089431 0.15015243902439024 0.21951219512195122
2 0.22141768292682926 0.6920731707317073 0.17301829268292682 0.16869918699186992
1 0.26753048780487804 0.22408536585365854 0.13871951219512196 0.017276422764227643
1 0.4893292682926829 0.22205284552845528 0.0701219512195122 0.029471544715447155
1 0.7458079268292683 0.22154471544715448 0.1638719512195122 0.01016260162601626
0 0.5918445121951219 0.3490853658536585 0.09984756097560976 0.09857723577235772
0 0.6326219512195121 0.1834349593495935 0.07164634146341463 0.10060975609756098
0 0.35327743902439024 0.5752032520325203 0.08155487804878049 0.10569105691056911
0 0.3330792682926829 0.7063008130081301 0.06402439024390244 0.06707317073170732
0 0.4965701219512195 0.6473577235772358 0.054115853658536585 0.07926829268292683
0 0.5167682926829268 0.7855691056910569 0.08689024390243902 0.1951219512195122