1 0.05789473684210526 0.25442834138486314 0.02736842105263158 0.1288244766505636
1 0.05789473684210526 0.3961352657004831 0.025964912280701753 0.0499194847020934
1 0.06385964912280702 0.7934782608695652 0.037894736842105266 0.1570048309178744
1 0.7940350877192982 0.23993558776167473 0.03298245614035088 0.1610305958132045
0 0.8228070175438597 0.358695652173913 0.10456140350877192 0.09581320450885668
0 0.28596491228070176 0.2914653784219002 0.06666666666666667 0.0821256038647343
0 0.3463157894736842 0.5535426731078905 0.06666666666666667 0.06360708534621579
0 0.42140350877192984 0.6686795491143317 0.07789473684210527 0.10064412238325282
0 0.2754385964912281 0.6763285024154589 0.08912280701754385 0.08051529790660225
2 0.20385964912280702 0.25120772946859904 0.25894736842105265 0.18357487922705315
2 0.26421052631578945 0.40660225442834136 0.11157894736842106 0.12238325281803543
2 0.14596491228070174 0.41183574879227053 0.11087719298245614 0.1360708534621578
2 0.1975438596491228 0.5374396135265701 0.23087719298245615 0.1747181964573269
2 0.2112280701754386 0.7874396135265701 0.2750877192982456 0.3107890499194847
2 0.5550877192982456 0.40217391304347827 0.4617543859649123 0.5885668276972624
2 0.8796491228070176 0.2608695652173913 0.1424561403508772 0.32367149758454106