2 0.18207480592801695 0.2615039281705948 0.273817925194072 0.4062850729517396
2 0.18136908962597037 0.675645342312009 0.2611150317572336 0.3995510662177329
2 0.5776287932251235 0.46352413019079686 0.5059985885673959 0.8215488215488216
2 0.7215949188426253 0.6717171717171717 0.20677487649964715 0.3939393939393939
2 0.8913196894848271 0.4590347923681257 0.12844036697247707 0.8215488215488216
1 0.8274523641496119 0.20202020202020202 0.016231474947071278 0.30078563411896747
1 0.43330980945659847 0.04882154882154882 0.11432604093154553 0.02132435465768799
1 0.04022582921665491 0.35129068462401797 0.014114326040931546 0.23793490460157127
1 0.04234297812279464 0.6026936026936027 0.012702893436838392 0.23120089786756454
0 0.29075511644318985 0.4152637485970819 0.07621736062103035 0.09652076318742986
0 0.2939308398023994 0.6066217732884399 0.07410021171489062 0.10886644219977554
0 0.6993648553281581 0.42480359147025815 0.07057163020465773 0.13131313131313133
0 0.8560338743824982 0.4046015712682379 0.08045165843330981 0.10213243546576879
0 0.45483415666901905 0.7620650953984287 0.06986591390261115 0.09876543209876543
0 0.5938602681721947 0.590347923681257 0.07268877911079746 0.12345679012345678
0 0.3585038814396613 0.9343434343434344 0.08892025405786874 0.13131313131313133