0 0.13430962343096234 0.2990405117270789 0.15648535564853555 0.267590618336887
0 0.5665271966527197 0.2990405117270789 0.36652719665271966 0.25906183368869934
0 0.40251046025104603 0.6385927505330491 0.6912133891213389 0.3859275053304904
0 0.8359832635983263 0.6364605543710021 0.14058577405857742 0.39658848614072495
1 0.7581589958158996 0.2947761194029851 0.0200836820083682 0.15245202558635396
1 0.7569037656903765 0.5895522388059702 0.02092050209205021 0.23880597014925373
0 0.11297071129707113 0.7990405117270789 0.09707112970711297 0.12046908315565032
0 0.10334728033472804 0.47601279317697226 0.07782426778242678 0.09914712153518124
0 0.4221757322175732 0.4072494669509595 0.08451882845188284 0.11513859275053305
0 0.7242677824267783 0.7707889125799574 0.11464435146443515 0.11087420042643924
2 0.300418410041841 0.30863539445628996 0.14393305439330545 0.2867803837953092