2 0.6175070028011205 0.099625468164794 0.08879551820728292 0.0599250936329588
2 0.43179271708683475 0.21385767790262172 0.09215686274509804 0.149812734082397
2 0.5226890756302521 0.21385767790262172 0.0784313725490196 0.149812734082397
2 0.6196078431372549 0.2140449438202247 0.10252100840336134 0.15393258426966291
2 0.7035014005602241 0.18089887640449437 0.07366946778711485 0.08764044943820225
2 0.7063025210084034 0.2599250936329588 0.056862745098039215 0.062172284644194754
2 0.5980392156862745 0.3949438202247191 0.2689075630252101 0.20561797752808988
2 0.4203081232492997 0.32209737827715357 0.07198879551820728 0.05767790262172284
2 0.42983193277310927 0.4280898876404494 0.08151260504201681 0.1453183520599251
2 0.2841736694677871 0.5453183520599251 0.11064425770308123 0.0696629213483146
2 0.28095238095238095 0.7073033707865168 0.1103641456582633 0.24606741573033708
0 0.2852941176470588 0.8604868913857678 0.07927170868347339 0.06629213483146068
0 0.3457983193277311 0.5644194756554307 0.0350140056022409 0.03520599250936329
0 0.4662464985994398 0.3707865168539326 0.029411764705882353 0.044194756554307116
0 0.4110644257703081 0.36385767790262175 0.029411764705882353 0.031835205992509365
0 0.4715686274509804 0.27715355805243447 0.01764705882352941 0.03220973782771536
0 0.5511204481792717 0.2762172284644195 0.02492997198879552 0.03857677902621723
0 0.6396358543417366 0.12734082397003746 0.027170868347338936 0.03220973782771536
0 0.6788515406162465 0.19382022471910113 0.027170868347338936 0.02359550561797753
0 0.7239495798319328 0.21348314606741572 0.021568627450980392 0.03295880149812734
0 0.4906162464985994 0.4885767790262172 0.025490196078431372 0.02883895131086142
1 0.4271708683473389 0.502996254681648 0.05042016806722689 0.017228464419475654
1 0.33949579831932775 0.6612359550561798 0.009523809523809525 0.07902621722846442
1 0.5686274509803921 0.501310861423221 0.04089635854341737 0.013857677902621723
1 0.6631652661064426 0.5007490636704119 0.049019607843137254 0.0149812734082397
1 0.4330532212885154 0.1406367041198502 0.04985994397759104 0.018352059925093634
1 0.5299719887955182 0.13857677902621723 0.04481792717086835 0.015730337078651686