2 0.09953051643192488 0.18470705064548162 0.09577464788732394 0.13604766633565044
2 0.09953051643192488 0.41658391261171795 0.09201877934272301 0.32770605759682225
2 0.20856807511737088 0.35054617676266137 0.10727699530516432 0.49652432969215493
2 0.15809859154929579 0.6223932472691162 0.21056338028169014 0.05809334657398212
2 0.3181924882629108 0.6824726911618669 0.09460093896713614 0.17030784508440913
2 0.4113849765258216 0.6839622641509434 0.0852112676056338 0.1643495531281033
2 0.30070422535211266 0.33788480635551144 0.051643192488262914 0.12462760675273088
2 0.35199530516431926 0.3202581926514399 0.045774647887323945 0.10625620655412116
2 0.42077464788732394 0.3768619662363456 0.07300469483568076 0.2224428997020854
2 0.3550469483568075 0.43023833167825226 0.04906103286384977 0.10476663356504469
2 0.3653755868544601 0.5009930486593843 0.1852112676056338 0.19563058589870905
2 0.36408450704225354 0.1861966236345581 0.19201877934272302 0.13604766633565044
2 0.6072769953051643 0.3448361469712016 0.2112676056338028 0.4682224428997021
2 0.8147887323943662 0.18098311817279047 0.19718309859154928 0.14051638530287985
2 0.8167840375586854 0.5215988083416088 0.1903755868544601 0.49801390268123136
2 0.7406103286384976 0.3329195630585899 0.04225352112676056 0.13157894736842105
2 0.7873239436619718 0.33639523336643495 0.04037558685446009 0.12462760675273088
2 0.7460093896713615 0.4458788480635551 0.04084507042253521 0.09632571996027806
2 0.7866197183098591 0.4448857994041708 0.03474178403755868 0.09235352532274081
1 0.3657276995305164 0.10402184707050645 0.1563380281690141 0.011420059582919563
1 0.4157276995305164 0.7770605759682224 0.046948356807511735 0.029791459781529295
1 0.31279342723004694 0.7790466732869911 0.039671361502347416 0.022840119165839126
1 0.4640845070422535 0.5436941410129096 0.009389671361502348 0.09334657398212512
1 0.8188967136150235 0.11022840119165839 0.16361502347417842 0.018867924528301886
1 0.7453051643192489 0.25918570009930486 0.04366197183098591 0.020854021847070508
1 0.7929577464788733 0.2713505461767627 0.03943661971830986 0.02830188679245283
1 0.8613849765258216 0.2611717974180735 0.08380281690140845 0.022840119165839126
1 0.7654929577464789 0.7735849056603774 0.050234741784037557 0.016881827209533268
1 0.8667840375586855 0.7835153922542205 0.036854460093896715 0.016881827209533268
1 0.9153755868544601 0.6926514399205561 0.008215962441314555 0.09334657398212512
1 0.9173708920187793 0.5476663356504469 0.009389671361502348 0.09930486593843098
0 0.16795774647887324 0.19687189672293942 0.03544600938967136 0.06405163853028799
0 0.3107981220657277 0.2336146971201589 0.023474178403755867 0.04716981132075472
0 0.3929577464788732 0.23435948361469713 0.02535211267605634 0.0506454816285998
0 0.3134976525821596 0.3733862959285005 0.027464788732394368 0.04568023833167825
0 0.39354460093896715 0.4684707050645482 0.024178403755868546 0.054121151936444886
0 0.43415492957746477 0.6223932472691162 0.02464788732394366 0.06405163853028799
0 0.30375586854460096 0.6288480635551142 0.030985915492957747 0.054121151936444886
0 0.7078638497652582 0.5188679245283019 0.03028169014084507 0.04667328699106256
0 0.7575117370892018 0.2939424031777557 0.022065727699530517 0.04568023833167825
0 0.753755868544601 0.37214498510427013 0.02676056338028169 0.04816285998013903
0 0.7541079812206573 0.4257696127110228 0.027464788732394368 0.05114200595829196