2 0.36035313001605135 0.10787037037037037 0.32423756019261635 0.18518518518518517
2 0.71669341894061 0.11851851851851852 0.30658105939004815 0.18333333333333332
2 0.6219903691813804 0.29768518518518516 0.6308186195826645 0.1648148148148148
2 0.5898876404494382 0.444212962962963 0.5634028892455859 0.13472222222222222
2 0.37359550561797755 0.6006944444444444 0.4967897271268058 0.1597222222222222
2 0.27247191011235955 0.7506944444444444 0.31380417335473515 0.13564814814814816
2 0.19863563402889245 0.8851851851851852 0.1548956661316212 0.11851851851851852
2 0.35192616372391655 0.90625 0.12439807383627609 0.10231481481481482
2 0.5702247191011236 0.8905092592592593 0.28170144462279295 0.1375
2 0.7796950240770465 0.8909722222222223 0.1548956661316212 0.12175925925925926
2 0.7130818619582665 0.750462962962963 0.29935794542536115 0.12037037037037036
2 0.7784911717495987 0.6025462962962963 0.3290529695024077 0.14953703703703702
2 0.4959871589085072 0.7541666666666667 0.11396468699839486 0.1388888888888889
0 0.49879614767255215 0.8405092592592592 0.11958266452648475 0.04398148148148148
0 0.264446227929374 0.8921296296296296 0.12118780096308186 0.046296296296296294
0 0.2552166934189406 0.8421296296296297 0.09149277688603531 0.04722222222222222
0 0.23154093097913322 0.7069444444444445 0.07142857142857142 0.044444444444444446
0 0.08908507223113965 0.6601851851851852 0.12520064205457465 0.06481481481481481
0 0.3451043338683788 0.6671296296296296 0.11556982343499198 0.06111111111111111
0 0.6003210272873194 0.7097222222222223 0.08025682182985554 0.04537037037037037
0 0.4695024077046549 0.5907407407407408 0.09951845906902086 0.046296296296296294
0 0.6552969502407705 0.5465277777777777 0.09390048154093097 0.052314814814814814
1 0.42495987158908505 0.9550925925925926 0.25601926163723915 0.027777777777777776
1 0.8735955056179775 0.7597222222222222 0.021669341894060994 0.12407407407407407
1 0.8659711075441413 0.8722222222222222 0.0449438202247191 0.09444444444444444
1 0.8784109149277689 0.45555555555555555 0.03130016051364366 0.08425925925925926
1 0.9622792937399679 0.30439814814814814 0.03210272873194221 0.14305555555555555
1 0.9173354735152488 0.38842592592592595 0.05457463884430177 0.013888888888888888
1 0.5497592295345104 0.09745370370370371 0.027287319422150885 0.1412037037037037
1 0.6729534510433387 0.021296296296296296 0.21910112359550563 0.026851851851851852
1 0.37319422150882825 0.20949074074074073 0.11556982343499198 0.022685185185185187
1 0.1007223113964687 0.8162037037037037 0.015248796147672551 0.1527777777777778
1 0.10834670947030497 0.5685185185185185 0.030497592295345103 0.07314814814814814
1 0.19301765650080258 0.5277777777777778 0.1548956661316212 0.014814814814814815
1 0.9081059390048154 0.6930555555555555 0.05377207062600321 0.025
0 0.7215088282504013 0.19930555555555557 0.11717495987158909 0.03194444444444444