2 0.3795994410805775 0.15993975903614457 0.6166744294364229 0.2993975903614458
2 0.8351187703772706 0.6698795180722892 0.23008849557522124 0.10120481927710843
2 0.5568234746157429 0.8325301204819278 0.29017233348858873 0.25180722891566265
2 0.18747088961341407 0.5096385542168674 0.19701909641360038 0.3710843373493976
2 0.22589659990684677 0.5966867469879518 0.11551001397298556 0.19337349397590362
2 0.6094550535631114 0.37198795180722893 0.6506753609687936 0.2596385542168675
2 0.876339077782953 0.5521084337349398 0.11504424778761062 0.10060240963855421
2 0.7342803912435957 0.6024096385542169 0.17559385188635304 0.1963855421686747
2 0.5968793665579879 0.596987951807229 0.08244061481136469 0.19036144578313252
2 0.49231485794131347 0.5996987951807229 0.13786679087098277 0.19939759036144578
2 0.35374941779226826 0.5963855421686747 0.13367489520260828 0.19156626506024096
1 0.1488122962272939 0.3144578313253012 0.08337214718211458 0.02650602409638554
1 0.07731718677224034 0.6162650602409638 0.013972985561248253 0.051807228915662654
1 0.0791802515137401 0.4843373493975904 0.019562179785747556 0.04939759036144578
1 0.22263623660922216 0.7048192771084337 0.05961807172799255 0.02530120481927711
1 0.3453656264555193 0.7069277108433735 0.09548206800186307 0.029518072289156625
1 0.5032603632976246 0.9677710843373494 0.050768514205868656 0.029518072289156625
1 0.6115510013972986 0.9668674698795181 0.04657661853749418 0.03132530120481928
1 0.9424778761061947 0.2783132530120482 0.017233348858872847 0.030120481927710843
1 0.9473684210526315 0.37439759036144576 0.012109920819748486 0.03313253012048193
1 0.944108057755007 0.4599397590361446 0.015836050302748022 0.028313253012048192
1 0.7815556590591523 0.22439759036144577 0.04843968327899394 0.022289156626506025
1 0.5288775034932464 0.2286144578313253 0.06287843502561714 0.02469879518072289
1 0.3814625058220773 0.22740963855421686 0.06520726595249185 0.013855421686746987
0 0.6599906846762925 0.20963855421686747 0.040055891942244994 0.06265060240963856
0 0.5819748486259898 0.5240963855421686 0.04331625523986959 0.05903614457831325
0 0.8195156031672101 0.39518072289156625 0.03959012575687005 0.06144578313253012
0 0.8337214718211458 0.26626506024096386 0.04657661853749418 0.04457831325301205
0 0.8730787144853284 0.4439759036144578 0.04983698183511877 0.060240963855421686
0 0.8775034932463903 0.641867469879518 0.04937121564974383 0.06445783132530121
0 0.7554727526781556 0.6439759036144578 0.05123428039124359 0.06867469879518072
0 0.3614345598509548 0.4822289156626506 0.06148113646949231 0.04759036144578313
0 0.23567768979972054 0.47981927710843375 0.040055891942244994 0.0572289156626506
0 0.2352119236143456 0.29156626506024097 0.04564508616674429 0.07228915662650602
0 0.23078714485328364 0.5262048192771084 0.0367955286446204 0.0427710843373494
0 0.2401024685607825 0.5731927710843373 0.0423847228691197 0.058433734939759036
0 0.18444340940847695 0.6268072289156627 0.04657661853749418 0.05602409638554217
0 0.4974382859804378 0.7882530120481928 0.040987424312994875 0.054819277108433734
0 0.3907778295295761 0.9219879518072289 0.05309734513274336 0.05602409638554217