2 0.21675031367628608 0.15133779264214048 0.2703889585947302 0.2491638795986622
2 0.21486825595984943 0.459866220735786 0.26537013801756587 0.33444816053511706
2 0.5950439146800501 0.3319397993311037 0.4749058971141782 0.6086956521739131
2 0.863237139272271 0.19188963210702342 0.09786700125470514 0.31521739130434784
2 0.6480552070263488 0.6270903010033445 0.3437892095357591 0.5267558528428093
2 0.7355708908406524 0.8001672240802675 0.1286072772898369 0.17892976588628762
2 0.6129234629861983 0.7984949832775919 0.11543287327478043 0.17725752508361203
1 0.8105395232120451 0.15635451505016723 0.02132998745294856 0.2391304347826087
1 0.8074027603513174 0.5961538461538461 0.006273525721455458 0.20735785953177258
1 0.8083437892095358 0.7675585284280937 0.016938519447929738 0.11538461538461539
1 0.07810539523212046 0.15384615384615385 0.01191969887076537 0.18394648829431437
1 0.08155583437892096 0.423494983277592 0.012547051442910916 0.1479933110367893
1 0.07936010037641154 0.552257525083612 0.013174404015056462 0.07274247491638795
0 0.3748431618569636 0.24623745819397994 0.06587202007528231 0.07441471571906355
0 0.38111668757841904 0.4088628762541806 0.07340025094102885 0.08361204013377926
0 0.8114805520702635 0.3068561872909699 0.1260978670012547 0.08528428093645485
0 0.7446675031367629 0.6705685618729097 0.056461731493099125 0.08361204013377926
0 0.39491844416562105 0.6751672240802675 0.06838143036386449 0.09615384615384616
0 0.4491844416562108 0.7336956521739131 0.07653701380175659 0.09113712374581939
0 0.5417189460476788 0.7930602006688964 0.05708908406524467 0.061036789297658864
0 0.36982434127979924 0.5982441471571907 0.05708908406524467 0.05100334448160535