2 0.1823583180987203 0.1292026897214217 0.24588665447897623 0.14121037463976946
2 0.21846435100548445 0.45341018251681076 0.360146252285192 0.45917387127761766
2 0.21709323583180987 0.8266090297790586 0.36288848263254114 0.26609029779058596
2 0.5370201096892139 0.8866474543707973 0.2586837294332724 0.138328530259366
2 0.5859232175502742 0.6974063400576369 0.35648994515539306 0.2017291066282421
2 0.8688299817184644 0.7108549471661864 0.16544789762340037 0.12680115273775217
2 0.8212979890310786 0.4000960614793468 0.27148080438756855 0.35446685878962536
2 0.5402193784277879 0.39865513928914503 0.25411334552102377 0.34966378482228627
1 0.1796160877513711 0.056195965417867436 0.24405850091407677 0.027857829010566763
1 0.1416819012797075 0.21421709894332372 0.1480804387568556 0.03073967339097022
1 0.02376599634369287 0.5850144092219021 0.010968921389396709 0.09990393852065321
1 0.021480804387568556 0.8184438040345822 0.031992687385740404 0.1729106628242075
1 0.5361060329067642 0.2079731027857829 0.1563071297989031 0.027857829010566763
1 0.8244972577696527 0.2132564841498559 0.1663619744058501 0.02881844380403458
0 0.7221206581352834 0.5561959654178674 0.06946983546617916 0.08069164265129683
0 0.623400365630713 0.5561959654178674 0.06946983546617916 0.07300672430355427
0 0.7536563071297989 0.7305475504322767 0.07586837294332724 0.06628242074927954
0 0.7340036563071298 0.8203650336215178 0.09323583180987204 0.16522574447646493
0 0.5095978062157221 0.7785782901056676 0.06672760511882998 0.09317963496637849
0 0.37294332723948814 0.6378482228626321 0.06398537477148081 0.069164265129683
0 0.36837294332723947 0.7329490874159462 0.07861060329067641 0.07300672430355427
0 0.26508226691042047 0.21661863592699326 0.09140767824497258 0.19692603266090297