2 0.48203221809169766 0.16843826655764513 0.7955390334572491 0.1553556827473426
2 0.49070631970260226 0.5609157808667212 0.7881040892193308 0.5772690106295993
2 0.24473358116480792 0.6369582992641046 0.3159851301115242 0.1455437448896157
2 0.34882280049566294 0.7890433360588717 0.1127633209417596 0.1357318070318888
2 0.1821561338289963 0.7894521668029436 0.17843866171003717 0.11365494685200327
1 0.27447335811648077 0.25919869174161897 0.22924411400247832 0.016353229762878167
1 0.5693928128872366 0.25511038430089944 0.2218091697645601 0.014717906786590351
1 0.5012391573729864 0.8969746524938675 0.12019826517967781 0.09811937857726902
1 0.4653035935563817 0.7780049059689289 0.12267657992565056 0.06459525756336877
1 0.48141263940520446 0.6668029435813573 0.15737298636926889 0.06132461161079313
1 0.21561338289962825 0.6880621422730989 0.1288723667905824 0.07440719542109567
1 0.7447335811648079 0.22281275551921503 0.13382899628252787 0.10057236304170074