2 0.508298755186722 0.12231182795698925 0.8727524204702628 0.17114695340501793
2 0.2413554633471646 0.3575268817204301 0.3665283540802213 0.25806451612903225
2 0.6839557399723375 0.5434587813620072 0.5186721991701245 0.6388888888888888
2 0.24343015214384509 0.703405017921147 0.3623789764868603 0.30824372759856633
2 0.3450899031811895 0.7939068100358423 0.14246196403872752 0.14516129032258066
0 0.5228215767634855 0.9126344086021505 0.14384508990318118 0.09946236559139784
0 0.475103734439834 0.7885304659498208 0.1313969571230982 0.07885304659498207
0 0.4930843706777317 0.6599462365591398 0.1590594744121715 0.08691756272401434
0 0.5836791147994468 0.17562724014336917 0.12448132780082988 0.1057347670250896
1 0.27869986168741356 0.2222222222222222 0.25864453665283543 0.043010752688172046
1 0.7572614107883817 0.22311827956989247 0.21991701244813278 0.023297491039426525