1 0.2509715025906736 0.13348164627363737 0.09520725388601037 0.048943270300333706
1 0.38341968911917096 0.13348164627363737 0.10103626943005181 0.042269187986651836
1 0.7244170984455959 0.13793103448275862 0.05764248704663212 0.04671857619577308
1 0.7827072538860104 0.2836484983314794 0.021373056994818652 0.1935483870967742
1 0.788860103626943 0.7441601779755284 0.027202072538860103 0.20022246941045607
2 0.4365284974093264 0.5233592880978866 0.6813471502590673 0.7196885428253615
2 0.4005829015544041 0.3309232480533927 0.14961139896373057 0.3325917686318131
2 0.16062176165803108 0.5695216907675195 0.10621761658031088 0.1557285873192436
2 0.16483160621761658 0.7769744160177976 0.14183937823834197 0.21913236929922136
0 0.29015544041450775 0.6134593993325917 0.054404145077720206 0.11457174638487208
2 0.8656088082901554 0.5066740823136818 0.14183937823834197 0.7619577308120133
0 0.45012953367875647 0.46051167964404893 0.06217616580310881 0.11790878754171301
0 0.7794689119170984 0.4382647385984427 0.12759067357512954 0.11790878754171301
0 0.7684585492227979 0.21412680756395996 0.03950777202072539 0.05228031145717464
0 0.7723445595854922 0.8186874304783093 0.04209844559585492 0.042269187986651836
0 0.2645725388601036 0.7591768631813126 0.06930051813471502 0.09232480533926585
0 0.195919689119171 0.6879866518353727 0.04339378238341969 0.09232480533926585
0 0.2810880829015544 0.8509454949944383 0.05699481865284974 0.11345939933259176
0 0.3853626943005181 0.703559510567297 0.04792746113989637 0.11012235817575083
0 0.2823834196891192 0.1657397107897664 0.019430051813471502 0.05784204671857619
0 0.35071243523316065 0.1668520578420467 0.02266839378238342 0.05339265850945495