2 0.1496199032480995 0.1783783783783784 0.1243953006219765 0.20405405405405405
2 0.26399447131997233 0.13952702702702702 0.0884588804422944 0.1195945945945946
2 0.26278507256392536 0.33547297297297296 0.09571527297857636 0.24797297297297297
2 0.2722874913614375 0.5280405405405405 0.08638562543192813 0.1222972972972973
2 0.23963372494816862 0.7175675675675676 0.1516931582584658 0.23513513513513515
2 0.19644091223220456 0.5273648648648649 0.059778852798894264 0.12094594594594595
2 0.09640635798203179 0.6655405405405406 0.10573600552868002 0.37567567567567567
2 0.14858327574291638 0.3625 0.12232204561161023 0.15202702702702703
2 0.4911886662059433 0.4469594594594595 0.23047684865238424 0.7601351351351351
2 0.4400483759502419 0.3652027027027027 0.13372494816862474 0.16013513513513514
2 0.43935729094678644 0.17162162162162162 0.12819626814098134 0.21486486486486486
2 0.39270905321354527 0.6537162162162162 0.09778852798894264 0.36283783783783785
2 0.7161368348306841 0.25472972972972974 0.13165169315825848 0.3864864864864865
2 0.8303386316516932 0.25472972972972974 0.0967519004837595 0.3675675675675676
2 0.850898410504492 0.38141891891891894 0.04803040774015204 0.1195945945945946
2 0.7988942639944713 0.643918918918919 0.15618521078092606 0.3635135135135135
1 0.07843814789219074 0.1554054054054054 0.01520387007601935 0.10675675675675676
1 0.07653766413268832 0.29121621621621624 0.007256392536281963 0.07972972972972973
1 0.36990324809951625 0.1554054054054054 0.010711817553559088 0.10405405405405406
1 0.3709398756046994 0.2827702702702703 0.010020732550103663 0.0804054054054054
1 0.4854872149274361 0.06452702702702702 0.04008293020041465 0.02364864864864865
1 0.5777470628887353 0.06655405405405405 0.03731859018659295 0.0222972972972973
1 0.754837595024188 0.06114864864864865 0.041810642709053214 0.016891891891891893
1 0.8802695231513477 0.2543918918918919 0.009329647546648237 0.08581081081081081
1 0.8806150656530753 0.3912162162162162 0.010020732550103663 0.032432432432432434
1 0.8512439530062198 0.057094594594594594 0.04457498272287491 0.0222972972972973
1 0.6446095369730477 0.1489864864864865 0.008638562543192813 0.09121621621621621
1 0.6453006219765031 0.2918918918918919 0.010020732550103663 0.09324324324324325
1 0.6060815480304077 0.10337837837837838 0.0110573600552868 0.03648648648648649
1 0.6041810642709053 0.25472972972972974 0.012785072563925363 0.07432432432432433
1 0.5229785763648929 0.8341216216216216 0.04733932273669662 0.016891891891891893
0 0.41205943331029715 0.4804054054054054 0.03282653766413269 0.07027027027027027
0 0.39201796821008983 0.31385135135135134 0.02868002764340014 0.05202702702702703
0 0.5431928127159641 0.04391891891891892 0.0359364201796821 0.06756756756756757
0 0.8166897028334485 0.039527027027027026 0.02868002764340014 0.057432432432432436
0 0.8489979267449896 0.310472972972973 0.024187975120939877 0.04256756756756757
0 0.7964754664823773 0.21385135135135136 0.0331720801658604 0.04932432432432433
0 0.7954388389771941 0.38074324324324327 0.028334485141672427 0.04256756756756757
0 0.80286800276434 0.3952702702702703 0.027297857636489287 0.06351351351351352
0 0.21734623358673116 0.5043918918918919 0.031098825155494125 0.056081081081081084
0 0.12232204561161023 0.4966216216216216 0.033863165169315826 0.07432432432432433
0 0.20076019350380098 0.41993243243243245 0.03248099516240498 0.04527027027027027
0 0.10798203178991016 0.3277027027027027 0.03973738769868694 0.06621621621621622
0 0.19574982722874915 0.12297297297297298 0.023842432619212164 0.05945945945945946
0 0.5772287491361437 0.6922297297297297 0.025224602626123013 0.046621621621621624
0 0.18020041465100206 0.7233108108108108 0.030062197650310988 0.04932432432432433
0 0.1829647546648238 0.6199324324324325 0.025915687629578438 0.047972972972972976