2 0.3949416342412451 0.4217902350813743 0.45525291828793774 0.4204339963833635
2 0.7386511024643321 0.530741410488246 0.1815823605706874 0.6383363471971067
2 0.3784046692607004 0.7377938517179023 0.48702983138780803 0.21880650994575046
2 0.45557717250324253 0.9285714285714286 0.2911802853437095 0.14285714285714285
2 0.7237354085603113 0.9317359855334539 0.22827496757457846 0.13652802893309224
2 0.05933852140077821 0.5429475587703436 0.11738002594033722 0.6392405063291139
1 0.26361867704280156 0.15732368896925858 0.07068741893644617 0.034358047016274866
1 0.4455252918287938 0.1659132007233273 0.06874189364461739 0.029837251356238697
1 0.564526588845655 0.17043399638336348 0.06679636835278858 0.02802893309222423
1 0.7457846952010376 0.17269439421338156 0.07392996108949416 0.03074141048824593
0 0.27626459143968873 0.6812839059674503 0.06355382619974059 0.08951175406871609
0 0.5035667963683528 0.6858047016274864 0.061608300907911806 0.07685352622061482
0 0.6416990920881972 0.33273056057866185 0.07328145265888457 0.09584086799276673
0 0.035667963683527884 0.9177215189873418 0.06355382619974059 0.09403254972875226
0 0.026913099870298315 0.8241410488245932 0.05252918287937743 0.08227848101265822
0 0.4176394293125811 0.9697106690777577 0.07782101167315175 0.06057866184448463