2 0.07709143968871596 0.2782101167315175 0.0958171206225681 0.17250324254215305
2 0.19892996108949415 0.2730220492866407 0.13424124513618677 0.15304798962386512
2 0.2616731517509728 0.37029831387808043 0.07587548638132295 0.08819714656290532
2 0.1926070038910506 0.3654345006485084 0.06031128404669261 0.08236057068741894
2 0.09824902723735408 0.4659533073929961 0.12840466926070038 0.19001297016861218
2 0.2847762645914397 0.6125162127107653 0.2446498054474708 0.24319066147859922
2 0.1573443579766537 0.6977950713359273 0.2495136186770428 0.25810635538262
2 0.44990272373540857 0.6060311284046692 0.07587548638132295 0.22243839169909208
2 0.3241731517509728 0.45363164721141375 0.32538910505836577 0.07068741893644617
2 0.3959143968871595 0.30642023346303504 0.17996108949416342 0.2237354085603113
2 0.609192607003891 0.30479896238651105 0.17266536964980544 0.2191958495460441
2 0.7582684824902723 0.2811284046692607 0.11089494163424124 0.16796368352788585
2 0.8954280155642024 0.30479896238651105 0.14785992217898833 0.2191958495460441
2 0.748784046692607 0.5891699092088197 0.4489299610894942 0.4481193255512322
2 0.875 0.6167315175097277 0.18968871595330739 0.22827496757457846
2 0.8718385214007782 0.7782101167315175 0.1882295719844358 0.0946822308690013
1 0.623784046692607 0.1916342412451362 0.07733463035019456 0.017509727626459144
1 0.7628891050583657 0.19552529182879377 0.03842412451361868 0.021400778210116732
1 0.9182879377431906 0.1929312581063554 0.07976653696498054 0.014915693904020753
1 0.8324416342412452 0.7360570687418937 0.08511673151750973 0.011673151750972763
1 0.6551556420233463 0.8310635538261998 0.17996108949416342 0.008430609597924773
1 0.14931906614785992 0.8310635538261998 0.16828793774319067 0.021400778210116732
1 0.23103112840466927 0.19520103761348898 0.10992217898832685 0.01297016861219196
1 0.10092412451361868 0.19130998702983137 0.035505836575875485 0.011673151750972763
1 0.48638132295719844 0.30739299610894943 0.011673151750972763 0.10505836575875487
0 0.14348249027237353 0.26588845654993515 0.048638132295719845 0.0609597924773022
0 0.245136186770428 0.301556420233463 0.042801556420233464 0.05058365758754864
0 0.33025291828793774 0.39267185473411154 0.04377431906614786 0.06939040207522698
0 0.4389591439688716 0.4678988326848249 0.051070038910505836 0.06939040207522698
0 0.3329280155642023 0.5152399481193255 0.04134241245136187 0.05771725032425422
0 0.2497568093385214 0.440337224383917 0.045233463035019454 0.0609597924773022
0 0.20184824902723736 0.437094682230869 0.03599221789883268 0.054474708171206226
0 0.17266536964980544 0.4653047989623865 0.03696498054474708 0.051232166018158234
0 0.26556420233463035 0.606355382619974 0.053501945525291826 0.06874189364461739
0 0.32611867704280156 0.7143320363164721 0.05496108949416342 0.16796368352788585
0 0.8448443579766537 0.3978599221789883 0.04669260700389105 0.07587548638132295
0 0.8428988326848249 0.5201037613488976 0.05155642023346303 0.0648508430609598
0 0.7974221789883269 0.7765888456549935 0.05690661478599222 0.061608300907911806
0 0.7616731517509727 0.3401426718547341 0.04377431906614786 0.04993514915693904
0 0.7988813229571985 0.39364461738002593 0.04717898832684825 0.06744487678339818