2 0.2785829307568438 0.45368171021377673 0.4331723027375201 0.7695961995249406
2 0.6457326892109501 0.22327790973871733 0.28180354267310787 0.30641330166270786
2 0.8671497584541062 0.22505938242280285 0.15780998389694043 0.32185273159144895
2 0.8297101449275363 0.5362232779097387 0.22302737520128824 0.29097387173396677
2 0.7258454106280193 0.6169833729216152 0.4355877616747182 0.44299287410926363
1 0.12037037037037036 0.0498812351543943 0.12640901771336555 0.03800475059382423
1 0.04710144927536232 0.11342042755344418 0.03140096618357488 0.08194774346793349
1 0.6247987117552335 0.05285035629453682 0.10950080515297907 0.03681710213776722
1 0.9025764895330113 0.04809976247030879 0.06280193236714976 0.0344418052256532
0 0.6827697262479872 0.5380047505938242 0.08373590982286634 0.12351543942992874
0 0.8780193236714976 0.899643705463183 0.08776167471819646 0.14845605700712589