2 0.21884984025559107 0.1107095926412615 0.26773162939297124 0.19250985545335086
2 0.20990415335463258 0.3321287779237845 0.25878594249201275 0.2542706964520368
2 0.21150159744408945 0.5607752956636005 0.26198083067092653 0.18725361366622864
2 0.4083067092651757 0.07490144546649145 0.11373801916932907 0.11432325886990802
2 0.5971246006389777 0.10446780551905388 0.34440894568690095 0.18265440210249673
2 0.8364217252396167 0.3321287779237845 0.09968051118210862 0.24770039421813403
2 0.5610223642172524 0.49934296977660975 0.42428115015974444 0.721419185282523
2 0.6594249201277955 0.5532194480946123 0.22364217252396165 0.19973718791064388
2 0.5511182108626198 0.9208278580814717 0.23833865814696487 0.12155059132720106
2 0.7252396166134185 0.9273981603153745 0.09329073482428114 0.1307490144546649
1 0.7808306709265176 0.9415243101182654 0.017891373801916934 0.06964520367936924
1 0.7792332268370608 0.7598554533508541 0.01853035143769968 0.09264126149802891
1 0.7808306709265176 0.5650459921156373 0.019169329073482427 0.09198423127463863
1 0.7846645367412141 0.3088042049934297 0.020447284345047924 0.13797634691195795
1 0.7792332268370608 0.10545335085413929 0.022364217252396165 0.09526938239159001
0 0.8041533546325879 0.4004599211563732 0.065814696485623 0.05847568988173456
0 0.4881789137380192 0.1011826544021025 0.05623003194888179 0.040735873850197106
0 0.4501597444089457 0.17181340341655715 0.05047923322683706 0.04139290407358739
0 0.32236421725239617 0.1727989487516426 0.053035143769968054 0.04336399474375821
0 0.32396166134185306 0.2447437582128778 0.051118210862619806 0.054533508541392904
0 0.3217252396166134 0.6208935611038108 0.05175718849840256 0.04336399474375821
0 0.39456869009584666 0.688239159001314 0.05686900958466454 0.06767411300919843
0 0.46038338658146966 0.7496714848883048 0.03769968051118211 0.04204993429697766
0 0.6396166134185304 0.8370565045992115 0.04856230031948882 0.04993429697766097
0 0.6575079872204472 0.8938896189224704 0.0536741214057508 0.032194480946123524
1 0.07667731629392971 0.12779237844940866 0.020447284345047924 0.11235216819973719
1 0.07539936102236422 0.2940210249671485 0.015335463258785943 0.11629434954007885
1 0.07603833865814696 0.5584756898817346 0.017891373801916934 0.09461235216819974