2 0.09954677889284558 0.1320680110715698 0.12075105212042732 0.20086990905496244
2 0.13920362576885723 0.32562277580071175 0.20912916801553902 0.18149466192170818
2 0.24069278083522175 0.1379992091735864 0.1654257041113629 0.2040332147093713
2 0.270152152800259 0.2151047844998023 0.10326966655875688 0.05219454329774614
2 0.2871479443185497 0.3058521154606564 0.07445775331822596 0.1443258204824041
2 0.2989640660407899 0.3971925662317121 0.04176108773065717 0.03835508105970739
2 0.32308190352865007 0.46994859628311586 0.1320815797992878 0.09608540925266904
2 0.3878277759792813 0.35666271253459864 0.12884428617675622 0.11941478845393436
2 0.3886370993849142 0.16429418742586002 0.130462932988022 0.25029655990510086
2 0.633538361929427 0.07611704230921312 0.2738750404661703 0.08422301304863583
2 0.7097766267400453 0.21194147884539344 0.12334088701845257 0.2704626334519573
2 0.5702492716089349 0.23309608540925267 0.14341210747814828 0.23606168446026096
2 0.7023308514082227 0.35073151443258205 0.40757526707672387 0.13602214313958086
2 0.8387827775979282 0.1546065638592329 0.12949174490126256 0.24594701463028865
2 0.5869213337649725 0.5324238829576908 0.17157656199417287 0.14669829972321075
2 0.5720297831013272 0.6099248714907078 0.14179346066688248 0.07236061684460261
2 0.6396892198122369 0.7404112297350731 0.2790547102622208 0.16884143930407275
2 0.8711557138232437 0.6743772241992882 0.06474587245063128 0.05021747726374061
2 0.8745548721269019 0.743574535389482 0.07348656523146649 0.0660340055357849
2 0.872612495953383 0.5569395017793595 0.0637746843638718 0.18070383550810598
2 0.8441243120751052 0.6445235270858046 0.12075105212042732 0.3708975879794385
1 0.1348332793784396 0.03716884143930407 0.035933959210100355 0.015025701858442072
1 0.24344448041437358 0.03222617635429023 0.06927808352217546 0.016211941478845394
1 0.3528650048559404 0.031237643337287464 0.03237293622531564 0.01818900751285093
1 0.03528650048559404 0.12752075919335706 0.007769504694075753 0.0715697904310004
1 0.1424409193913888 0.42190589165678133 0.09452897377792166 0.01265322261763543
1 0.455487212690191 0.19256623171213919 0.005179669796050502 0.08461842625543693
1 0.35140822272580124 0.4203242388295769 0.045645840077695045 0.01818900751285093
1 0.4985432178698608 0.24396994859628313 0.010359339592101004 0.10359826018189007
1 0.9096795079313694 0.2465401344404903 0.017481385561670445 0.14511664689600634
1 0.7031401748138556 0.46026097271648875 0.04532211071544189 0.01265322261763543
1 0.5929103269666559 0.45808620007908263 0.028164454516024603 0.017002767892447607
1 0.49724830042084817 0.5041518386714117 0.009711880867594691 0.042704626334519574
1 0.5662026545807705 0.8317516805061289 0.03237293622531564 0.007512850929221036
1 0.6298154742635157 0.8289837880585211 0.038523794108125606 0.017002767892447607
1 0.9091939138879896 0.6190193752471332 0.013272903852379411 0.03756425464610518
1 0.9093557785691162 0.8044681692368525 0.009711880867594691 0.04072756030051404
2 0.782453868565879 0.8841439304072756 0.12172224020718679 0.09727164887307237
2 0.32470055033991585 0.46876235666271254 0.11977986403366786 0.09608540925266904