2 0.14723154362416108 0.21067961165048543 0.13171140939597314 0.2737864077669903
2 0.5138422818791947 0.6349514563106796 0.8129194630872483 0.541747572815534
2 0.8305369127516778 0.7859223300970873 0.17281879194630873 0.17766990291262136
2 0.7659395973154363 0.20533980582524272 0.3087248322147651 0.2669902912621359
2 0.38296979865771813 0.20970873786407768 0.3263422818791946 0.2737864077669903
1 0.10318791946308725 0.5257281553398059 0.013422818791946308 0.2883495145631068
1 0.9236577181208053 0.21407766990291263 0.013422818791946308 0.2728155339805825
1 0.925755033557047 0.4961165048543689 0.015939597315436243 0.26990291262135924
1 0.9265939597315436 0.8427184466019417 0.009228187919463088 0.062135922330097085
0 0.6547818791946308 0.8825242718446602 0.07802013422818792 0.170873786407767
0 0.7235738255033557 0.8368932038834952 0.07802013422818792 0.07378640776699029
0 0.6552013422818792 0.3296116504854369 0.06375838926174497 0.09223300970873786
0 0.5079697986577181 0.32233009708737864 0.06291946308724833 0.09514563106796116
0 0.15813758389261745 0.3213592233009709 0.07130872483221476 0.08932038834951456