2 0.15834522111269614 0.298582995951417 0.0912981455064194 0.32186234817813764
2 0.5855920114122682 0.47115384615384615 0.7275320970042796 0.6710526315789473
2 0.8088445078459344 0.2990890688259109 0.28530670470756064 0.3168016194331984
2 0.7114835948644793 0.6953441295546559 0.09629101283880172 0.20647773279352227
1 0.9582738944365192 0.6422064777327935 0.01783166904422254 0.17105263157894737
1 0.9579172610556348 0.3076923076923077 0.014265335235378032 0.17408906882591094
1 0.213623395149786 0.25809716599190285 0.01783166904422254 0.15182186234817813
0 0.20898716119828817 0.3917004048582996 0.1326676176890157 0.09109311740890688
0 0.6094864479315264 0.3815789473684211 0.05349500713266762 0.08097165991902834
0 0.6790299572039943 0.41194331983805665 0.07275320970042796 0.08502024291497975
0 0.6394436519258203 0.701417004048583 0.062054208273894434 0.09109311740890688
0 0.6208987161198288 0.819838056680162 0.06062767475035663 0.18016194331983806