2 0.20729426433915213 0.25217706821480407 0.2699501246882793 0.2111756168359942
2 0.567643391521197 0.48548621190130625 0.45074812967581046 0.6719883889695211
2 0.2057356608478803 0.48149492017416545 0.26807980049875313 0.21262699564586357
2 0.2057356608478803 0.7060957910014514 0.2730673316708229 0.22351233671988388
2 0.8488154613466334 0.2931785195936139 0.1128428927680798 0.28737300435413643
2 0.38341645885286785 0.2137155297532656 0.11970074812967581 0.14296081277213352
0 0.38341645885286785 0.3193033381712627 0.06234413965087282 0.06386066763425254
0 0.3167082294264339 0.33454281567489114 0.06234413965087282 0.07402031930333818
0 0.3201371571072319 0.4060232220609579 0.05673316708229426 0.054426705370101594
0 0.3220074812967581 0.6404208998548622 0.060473815461346635 0.07764876632801161
0 0.38216957605985036 0.8305515239477503 0.06483790523690773 0.15602322206095792
0 0.7992518703241895 0.36538461538461536 0.11221945137157108 0.07329462989840348
1 0.06546134663341646 0.2514513788098694 0.016209476309226933 0.11683599419448476
1 0.06733167082294264 0.48548621190130625 0.02119700748129676 0.1262699564586357
1 0.06764339152119701 0.7122641509433962 0.02057356608478803 0.12264150943396226