2 0.1238284066330209 0.10587882423515296 0.1943042537851478 0.11217756448710257
2 0.36950252343186735 0.18026394721055788 0.09516943042537851 0.20815836832633472
2 0.27198990627253067 0.17846430713857228 0.08759913482335976 0.20455908818236354
2 0.221521268925739 0.3053389322135573 0.389689978370584 0.250749850029994
2 0.1231074260994953 0.38242351529694063 0.05948089401586157 0.09418116376724656
2 0.476027397260274 0.3602279544091182 0.10273972602739725 0.17216556688662268
2 0.37851478010093725 0.5392921415716857 0.11607786589762076 0.1187762447510498
2 0.48738284066330206 0.6124775044991002 0.0829127613554434 0.20515896820635873
2 0.5841744772891132 0.6106778644271146 0.09480894015861571 0.20395920815836832
2 0.5955299206921413 0.794241151769646 0.07209805335255948 0.14877024595080984
2 0.5001802451333814 0.795740851829634 0.11283345349675558 0.14337132573485303
2 0.3992429704397981 0.7930413917216557 0.0825522710886806 0.15116976604679064
2 0.3056957462148522 0.795740851829634 0.12256669069935111 0.14577084583083383
2 0.29848594087959623 0.6634673065386922 0.11607786589762076 0.10077984403119376
2 0.3985219899062725 0.6640671865626875 0.08399423215573179 0.10197960407918416
2 0.6258111031002163 0.3053389322135573 0.12617159336697908 0.2531493701259748
2 0.7254866618601298 0.3068386322735453 0.0681326604181687 0.2561487702459508
2 0.7957822638788753 0.38812237552489504 0.058759913482335974 0.08758248350329934
2 0.8592285508291276 0.3629274145170966 0.18709444844989184 0.14877024595080984
2 0.8871665465032444 0.1814637072585483 0.12256669069935111 0.20575884823035392
2 0.7916366258111031 0.18026394721055788 0.05623648161499639 0.20095980803839233
1 0.8325522710886806 0.07138572285542892 0.013338139870223503 0.014397120575884824
1 0.8554434030281183 0.06808638272345531 0.01514059120403749 0.01259748050389922
1 0.9563806777217015 0.252249550089982 0.008651766402307137 0.03659268146370726
1 0.9563806777217015 0.3080383923215357 0.008651766402307137 0.038992201559688064
1 0.2629776496034607 0.07198560287942411 0.025594808940158614 0.020395920815836834
1 0.303352559480894 0.07018596280743851 0.016943042537851477 0.009598080383923215
1 0.3684210526315789 0.07018596280743851 0.08002883922134102 0.01199760047990402
1 0.4206921413121846 0.2504499100179964 0.009372746935832732 0.03659268146370726
1 0.4197909156452776 0.3140371925614877 0.011896178803172314 0.04019196160767846
1 0.3334534967555876 0.4385122975404919 0.033886085075702954 0.017996400719856028
1 0.12256669069935111 0.4373125374925015 0.01802451333813987 0.013197360527894421
1 0.023071377072819033 0.25674865026994603 0.008651766402307137 0.08758248350329934
1 0.23828406633020907 0.7663467306538693 0.009372746935832732 0.04019196160767846
1 0.23684210526315788 0.6958608278344331 0.009372746935832732 0.029994001199760048
1 0.27162941600576784 0.6046790641871626 0.021268925739005046 0.01199760047990402
1 0.31074260994953135 0.6034793041391722 0.022350396539293438 0.016796640671865627
1 0.36878154289834175 0.6079784043191362 0.02595529920692141 0.023395320935812838
1 0.40519105984138426 0.6061787642471506 0.023792357606344627 0.01739652069586083
1 0.49260994953136267 0.5026994601079784 0.058759913482335974 0.015596880623875225
1 0.5477649603460707 0.504499100179964 0.02054794520547945 0.016796640671865627
1 0.5591204037490988 0.28074385122975404 0.007209805335255948 0.033593281343731254
1 0.8655371304974766 0.4385122975404919 0.01514059120403749 0.015596880623875225
0 0.21449170872386444 0.1331733653269346 0.03677000720980533 0.046790641871625675
0 0.32858687815428983 0.10557888422315537 0.03136265320836337 0.04559088182363527
0 0.43385003604902667 0.3608278344331134 0.0414563806777217 0.04859028194361128
0 0.08417447728911319 0.39532093581283745 0.03208363374188897 0.041991601679664065
0 0.06651045421773612 0.46580683863227357 0.03136265320836337 0.0629874025194961
0 0.22873107426099495 0.6640671865626875 0.039293439077144915 0.04919016196760648
0 0.3444484498918529 0.6730653869226155 0.030641672674837778 0.046790641871625675
0 0.29416005767844267 0.7441511697660468 0.02595529920692141 0.05578884223155369
0 0.3999639509733237 0.7384523095380924 0.024152847873107425 0.05158968206358728
0 0.4279019466474405 0.5620875824835033 0.03604902667627974 0.059988002399520096
0 0.45151405912040377 0.6529694061187763 0.03136265320836337 0.04019196160767846
0 0.46196827685652486 0.6946610677864428 0.0277577505407354 0.05638872225554889
0 0.6031002162941601 0.7012597480503899 0.02595529920692141 0.04559088182363527
0 0.5457822638788753 0.5500899820035993 0.02883922134102379 0.04079184163167367
0 0.7909156452775775 0.2654469106178764 0.026676279740447006 0.05338932213557288
0 0.8822999279019467 0.2663467306538692 0.03280461427541456 0.052789442111577684
0 0.9489906272530642 0.364127174565087 0.03136265320836337 0.041991601679664065
0 0.8424657534246576 0.3767246550689862 0.03893294881038212 0.04799040191961608
0 0.7763157894736842 0.31073785242951407 0.03352559480894016 0.041991601679664065