2 0.286425902864259 0.1039628180039139 0.4383561643835616 0.15215264187866928
2 0.6855541718555417 0.12744618395303328 0.2727272727272727 0.09442270058708414
2 0.3194271481942715 0.324119373776908 0.33748443337484435 0.2568493150684932
2 0.23723536737235368 0.5484344422700587 0.16811955168119552 0.17906066536203522
2 0.4106475716064757 0.5454990215264188 0.15255292652552926 0.18297455968688844
2 0.19613947696139478 0.5036692759295499 0.09713574097135741 0.09148727984344422
0 0.2811332503113325 0.6741682974559687 0.06787048567870485 0.06555772994129158
0 0.23567870485678705 0.738013698630137 0.07285180572851806 0.052348336594911934
2 0.1432129514321295 0.7130626223091977 0.11207970112079702 0.11888454011741682
2 0.14601494396014944 0.8387964774951077 0.11519302615193026 0.12084148727984344
2 0.7026774595267746 0.274706457925636 0.25965130759651306 0.15998043052837574
2 0.8764009962640099 0.27421722113502933 0.07658779576587796 0.16095890410958905
2 0.6924034869240349 0.4075342465753425 0.22291407222914073 0.09295499021526418
2 0.8627023661270237 0.49902152641878667 0.09900373599003735 0.2651663405088063
2 0.6936488169364882 0.5459882583170255 0.21419676214196762 0.1761252446183953
1 0.31787048567870485 0.1888454011741683 0.07534246575342465 0.015655577299412915
1 0.4352428393524284 0.1888454011741683 0.07970112079701121 0.01761252446183953
1 0.674346201743462 0.1834637964774951 0.0784557907845579 0.015655577299412915
1 0.8770236612702366 0.18933463796477495 0.05666251556662515 0.018590998043052837
1 0.839975093399751 0.6433463796477495 0.05977584059775841 0.02054794520547945
1 0.6936488169364882 0.6433463796477495 0.0896637608966376 0.018590998043052837
1 0.4187422166874222 0.6472602739726028 0.04420921544209216 0.018590998043052837
0 0.24190535491905354 0.16120352250489237 0.07409713574097136 0.07093933463796477
0 0.7537359900373599 0.162426614481409 0.07036114570361146 0.06653620352250489
0 0.8082191780821918 0.2928082191780822 0.0647571606475716 0.04256360078277886
0 0.7711706102117061 0.3429549902152642 0.07285180572851806 0.0547945205479452
0 0.7777085927770859 0.42049902152641877 0.06724782067247821 0.03962818003913894
0 0.7752179327521793 0.4794520547945205 0.0647571606475716 0.04892367906066536
0 0.838107098381071 0.5474559686888454 0.0448318804483188 0.04403131115459882
0 0.2761519302615193 0.4911937377690802 0.07160647571606475 0.049902152641878667