2 0.7064220183486238 0.11955085865257596 0.4197247706422018 0.178335535006605
2 0.5246559633027523 0.4722589167767503 0.7901376146788991 0.5059445178335535
2 0.22649082568807338 0.5376486129458389 0.2006880733944954 0.14398943196829592
2 0.22649082568807338 0.666776750330251 0.20756880733944955 0.1023778071334214
2 0.46272935779816515 0.7790620871862616 0.23279816513761467 0.08784676354029063
2 0.47075688073394495 0.8963011889035667 0.2098623853211009 0.14002642007926025
2 0.44495412844036697 0.6935270805812418 0.19724770642201836 0.05416116248348745
0 0.6112385321100917 0.19682959048877147 0.10321100917431193 0.071334214002642
0 0.36754587155963303 0.5330250990752973 0.09747706422018348 0.05151915455746367
0 0.23222477064220184 0.5908190224570674 0.0768348623853211 0.053500660501981503
0 0.47993119266055045 0.6367239101717305 0.10206422018348624 0.06737120211360634
0 0.46158256880733944 0.7476882430647291 0.10894495412844037 0.07001321003963012
0 0.47706422018348627 0.8064729194187582 0.0963302752293578 0.05812417437252312
1 0.28325688073394495 0.7275429326287979 0.05733944954128441 0.015191545574636724
1 0.6697247706422018 0.7288639365918098 0.10550458715596331 0.012549537648612946
1 0.7803899082568807 0.7288639365918098 0.051605504587155966 0.016512549537648614
1 0.7219036697247706 0.2192866578599736 0.10894495412844037 0.01453104359313078
1 0.8119266055045872 0.21961690885072654 0.05045871559633028 0.015191545574636724
1 0.3360091743119266 0.21598414795244386 0.10550458715596331 0.01453104359313078
1 0.23738532110091742 0.21829590488771466 0.06651376146788991 0.012549537648612946