2 0.19507453013609852 0.41117478510028654 0.11276733635774465 0.6862464183381088
2 0.364549578742709 0.20164756446991405 0.16267012313674659 0.24713467048710602
2 0.5333765392093325 0.20451289398280803 0.15683732987686325 0.252865329512894
2 0.7261827608554764 0.2034383954154728 0.21840570317563188 0.24355300859598855
2 0.7624756966947505 0.3886103151862464 0.152300712896954 0.10386819484240688
2 0.7621516526247569 0.5075214899713467 0.15035644847699287 0.12535816618911175
2 0.5644847699287103 0.6128223495702005 0.5508749189889826 0.5565902578796562
2 0.6484121840570317 0.7070200573065902 0.10304601425793908 0.09025787965616046
0 0.6542449773169151 0.3047994269340974 0.06156837329876863 0.07521489971346705
0 0.8078418664938432 0.8871776504297995 0.0797148412184057 0.16977077363896848
0 0.7274789371354504 0.6887535816618912 0.060272197018794556 0.062320916905444126
0 0.7618276085547635 0.6070916905444126 0.06286454957874271 0.06948424068767908
0 0.7621516526247569 0.4799426934097421 0.06351263771872975 0.07449856733524356
1 0.3561244329228775 0.062320916905444126 0.04601425793907971 0.034383954154727794
1 0.549902786779002 0.06482808022922636 0.07712248865845756 0.029369627507163324
1 0.7151652624756967 0.0651862464183381 0.101749837977965 0.025787965616045846
1 0.26539209332469216 0.17406876790830947 0.034348671419313026 0.09312320916905444
1 0.2696046662346079 0.3975644699140401 0.03240440699935191 0.10315186246418338
1 0.26830848995463386 0.6339541547277937 0.029812054439403757 0.10601719197707736
0 0.23817239144523655 0.5154011461318052 0.09915748541801685 0.08524355300859598