2 0.5995623632385121 0.3097273097273097 0.18443263519849953 0.4843304843304843
2 0.7739918724601438 0.6786731786731787 0.2957174116911535 0.3162393162393162
2 0.8602688340106284 0.7641432641432642 0.12191309784307595 0.14285714285714285
2 0.7521100343857455 0.8001628001628002 0.08815254767114723 0.07326007326007326
2 0.6866208190059394 0.7985347985347986 0.04095029696780244 0.07814407814407814
2 0.6458268208815254 0.7995522995522996 0.03438574554548297 0.07610907610907611
2 0.5661144107533604 0.7635327635327636 0.12191309784307595 0.14814814814814814
2 0.5640825257893092 0.6166056166056166 0.11472335104720226 0.12128612128612129
2 0.66051891216005 0.13349613349613348 0.06564551422319474 0.12942612942612944
2 0.6598937167864958 0.23972323972323972 0.05939356048765239 0.07733007733007732
2 0.6562988433885589 0.312983312983313 0.06970928415129728 0.05616605616605617
2 0.6598937167864958 0.43487993487993487 0.06564551422319474 0.1754171754171754
2 0.6797436698968428 0.4877899877899878 0.027195998749609252 0.05331705331705332
2 0.4132541419193498 0.6393976393976394 0.1050328227571116 0.2254782254782255
2 0.2655517349171616 0.6363451363451363 0.1891216005001563 0.221001221001221
2 0.2405439199749922 0.7411477411477412 0.14285714285714285 0.19291819291819293
2 0.29274773366677087 0.7844932844932845 0.03219756173804314 0.10622710622710622
2 0.10847139731165989 0.7413512413512413 0.1137855579868709 0.1973951973951974
2 0.10878399499843701 0.5795685795685795 0.11128477649265396 0.11558811558811559
0 0.4120037511722413 0.7908017908017908 0.08502657080337606 0.07488807488807489
0 0.33807439824945296 0.7741147741147741 0.03282275711159737 0.03581603581603582
0 0.3307283526101907 0.7844932844932845 0.037511722413254144 0.03947903947903948
0 0.26461394185683024 0.7794057794057794 0.027195998749609252 0.029304029304029304
0 0.1556736480150047 0.733007733007733 0.03376055017192873 0.0407000407000407
0 0.19662394498280714 0.7218152218152218 0.022507033447952487 0.03540903540903541
0 0.18099406064395124 0.6072446072446073 0.03125976867771178 0.03337403337403337
0 0.13597999374804626 0.6526251526251526 0.0262582056892779 0.042735042735042736
0 0.3543294779618631 0.5962555962555962 0.030321975617380433 0.01790801790801791
0 0.35167239762425756 0.6233211233211233 0.03938730853391685 0.032153032153032154
0 0.28868396373866834 0.7643467643467643 0.017818068146295718 0.02197802197802198
0 0.3018130665833073 0.7621082621082621 0.021569240387621133 0.028083028083028084
0 0.7110034385745545 0.10113960113960115 0.03532353860581432 0.04599104599104599
0 0.6156611441075336 0.09523809523809523 0.030321975617380433 0.03418803418803419
0 0.6176930290715849 0.22730972730972732 0.028133791809940606 0.03133903133903134
0 0.6705220381369178 0.21062271062271062 0.02000625195373554 0.03133903133903134
0 0.6694279462331979 0.27004477004477007 0.019068458893404187 0.03540903540903541
0 0.69740543919975 0.30443630443630443 0.05126602063144733 0.037444037444037445
0 0.6594248202563301 0.49308099308099307 0.021569240387621133 0.024013024013024013
0 0.7875898718349484 0.5248270248270248 0.03907471084713973 0.08750508750508751
0 0.649890590809628 0.5386650386650387 0.03125976867771178 0.03866503866503866
0 0.6402000625195373 0.612942612942613 0.03125976867771178 0.030118030118030117
0 0.5917474210690841 0.6617826617826618 0.02875898718349484 0.026048026048026047
0 0.5844013754298218 0.7167277167277167 0.02907158487027196 0.05453805453805454
0 0.6425445451703657 0.7444037444037443 0.03282275711159737 0.0407000407000407
0 0.6130040637699281 0.7846967846967847 0.03125976867771178 0.029304029304029304
0 0.6584870271959987 0.7908017908017908 0.029696780243826194 0.029304029304029304
0 0.6769302907158486 0.747049247049247 0.026570803376055017 0.03133903133903134
0 0.7499218505783057 0.7484737484737485 0.0262582056892779 0.030118030118030117
0 0.7864957799312285 0.7397232397232397 0.02875898718349484 0.04192104192104192
0 0.6369177868083776 0.8591778591778592 0.021569240387621133 0.04477004477004477
1 0.9243513597999374 0.5785510785510786 0.006251953735542357 0.06145706145706146
1 0.8408877774304471 0.8384208384208384 0.05751797436698968 0.01790801790801791
1 0.5792435135979994 0.8435083435083435 0.05501719287277274 0.013431013431013432
1 0.5031259768677712 0.6192511192511192 0.013441700531416068 0.07203907203907203
1 0.5046889653016567 0.47476597476597476 0.01031572366364489 0.06471306471306472
1 0.1267583619881213 0.8400488400488401 0.052829009065332916 0.014652014652014652
1 0.2366364488902782 0.8428978428978429 0.04814004376367615 0.014652014652014652