2 0.20491803278688525 0.25017135023989034 0.18915510718789408 0.23029472241261137
2 0.20365699873896595 0.4139821795750514 0.18915510718789408 0.07950651130911583
2 0.20365699873896595 0.5191912268677176 0.1853720050441362 0.10623714873200822
2 0.20617906683480455 0.725496915695682 0.19041614123581338 0.29129540781357094
2 0.40510718789407313 0.6415352981494175 0.18978562421185372 0.2700479780671693
2 0.601828499369483 0.4557916381082934 0.5870113493064313 0.6415352981494175
2 0.5453972257250945 0.703564084989719 0.06809583858764187 0.14599040438656613
2 0.6390290037831021 0.6833447566826594 0.10781841109709962 0.1041809458533242
2 0.6437578814627994 0.7960932145305003 0.1021437578814628 0.08567511994516792
2 0.687578814627995 0.2532556545579164 0.19987389659520807 0.2419465387251542
2 0.8325977301387137 0.19156956819739548 0.12042875157629256 0.12405757368060315
2 0.7941361916771753 0.35195339273474985 0.20239596469104665 0.19533927347498287
2 0.7484237074401009 0.49485949280328995 0.09583858764186633 0.07128169979437972
0 0.6276796973518285 0.10281014393420151 0.06368221941992434 0.07676490747087046
0 0.6128625472887768 0.3464701850582591 0.05926860025220681 0.07607950651130911
0 0.8054854981084489 0.2748457847840987 0.048549810844892814 0.05071967100753941
0 0.7588272383354351 0.36600411240575736 0.06116015132408575 0.06305688827964359
0 0.6793820933165196 0.4167237834132968 0.06116015132408575 0.05620287868403016
0 0.682219419924338 0.5078821110349554 0.05926860025220681 0.053461274845784786
0 0.2808953341740227 0.2981494174091844 0.08133669609079446 0.06854009595613433
0 0.24432534678436318 0.3485263879369431 0.056116015132408575 0.06374228923920494
0 0.22761664564943254 0.6031528444139822 0.05926860025220681 0.06854009595613433
0 0.3225094577553594 0.8163125428375599 0.06116015132408575 0.06031528444139822
0 0.4813997477931904 0.5822481151473612 0.06746532156368222 0.067854694996573
0 0.5539092055485498 0.6028101439342015 0.05233291298865069 0.06511309115832763
0 0.6592055485498108 0.6507882111034955 0.06368221941992434 0.07607950651130911
0 0.6604665825977302 0.7751884852638794 0.06116015132408575 0.07402330363262509
1 0.7931904161412359 0.7816997943797122 0.1223203026481715 0.015764222069910898
1 0.548234552332913 0.7844413982179576 0.056116015132408575 0.015764222069910898
1 0.41960907944514503 0.7837559972583962 0.12421185372005045 0.019876627827278958
1 0.15889029003783103 0.5791638108293352 0.06683480453972257 0.01782042494859493
1 0.22887767969735182 0.13091158327621658 0.11853720050441362 0.019191226867717615
1 0.43505674653215637 0.12679917751884853 0.21437578814627994 0.01233721727210418
1 0.6970365699873896 0.12782727895819054 0.06872635561160151 0.017135023989033583
1 0.8392181588902901 0.12919808087731321 0.05170239596469105 0.015764222069910898