2 0.1527777777777778 0.6286666666666667 0.24841269841269842 0.4493333333333333
2 0.6246031746031746 0.454 0.6825396825396826 0.7933333333333333
0 0.2361111111111111 0.2906666666666667 0.08492063492063492 0.128
1 0.09682539682539683 0.38133333333333336 0.09206349206349207 0.04
1 0.20515873015873015 0.38466666666666666 0.09126984126984126 0.036
1 0.4142857142857143 0.14933333333333335 0.11587301587301588 0.034666666666666665
1 0.9047619047619048 0.14866666666666667 0.046031746031746035 0.030666666666666665
0 0.6396825396825396 0.864 0.08412698412698413 0.25333333333333335
0 0.8047619047619048 0.7213333333333334 0.0746031746031746 0.10933333333333334
0 0.8686507936507937 0.42866666666666664 0.05634920634920635 0.10266666666666667
0 0.8357142857142857 0.9393333333333334 0.14761904761904762 0.10533333333333333
1 0.5956349206349206 0.106 0.07063492063492063 0.11866666666666667
1 0.6567460317460317 0.10733333333333334 0.08492063492063492 0.12666666666666668