1 0.5011441647597255 0.114133197763091 0.5003813882532419 0.17132689374682258
1 0.31521739130434784 0.37798678190137264 0.12395118230358505 0.3309608540925267
1 0.2940503432494279 0.5465175394001017 0.08161708619374523 0.15963396034570412
1 0.31598016781083144 0.7564819522114896 0.11937452326468345 0.24199288256227758
1 0.5654080854309688 0.8512963904422979 0.36422578184591914 0.06659888154550077
1 0.4513729977116705 0.7211489578037621 0.14378337147215867 0.17539400101677682
1 0.5654080854309688 0.7808845958312151 0.06674294431731502 0.0498220640569395
1 0.4692982456140351 0.47686832740213525 0.2604881769641495 0.5266903914590747
1 0.6760106788710908 0.6743772241992882 0.13539282990083906 0.26893746822572445
1 0.6174675819984744 0.46441281138790036 0.07932875667429443 0.12455516014234876
1 0.7055682684973302 0.4639044229791561 0.07932875667429443 0.12557193695983732
1 0.6607551487414187 0.29994916115912557 0.16590389016018306 0.1708185053380783
1 0.6884057971014492 0.07600406710726995 0.10907704042715484 0.08185053380782918
0 0.6750572082379863 0.13980681240467718 0.03585049580472922 0.0498220640569395
0 0.6599923722349351 0.20971021860701575 0.04004576659038902 0.09405185561769192
0 0.5621662852784134 0.31748856126080327 0.04042715484363082 0.08795119471276056
0 0.6163234172387491 0.3787493645144891 0.033562166285278416 0.05287239450940519
0 0.65255530129672 0.4224707676664972 0.03279938977879481 0.04880528723945094
0 0.6456903127383676 0.5577020843924758 0.034324942791762014 0.05388917132689375
0 0.5829519450800915 0.7239450940518556 0.03470633104500381 0.05592272496187087
0 0.5810450038138826 0.835282155566853 0.043859649122807015 0.06507371631926792
0 0.42219679633867274 0.6148957803762074 0.04042715484363082 0.05643111337061515
0 0.36155606407322655 0.5236400610066091 0.038901601830663615 0.05592272496187087
0 0.32646834477498093 0.5686324351804779 0.034324942791762014 0.04016268429079817
0 0.35812356979405036 0.6120996441281139 0.033562166285278416 0.05287239450940519
1 0.3135011441647597 0.8825622775800712 0.07246376811594203 0.010167768174885612
1 0.33009153318077805 0.2086934417895272 0.06292906178489703 0.009659379766141332
1 0.42810831426392065 0.21072699542450432 0.05225019069412662 0.011692933401118455
1 0.4860793287566743 0.2112353838332486 0.053012967200610224 0.010676156583629894
1 0.5436689549961862 0.2086934417895272 0.053012967200610224 0.011692933401118455
1 0.6077421815408085 0.21021860701576003 0.06140350877192982 0.01677681748856126
1 0.6824942791762014 0.813421453990849 0.06598016781083142 0.009150991357397052
1 0.4759725400457666 0.8129130655821047 0.06559877955758962 0.014234875444839857