2 0.08194308145240432 0.2302725968436155 0.14033366045142295 0.3916786226685796
2 0.3788027477919529 0.6406025824964132 0.6967615309126595 0.629842180774749
2 0.36359175662414134 0.2374461979913917 0.3837095191364082 0.40889526542324245
2 0.6467124631992149 0.16929698708751795 0.155053974484789 0.2783357245337159
2 0.8596663395485771 0.2783357245337159 0.24141315014720313 0.3328550932568149
2 0.8591756624141315 0.7058823529411765 0.24435721295387636 0.4964131994261119
1 0.9896957801766437 0.2804878048780488 0.016683022571148183 0.32568149210903874
1 0.9901864573110893 0.6707317073170732 0.019627085377821395 0.4117647058823529
1 0.019136408243375858 0.7008608321377331 0.02649656526005888 0.3916786226685796
1 0.16241413150147202 0.22525107604017217 0.022571148184494603 0.3902439024390244
0 0.10794896957801767 0.39741750358680056 0.08047105004906771 0.13199426111908177
0 0.52747791952895 0.38952654232424677 0.0873405299313052 0.11047345767575323
0 0.6418056918547596 0.37087517934002867 0.06673209028459273 0.133428981348637
0 0.7674190382728164 0.3830703012912482 0.08832188420019627 0.10903873744619799
0 0.7703631010794897 0.6083213773314203 0.09421000981354269 0.10903873744619799
0 0.6683022571148185 0.926829268292683 0.07850834151128558 0.14634146341463414