2 0.3224391624221845 0.27893781207444396 0.2475947934352009 0.4098955969133
2 0.2378324844368987 0.5099863822060826 0.08234295415959253 0.11393554244212438
2 0.3951612903225806 0.49069450748978666 0.0953593661573288 0.14888788016341353
2 0.41808149405772493 0.3704039945528824 0.05857385398981324 0.08987743985474353
2 0.31295981890209396 0.5274625510667272 0.05998868138087153 0.09169314571039491
2 0.15435766836445955 0.22560145256468453 0.05857385398981324 0.25419881979119385
2 0.1342671194114318 0.612119836586473 0.1434634974533107 0.049477984566500224
2 0.24717034521788342 0.6073536087153881 0.0744199207696661 0.05083976395823876
2 0.17345783814374646 0.7158420335905583 0.22297679683078664 0.1625056740807989
2 0.6155913978494624 0.23150249659555153 0.07838143746462932 0.26418520199727646
2 0.7300509337860781 0.15274625510667272 0.12563667232597622 0.15297321833862915
2 0.8596491228070176 0.15320018157058557 0.12167515563101301 0.15206536541080345
2 0.6847764572722128 0.3247843849296414 0.05715902659875495 0.1575124829777576
2 0.7838143746462931 0.32909668633681344 0.13695529145444255 0.19064911484339536
2 0.8886530843237125 0.27689514298683615 0.0636672325976231 0.09532455742169768
2 0.8562535370684776 0.37448933272809803 0.06055461233729485 0.09169314571039491
2 0.7893322014714205 0.45006808896958694 0.2600452744765139 0.24920562868815252
2 0.6761460101867572 0.6579664094416704 0.3364459535936616 0.19655015887426236
1 0.2884833050367855 0.06513844757149342 0.026881720430107527 0.02224239673172946
1 0.3244199207696661 0.0678620063549705 0.025183927560837576 0.027689514298683614
1 0.19142614601018676 0.135724012709941 0.014431239388794566 0.070812528370404
1 0.19185059422750425 0.2594189741261916 0.016411997736276173 0.0876078075351793
1 0.45373514431239387 0.16023604176123468 0.017826825127334467 0.09169314571039491
1 0.45005659309564233 0.2753064003631412 0.014431239388794566 0.028597367226509306
1 0.45217883418222976 0.3940081706763504 0.011884550084889643 0.03177485247389923
1 0.4534521788341822 0.4573309123921925 0.01726089417091115 0.04221516114389469
1 0.45302773061686474 0.5170222423967318 0.019241652518392757 0.02451202905129369
1 0.3720996038483305 0.5771674988651838 0.027164685908319185 0.028597367226509306
1 0.11969439728353141 0.7989105764866091 0.013016411997736276 0.011802088061733999
1 0.7630164119977363 0.5855651384475715 0.03367289190718732 0.026327734906945077
1 0.8268251273344652 0.5882886972310486 0.03338992642897567 0.02541988197911938
1 0.9268534238822863 0.5163413527008625 0.013865308432371251 0.04857013163867453
1 0.9265704584040747 0.2814344076259646 0.010469722693831352 0.032682705401724924
1 0.9281267685342388 0.1386745347253745 0.016411997736276173 0.04221516114389469
1 0.8258347481607244 0.0699046754425783 0.03310696095076401 0.019064911484339538
1 0.7623089983022071 0.0678620063549705 0.02942840973401245 0.021334543803903767
1 0.6617147707979627 0.14049024058102588 0.009903791737408036 0.04857013163867453
1 0.7794284097340124 0.2133454380390377 0.025749858517260894 0.05265546981389015
1 0.8094227504244482 0.20880617339990923 0.025183927560837576 0.04539264639128461
1 0.704442558007923 0.2646391284611893 0.029711375212224108 0.03449841125737631
1 0.8157894736842105 0.3486155242850658 0.03225806451612903 0.05083976395823876
1 0.8044708545557442 0.4405356332274172 0.028296547821165818 0.04857013163867453
1 0.7716468590831919 0.44098955969133 0.03225806451612903 0.055832955061280075
1 0.3471986417657046 0.15320018157058557 0.03225806451612903 0.08216068996822515
1 0.17529711375212223 0.18974126191556967 0.029711375212224108 0.02814344076259646
1 0.372524052065648 0.37766681797548796 0.030277306168647426 0.047208352246935995
1 0.3326259196378042 0.4418974126191557 0.029711375212224108 0.04766227871084884
1 0.32611771363893605 0.5011348161597822 0.029711375212224108 0.05628688152519292
1 0.2928692699490662 0.5102133454380391 0.027730616864742503 0.03177485247389923
1 0.3293718166383701 0.598729005901044 0.028296547821165818 0.0463004993191103
1 0.29838709677419356 0.6168860644575579 0.03763440860215054 0.05083976395823876
1 0.10101867572156197 0.6184748070812528 0.028296547821165818 0.055832955061280075
1 0.1045557441992077 0.5587834770767136 0.030277306168647426 0.06536541080344985
1 0.18024900962082627 0.5197458011802089 0.04074702886247878 0.05083976395823876
1 0.3974250141482739 0.4891057648660917 0.038200339558573854 0.05492510213345438