1 0.34812108559498955 0.44823529411764707 0.5981210855949896 0.7694117647058824
1 0.42693110647181626 0.19117647058823528 0.162839248434238 0.26
1 0.4264091858037578 0.48705882352941177 0.16597077244258873 0.24235294117647058
1 0.7296450939457203 0.40588235294117647 0.4175365344467641 0.6941176470588235
0 0.5125260960334029 0.8070588235294117 0.12526096033402923 0.31529411764705884
0 0.38517745302713985 0.6541176470588236 0.081419624217119 0.10823529411764705
0 0.30427974947807934 0.1935294117647059 0.10542797494780794 0.11176470588235295
0 0.5563674321503131 0.19294117647058823 0.10855949895615867 0.11058823529411765
0 0.581419624217119 0.5711764705882353 0.1022964509394572 0.13294117647058823
1 0.18423799582463465 0.05411764705882353 0.2807933194154488 0.03058823529411765
1 0.4613778705636743 0.04764705882352941 0.0918580375782881 0.024705882352941175
1 0.7343423799582464 0.05411764705882353 0.40396659707724425 0.023529411764705882