2 0.3545568039950062 0.14856557377049182 0.6067415730337079 0.19262295081967212
2 0.49812734082397003 0.6050204918032787 0.898876404494382 0.6670081967213115
2 0.5081148564294632 0.7730532786885246 0.2596754057428215 0.30635245901639346
1 0.3545568039950062 0.04405737704918033 0.6117353308364545 0.02663934426229508
1 0.04556803995006242 0.14600409836065573 0.02871410736579276 0.18954918032786885
1 0.6697877652933832 0.14805327868852458 0.02372034956304619 0.19364754098360656
1 0.27340823970037453 0.26280737704918034 0.352059925093633 0.0194672131147541
1 0.8002496878901373 0.25973360655737704 0.2397003745318352 0.0194672131147541
0 0.25780274656679153 0.8913934426229508 0.14606741573033707 0.13524590163934427
0 0.3364544319600499 0.7663934426229508 0.12359550561797752 0.09836065573770492
0 0.5580524344569289 0.21362704918032788 0.1348314606741573 0.13422131147540983