2 0.32523696682464454 0.09320695102685624 0.20734597156398105 0.11532385466034756
2 0.5219194312796208 0.21011058451816747 0.1623222748815166 0.33965244865718797
2 0.6943127962085308 0.2093206951026856 0.15995260663507108 0.33965244865718797
2 0.4446090047393365 0.3886255924170616 0.44609004739336494 0.4518167456556082
2 0.31990521327014215 0.6646919431279621 0.2014218009478673 0.34360189573459715
2 0.4647511848341232 0.6852290679304898 0.0669431279620853 0.12559241706161137
2 0.5509478672985783 0.6879936808846762 0.07701421800947868 0.12006319115323855
2 0.6869075829383886 0.6832543443917851 0.1806872037914692 0.1263823064770932
2 0.7271919431279621 0.5529225908372828 0.10248815165876778 0.12006319115323855
2 0.726303317535545 0.43601895734597157 0.1018957345971564 0.09004739336492891
1 0.32790284360189575 0.8432069510268563 0.10841232227488151 0.018167456556082148
1 0.5509478672985783 0.7535545023696683 0.07109004739336493 0.018957345971563982
1 0.6735781990521327 0.7563191153238547 0.07109004739336493 0.019747235387045814
1 0.5201421800947867 0.03317535545023697 0.08412322274881516 0.018957345971563982
1 0.6863151658767772 0.03593996840442338 0.09182464454976304 0.013428120063191154
1 0.2802132701421801 0.1579778830963665 0.10781990521327015 0.02527646129541864
0 0.38951421800947866 0.13941548183254343 0.05864928909952607 0.08293838862559241
0 0.6412914691943128 0.36295418641390204 0.04443127962085308 0.06872037914691943
0 0.5832345971563981 0.36255924170616116 0.052725118483412325 0.07266982622432859
0 0.4096563981042654 0.5857030015797788 0.05627962085308057 0.06714060031595577
0 0.5370260663507109 0.5995260663507109 0.043246445497630334 0.08372827804107424
0 0.4721563981042654 0.6469194312796208 0.0462085308056872 0.06951026856240126
0 0.4727488151658768 0.7784360189573459 0.04383886255924171 0.06240126382306477
0 0.6398104265402843 0.6018957345971564 0.0462085308056872 0.07582938388625593
0 0.6575829383886256 0.4514218009478673 0.061611374407582936 0.06556082148499211
0 0.6993483412322274 0.6465244865718799 0.05390995260663507 0.06872037914691943