2 0.24204355108877723 0.44144144144144143 0.3322166387493021 0.6473616473616474
2 0.21273031825795644 0.7915057915057915 0.12060301507537688 0.03346203346203346
2 0.11194863204913456 0.6322393822393823 0.0664433277498604 0.07271557271557272
2 0.11194863204913456 0.7400257400257401 0.06867671691792294 0.13384813384813385
2 0.34701284198771637 0.7606177606177607 0.11334450027917364 0.10038610038610038
2 0.32719151312116135 0.8832046332046332 0.15522054718034617 0.11132561132561132
2 0.3425460636515913 0.6492921492921493 0.12227805695142378 0.11196911196911197
2 0.6496370742601898 0.14414414414414414 0.3310999441652708 0.06692406692406692
2 0.5912897822445561 0.388996138996139 0.21328866554997208 0.38288288288288286
2 0.7292015633724176 0.30662805662805664 0.15968732551647125 0.21814671814671815
2 0.7621440536013401 0.5234877734877735 0.10496929089893914 0.11003861003861004
2 0.7283640424343942 0.6985199485199485 0.16806253489670575 0.22972972972972974
2 0.5572305974316024 0.696911196911197 0.1541038525963149 0.23037323037323038
0 0.2400893355667225 0.08687258687258688 0.05583472920156337 0.07979407979407979
0 0.16443327749860412 0.6499356499356499 0.044109436069235064 0.043758043758043756
0 0.3358458961474037 0.5608108108108109 0.044109436069235064 0.055984555984555984
0 0.3389168062534897 0.6776061776061776 0.04355108877721943 0.05662805662805663
0 0.21775544388609716 0.7474259974259975 0.04578447794528197 0.05727155727155727
0 0.1658291457286432 0.7487129987129987 0.0413176996091569 0.04182754182754183
0 0.22640982691233946 0.9115186615186616 0.06309324399776661 0.06241956241956242
0 0.6119486320491345 0.1879021879021879 0.05583472920156337 0.1274131274131274
0 0.6725293132328308 0.19015444015444016 0.05862646566164154 0.13063063063063063
0 0.6716917922948074 0.39736164736164736 0.05471803461753211 0.0637065637065637
0 0.6853713009491904 0.5334620334620335 0.053042992741485204 0.032175032175032175
0 0.6711334450027917 0.6116473616473617 0.04355108877721943 0.052123552123552123
0 0.6122278056951423 0.6081081081081081 0.0496929089893914 0.059202059202059204
1 0.16862088218872137 0.8246460746460746 0.03573422668900056 0.025096525096525095
1 0.21775544388609716 0.8188545688545689 0.04578447794528197 0.017374517374517374
1 0.5731434952540481 0.8204633204633205 0.039642657733109994 0.010296010296010296
1 0.6144611948632049 0.8204633204633205 0.022892238972640984 0.014157014157014158
1 0.6655499720826354 0.8220720720720721 0.027917364600781685 0.013513513513513514
1 0.7068676716917923 0.824967824967825 0.04243439419318816 0.019305019305019305
1 0.7211055276381909 0.18725868725868725 0.0463428252372976 0.023166023166023165
1 0.6694584031267449 0.19047619047619047 0.04355108877721943 0.01287001287001287
1 0.6102735901730877 0.1907979407979408 0.04578447794528197 0.013513513513513514
1 0.5608598548297041 0.18983268983268983 0.044109436069235064 0.018018018018018018
1 0.3313791178112786 0.11164736164736165 0.07091010608598548 0.01866151866151866
1 0.38553880513679506 0.11261261261261261 0.02512562814070352 0.01673101673101673
1 0.16359575656058067 0.11164736164736165 0.08375209380234507 0.012226512226512226
1 0.09687325516471246 0.11036036036036036 0.026242322724734785 0.01866151866151866