1 0.2686034658511723 0.2833572453371593 0.4026503567787971 0.4720229555236729
1 0.16870540265035677 0.46413199426111906 0.20489296636085627 0.24820659971305595
1 0.22426095820591233 0.4031563845050215 0.09174311926605505 0.1291248206599713
1 0.16870540265035677 0.7259684361549498 0.19877675840978593 0.23242467718794835
1 0.1636085626911315 0.9146341463414634 0.21508664627930682 0.11047345767575323
1 0.6116207951070336 0.6119081779053085 0.6523955147808359 0.6757532281205165
1 0.709480122324159 0.15853658536585366 0.454638124362895 0.19368723098995697
1 0.6712538226299695 0.26901004304160686 0.09683995922528033 0.021520803443328552
1 0.780835881753313 0.26757532281205165 0.0998980632008155 0.027259684361549498
1 0.8868501529051988 0.26757532281205165 0.09582059123343527 0.03012912482065997
1 0.9444444444444444 0.36226685796269725 0.017329255861365953 0.14203730272596843
1 0.8022426095820592 0.9648493543758967 0.1019367991845056 0.024390243902439025
1 0.691131498470948 0.9619799139167863 0.0998980632008155 0.03012912482065997
1 0.34964322120285424 0.960545193687231 0.0998980632008155 0.03299856527977044
1 0.059123343527013254 0.13558106169296988 0.0163098878695209 0.08464849354375897
1 0.058613659531090725 0.4598278335724534 0.021406727828746176 0.08751793400286945
1 0.06269113149847094 0.6649928263988523 0.01529051987767584 0.08177905308464849
1 0.390927624872579 0.03873744619799139 0.09887869520897044 0.020086083213773313
0 0.34811416921508664 0.47919655667144906 0.08460754332313965 0.1406025824964132
0 0.5698267074413863 0.2187948350071736 0.0856269113149847 0.13916786226685796
0 0.14118246687054026 0.6456241032998565 0.08664627930682976 0.13773314203730272
0 0.24464831804281345 0.6843615494978479 0.0998980632008155 0.1291248206599713
0 0.17023445463812437 0.9110473457675753 0.09582059123343527 0.1406025824964132