2 0.25 0.4275109170305677 0.2508731082654249 0.17117903930131004
2 0.43160651920838183 0.39585152838427945 0.09022118742724097 0.11222707423580786
2 0.5221187427240978 0.3982532751091703 0.06519208381839348 0.1091703056768559
2 0.4720605355064028 0.5663755458515284 0.16530849825378346 0.21397379912663755
2 0.7043073341094296 0.42707423580786025 0.2828870779976717 0.1703056768558952
2 0.9161816065192084 0.43013100436681223 0.11059371362048893 0.16593886462882096
2 0.2532013969732247 0.5938864628820961 0.2479627473806752 0.15458515283842794
0 0.36321303841676367 0.5746724890829694 0.05238649592549476 0.03755458515283843
0 0.4254947613504074 0.6805676855895196 0.0640279394644936 0.0851528384279476
0 0.4350989522700815 0.46899563318777293 0.05529685681024447 0.0445414847161572
0 0.5154249126891735 0.47161572052401746 0.05529685681024447 0.039301310043668124
0 0.5765424912689173 0.48624454148471613 0.06344586728754366 0.04148471615720524
0 0.8573923166472642 0.4877729257641921 0.11757857974388825 0.04279475982532751
0 0.3640861466821886 0.4903930131004367 0.05413271245634459 0.04192139737991266
1 0.11786961583236322 0.4561135371179039 0.01338766006984866 0.1017467248908297
1 0.11932479627473806 0.5803493449781659 0.02211874272409779 0.09868995633187773