2 0.5928800856531049 0.16642857142857143 0.173982869379015 0.15142857142857144
2 0.4925053533190578 0.5396428571428571 0.3854389721627409 0.5721428571428572
2 0.6231263383297645 0.7460714285714286 0.11349036402569593 0.1492857142857143
2 0.6228586723768736 0.6096428571428572 0.11402569593147752 0.105
2 0.3490364025695932 0.7642857142857142 0.09421841541755889 0.09857142857142857
2 0.37740899357601715 0.5903571428571428 0.15203426124197003 0.22214285714285714
0 0.533458244111349 0.22357142857142856 0.046573875802997856 0.06857142857142857
0 0.43816916488222696 0.5521428571428572 0.05192719486081371 0.05857142857142857
0 0.5433618843683083 0.7271428571428571 0.06531049250535331 0.06571428571428571
0 0.588865096359743 0.6910714285714286 0.03961456102783726 0.062142857142857146
0 0.4159528907922912 0.7653571428571428 0.03961456102783726 0.04928571428571429
0 0.4341541755888651 0.8514285714285714 0.056745182012847964 0.08571428571428572
1 0.39801927194860814 0.2507142857142857 0.0968950749464668 0.03
1 0.6113490364025695 0.25 0.10492505353319058 0.02
1 0.2987152034261242 0.6207142857142857 0.013918629550321198 0.14714285714285713