2 0.07683679192372406 0.1576980568011958 0.07403252944475602 0.22720478325859492
2 0.26247896803140774 0.0930493273542601 0.26247896803140774 0.11136023916292975
2 0.2243409983174425 0.2944693572496263 0.2052720134604599 0.26307922272047835
2 0.17162086371284352 0.5306427503736921 0.09646662927650028 0.19133034379671152
2 0.2798653954010095 0.507847533632287 0.09646662927650028 0.14723467862481315
2 0.22686483454851375 0.7107623318385651 0.20695457094784073 0.14050822122571002
2 0.5689848569826136 0.47197309417040356 0.4559730790802019 0.6195814648729447
2 0.7061132922041503 0.2795216741405082 0.17386427369601795 0.23467862481315396
2 0.8819405496354459 0.31913303437967117 0.15086932136848008 0.32286995515695066
2 0.8813796971396523 0.6393871449925261 0.15984296130117778 0.2907324364723468
2 0.7891194615816041 0.8340807174887892 0.33987661245092543 0.08819133034379671
2 0.07627593942793046 0.3508968609865471 0.06842400448681997 0.1412556053811659
0 0.07375210319685922 0.46524663677130046 0.04767246214245653 0.06801195814648729
0 0.08945597307908021 0.7428998505231689 0.06001121704991587 0.09417040358744394
0 0.14554122265844083 0.093796711509716 0.06786315199102635 0.07847533632286996
0 0.3606281547952888 0.1218236173393124 0.054963544587773416 0.08520179372197309
0 0.3104318564217611 0.19544095665171898 0.061132922041503085 0.07100149476831091
0 0.769209197980931 0.3725710014947683 0.061132922041503085 0.09342301943198804
0 0.8222097588334268 0.44730941704035876 0.06169377453729669 0.06950672645739911
0 0.8208076275939428 0.5758594917787743 0.0633763320246775 0.06801195814648729
0 0.659562535053281 0.6057548579970105 0.0538418395961862 0.08295964125560538
0 0.7689287717330342 0.8217488789237668 0.05945036455412227 0.08594917787742899
0 0.3095905776780707 0.6976831091180867 0.06169377453729669 0.07100149476831091
0 0.1960179472798654 0.6618086696562033 0.055524397083567024 0.07548579970104634
0 0.0973079080201907 0.7399103139013453 0.05440269209197981 0.06726457399103139
0 0.20386988222097588 0.5396113602391629 0.06001121704991587 0.08221225710014948
1 0.44139091418956816 0.1517189835575486 0.08300616937745373 0.014947683109118086
1 0.5316881660123387 0.15695067264573992 0.08637128435221536 0.02092675635276532
1 0.6890072910824453 0.15582959641255606 0.08356702187324734 0.01868460388639761
1 0.8631519910263601 0.15396113602391628 0.07627593942793046 0.01046337817638266
1 0.8681996634885025 0.7877428998505231 0.08524957936062816 0.017937219730941704
1 0.663768928771733 0.7892376681614349 0.030846887268648347 0.016442451420029897
1 0.5403813796971396 0.7884902840059791 0.09590577678070668 0.017937219730941704
1 0.21733034212002245 0.7862481315396114 0.08244531688166012 0.016442451420029897
1 0.2220975883342681 0.1554559043348281 0.08300616937745373 0.014947683109118086