2 0.10471070148489503 0.20920303605313093 0.09472606246799795 0.17172675521821631
2 0.22452636968766002 0.2030360531309298 0.12544802867383512 0.17647058823529413
2 0.17127496159754224 0.43975332068311196 0.22478238607270865 0.27419354838709675
2 0.17255504352278545 0.7039848197343453 0.2304147465437788 0.22580645161290322
2 0.3527905785970302 0.784629981024668 0.11674347158218126 0.056925996204933584
2 0.532258064516129 0.4985768500948767 0.4756784434203789 0.6366223908918406
2 0.3561187916026626 0.2310246679316888 0.11930363543266768 0.21537001897533206
2 0.3384536610343062 0.409392789373814 0.08806963645673323 0.11859582542694497
2 0.5980542754736303 0.47296015180265655 0.34613415258576546 0.6973434535104365
2 0.857910906298003 0.5806451612903226 0.16436251920122888 0.47438330170777987
1 0.5867895545314901 0.8349146110056926 0.2160778289810548 0.04364326375711575
1 0.7788018433179723 0.23387096774193547 0.026625704045058884 0.12808349146110057
1 0.953405017921147 0.5374762808349146 0.023553507424475168 0.1888045540796964
0 0.7954429083461342 0.448292220113852 0.051715309779825906 0.09013282732447818
0 0.4393241167434716 0.24146110056925996 0.04915514592933948 0.09013282732447818
0 0.17946748591909883 0.23671726755218217 0.057859703020993344 0.08444022770398482
0 0.3118279569892473 0.23529411764705882 0.059395801331285206 0.07969639468690702
0 0.268305171530978 0.534629981024668 0.05325140809011777 0.08444022770398482
0 0.35970302099334356 0.523719165085389 0.04352278545826933 0.09297912713472485
0 0.33922171018945213 0.7058823529411765 0.053763440860215055 0.10436432637571158
0 0.3389656938044035 0.8837760910815939 0.05222734254992319 0.13946869070208728
0 0.26907322068612394 0.644212523719165 0.05273937532002048 0.09487666034155598
1 0.13568868407578086 0.1015180265654649 0.03277009728622632 0.04364326375711575
1 0.2268305171530978 0.10009487666034156 0.10240655401945725 0.04269449715370019
1 0.3187403993855607 0.1038899430740038 0.04864311315924219 0.04079696394686907
1 0.04787506400409626 0.5056925996204934 0.022017409114183307 0.14231499051233396
1 0.04659498207885305 0.6641366223908919 0.02048131080389145 0.13092979127134724