2 0.1477438136826783 0.28967576791808874 0.2561863173216885 0.28071672354948807
2 0.08478893740902474 0.6343856655290102 0.14192139737991266 0.3984641638225256
2 0.08551673944687045 0.8754266211604096 0.14192139737991266 0.05631399317406143
2 0.3609898107714702 0.2901023890784983 0.13682678311499272 0.29180887372013653
2 0.3660844250363901 0.5823378839590444 0.13100436681222707 0.27559726962457337
2 0.36790393013100436 0.8118600682593856 0.12008733624454149 0.17320819112627986
2 0.23180494905385735 0.8165529010238908 0.13027656477438138 0.17235494880546076
2 0.21797671033478894 0.6168941979522184 0.1477438136826783 0.19965870307167236
2 0.21615720524017468 0.4782423208191126 0.14847161572052403 0.07252559726962457
2 0.6746724890829694 0.49573378839590443 0.42212518195050946 0.689419795221843
2 0.7893013100436681 0.5994027303754266 0.1812227074235808 0.09300341296928327
2 0.7481804949053857 0.7819965870307167 0.26200873362445415 0.2431740614334471
2 0.7987627365356623 0.07465870307167236 0.16229985443959244 0.128839590443686
2 0.3446142649199418 0.07081911262798635 0.16957787481804948 0.13651877133105803
1 0.1743085880640466 0.14206484641638226 0.06477438136826782 0.016211604095563138
1 0.5826055312954876 0.14675767918088736 0.13901018922852984 0.017064846416382253
1 0.7558224163027657 0.908703071672355 0.11426491994177583 0.020477815699658702
1 0.3460698689956332 0.9074232081911263 0.03857350800582242 0.02303754266211604
1 0.2765647743813683 0.9099829351535836 0.040756914119359534 0.016211604095563138
1 0.7558224163027657 0.14590443686006827 0.06622998544395925 0.01877133105802048
0 0.10844250363901019 0.1416382252559727 0.06695778748180495 0.13822525597269625
0 0.3573508005822416 0.11988054607508532 0.053857350800582245 0.0810580204778157
0 0.8245997088791849 0.14675767918088736 0.05822416302765648 0.14334470989761092
0 0.6826783114992722 0.6143344709897611 0.05967976710334789 0.07337883959044368
0 0.6488355167394468 0.677901023890785 0.06186317321688501 0.07935153583617748
0 0.5545851528384279 0.8114334470989761 0.06259097525473072 0.09044368600682594
0 0.5553129548762736 0.9398464163822525 0.06404657933042213 0.0878839590443686
0 0.11717612809315867 0.9368600682593856 0.06695778748180495 0.08873720136518772
0 0.11026200873362445 0.810580204778157 0.06914119359534207 0.08361774744027303
0 0.11717612809315867 0.5503412969283277 0.05822416302765648 0.06484641638225255
0 0.2423580786026201 0.5452218430034129 0.05240174672489083 0.07167235494880546
0 0.314410480349345 0.5593003412969283 0.05822416302765648 0.05546075085324232
0 0.3522561863173217 0.4628839590443686 0.055312954876273655 0.07764505119453925
0 0.2627365356622999 0.6992320819112628 0.049490538573508006 0.06911262798634812
0 0.27983988355167394 0.7640784982935154 0.05604075691411936 0.06228668941979522