2 0.09580979284369115 0.424839596700275 0.09274952919020715 0.692025664527956
2 0.4154896421845574 0.4376718606782768 0.5080037664783428 0.6718606782768103
2 0.23940677966101695 0.6411549037580202 0.1586629001883239 0.2648945921173236
2 0.4837570621468927 0.7002749770852429 0.08898305084745763 0.1613198900091659
2 0.693502824858757 0.692025664527956 0.147834274952919 0.1759853345554537
2 0.7231638418079096 0.5183318056828597 0.08757062146892655 0.1457378551787351
2 0.6805555555555556 0.26306141154903756 0.1709039548022599 0.3281393217231897
2 0.5035310734463276 0.26397800183318054 0.1643126177024482 0.32630614115490375
1 0.22339924670433145 0.08020164986251145 0.09463276836158192 0.03758020164986251
1 0.3549905838041431 0.0847846012832264 0.0423728813559322 0.03391384051329056
1 0.5315442561205274 0.08340971585701192 0.0687382297551789 0.034830430797433545
1 0.7142184557438794 0.0843263061411549 0.06685499058380415 0.03299725022914757
1 0.150894538606403 0.19523373052245646 0.017419962335216574 0.19798350137488543
1 0.15207156308851225 0.6278643446379468 0.0160075329566855 0.1228230980751604
0 0.15419020715630885 0.4399633363886343 0.0955743879472693 0.08982584784601283
0 0.4818738229755179 0.39321723189734187 0.043785310734463276 0.09165902841429881
0 0.525894538606403 0.6393217231897342 0.05084745762711865 0.076076993583868
0 0.6501883239171374 0.47204399633363886 0.04143126177024482 0.09532538955087076
0 0.6487758945386064 0.5600366636113657 0.04519774011299435 0.07516040329972502
0 0.7019774011299436 0.6443629697525206 0.03954802259887006 0.09532538955087076
0 0.5925141242937854 0.7928505957836847 0.05696798493408663 0.20531622364802934