2 0.7234657039711191 0.79 0.23104693140794225 0.24266666666666667
2 0.5397111913357401 0.8263333333333334 0.11624548736462094 0.17
2 0.7021660649819494 0.5666666666666667 0.2808664259927798 0.16933333333333334
2 0.5115523465703972 0.5983333333333334 0.07436823104693141 0.11533333333333333
2 0.49097472924187724 0.393 0.7075812274368231 0.6926666666666667
2 0.9151624548736462 0.26066666666666666 0.11335740072202166 0.43333333333333335
2 0.32454873646209387 0.16766666666666666 0.3747292418772563 0.258
0 0.36462093862815886 0.26766666666666666 0.07509025270758123 0.07666666666666666
0 0.8487364620938628 0.249 0.13646209386281588 0.06066666666666667
0 0.4335740072202166 0.7483333333333333 0.059927797833935016 0.13266666666666665
0 0.5227436823104693 0.6753333333333333 0.046209386281588445 0.04666666666666667
0 0.5768953068592058 0.6766666666666666 0.036101083032490974 0.04666666666666667
0 0.628158844765343 0.693 0.06787003610108304 0.05
0 0.532129963898917 0.7233333333333334 0.03898916967509025 0.050666666666666665
1 0.12382671480144404 0.37833333333333335 0.022382671480144403 0.13533333333333333
1 0.12238267148014441 0.586 0.022382671480144403 0.13466666666666666
1 0.27075812274368233 0.035333333333333335 0.09819494584837545 0.012
1 0.3855595667870036 0.039 0.10108303249097472 0.019333333333333334