2 0.35957532051282054 0.16319444444444445 0.2520032051282051 0.28044871794871795
2 0.36017628205128205 0.42280982905982906 0.24439102564102563 0.21955128205128205
2 0.26782852564102566 0.5801282051282052 0.045272435897435896 0.08012820512820513
2 0.3233173076923077 0.5844017094017094 0.057692307692307696 0.07905982905982906
2 0.3605769230769231 0.6658653846153846 0.24519230769230768 0.2516025641025641
2 0.5799278846153846 0.42120726495726496 0.12379807692307693 0.22275641025641027
2 0.7061298076923077 0.4230769230769231 0.11017628205128205 0.21474358974358973
2 0.6428285256410257 0.6688034188034188 0.24959935897435898 0.25
0 0.6973157051282052 0.7729700854700855 0.037259615384615384 0.049145299145299144
0 0.41846955128205127 0.8274572649572649 0.042868589743589744 0.06623931623931624
0 0.3880208333333333 0.3311965811965812 0.042067307692307696 0.05128205128205128
1 0.30869391025641024 0.3095619658119658 0.09014423076923077 0.01655982905982906
1 0.4322916666666667 0.31169871794871795 0.052083333333333336 0.012286324786324786
1 0.5899439102564102 0.3060897435897436 0.09174679487179487 0.014957264957264958
1 0.6971153846153846 0.3090277777777778 0.08253205128205128 0.011217948717948718
1 0.6203926282051282 0.7999465811965812 0.06770833333333333 0.014423076923076924
1 0.3379407051282051 0.7967414529914529 0.07491987179487179 0.01655982905982906
0 0.3717948717948718 0.5707799145299145 0.03926282051282051 0.045405982905982904