2 0.5034653465346535 0.05841584158415842 0.3207920792079208 0.07854785478547854
2 0.5042079207920792 0.3184818481848185 0.31336633663366337 0.42574257425742573
2 0.47648514851485146 0.5834983498349835 0.0797029702970297 0.3102310231023102
2 0.4777227722772277 0.7841584158415842 0.08217821782178218 0.06996699669966996
2 0.38762376237623763 0.7425742574257426 0.08118811881188119 0.15973597359735975
2 0.3883663366336634 0.597029702970297 0.0797029702970297 0.11023102310231023
2 0.592079207920792 0.6785478547854785 0.13465346534653466 0.2838283828382838
2 0.5591584158415842 0.48250825082508253 0.06287128712871287 0.08976897689768977
2 0.6267326732673267 0.48118811881188117 0.06732673267326733 0.09108910891089109
0 0.45272277227722774 0.47161716171617163 0.05495049504950495 0.06402640264026403
0 0.5054455445544555 0.49603960396039604 0.04455445544554455 0.056105610561056105
0 0.4915841584158416 0.40165016501650164 0.047524752475247525 0.07062706270627063
0 0.4943069306930693 0.07293729372937294 0.04405940594059406 0.06798679867986798
0 0.6396039603960396 0.5551155115511551 0.039603960396039604 0.062046204620462043
0 0.5428217821782179 0.6178217821782178 0.05891089108910891 0.06072607260726073
0 0.4680693069306931 0.7696369636963697 0.05 0.06996699669966996
0 0.4675742574257426 0.8564356435643564 0.05099009900990099 0.07194719471947195
0 0.40668316831683166 0.6755775577557755 0.03712871287128713 0.048184818481848184
0 0.4136138613861386 0.7059405940594059 0.04504950495049505 0.04686468646864687
1 0.38143564356435644 0.8260726072607261 0.04405940594059406 0.011221122112211221
1 0.5846534653465346 0.8267326732673267 0.09900990099009901 0.0165016501650165
1 0.4178217821782178 0.10264026402640264 0.07821782178217822 0.0165016501650165
1 0.5527227722772278 0.10363036303630363 0.06386138613861386 0.014521452145214522
1 0.623019801980198 0.10198019801980197 0.06485148514851485 0.013861386138613862