2 0.26336173508907823 0.08865248226950355 0.41053446940356314 0.1095350669818755
2 0.7281177381874516 0.09259259259259259 0.41673121611154146 0.11268715524034673
2 0.8443067389620449 0.31599684791174154 0.17970565453137102 0.3136327817178881
2 0.6305189775367932 0.3148148148148148 0.21533694810224632 0.3112687155240347
2 0.6673121611154144 0.5472813238770685 0.28737412858249417 0.1347517730496454
2 0.8776142525174283 0.5480693459416863 0.11309062742060419 0.13947990543735225
2 0.8412083656080558 0.7576832151300237 0.19054996127033308 0.26556343577620173
2 0.5793958171959721 0.6800630417651694 0.11309062742060419 0.11189913317572892
2 0.632842757552285 0.7572892040977147 0.21533694810224632 0.2647754137115839
2 0.3721920991479473 0.7549251379038613 0.20681642137877615 0.27423167848699764
2 0.266847405112316 0.47123719464145 0.40821068938807126 0.6178092986603625
2 0.2203718048024787 0.8416075650118203 0.07203718048024788 0.09771473601260836
2 0.11425251742835012 0.8439716312056738 0.1123160340821069 0.09456264775413711
1 0.13710302091402013 0.15563435776201734 0.10534469403563129 0.019700551615445233
1 0.36289697908597984 0.1524822695035461 0.13555383423702555 0.019700551615445233
1 0.6177381874515879 0.1536643026004728 0.11386522075910147 0.017336485421591805
1 0.832300542215337 0.1536643026004728 0.13245546088303642 0.014184397163120567
0 0.7072037180480247 0.1773049645390071 0.06506584043377227 0.06304176516942474
0 0.23818745158791635 0.17888100866824272 0.054996127033307515 0.06619385342789598
0 0.7122385747482571 0.4582348305752561 0.042602633617350893 0.04964539007092199
0 0.778853601859024 0.46059889676910953 0.048799380325329204 0.054373522458628844
0 0.7823392718822618 0.6394799054373522 0.044926413632842756 0.06067769897557131
0 0.686289697908598 0.6347517730496454 0.048024786986831915 0.0512214342001576
0 0.8071262587141751 0.5563435776201734 0.05886909372579396 0.04728132387706856
0 0.14523625096824166 0.7698975571315997 0.056545313710302095 0.06461780929866036
0 0.21959721146398142 0.8081166272655634 0.05809450038729667 0.0591016548463357
0 0.22269558481797055 0.9180457052797478 0.056545313710302095 0.06934594168636722
0 0.6061192873741286 0.7639873916469662 0.051897753679318356 0.054373522458628844
1 0.6758326878388846 0.8959810874704491 0.061192873741285826 0.015760441292356184
1 0.8168086754453912 0.8971631205673759 0.12780790085205268 0.01182033096926714
1 0.35592563903950425 0.8987391646966115 0.11541440743609604 0.02127659574468085