2 0.47832980972515854 0.5021514629948365 0.5972515856236786 0.7839931153184165
2 0.346723044397463 0.7474182444061962 0.3298097251585624 0.26592082616179
2 0.2822410147991543 0.5684165232358004 0.20930232558139536 0.076592082616179
2 0.4571881606765328 0.5679862306368331 0.11522198731501057 0.07056798623063683
2 0.7943974630021141 0.7302065404475043 0.20190274841437633 0.29345955249569705
2 0.8409090909090909 0.544750430292599 0.11522198731501057 0.07056798623063683
2 0.8372093023255814 0.382960413080895 0.10993657505285412 0.22203098106712565
2 0.8345665961945031 0.18588640275387264 0.1109936575052854 0.1514629948364888
1 0.622093023255814 0.10240963855421686 0.1109936575052854 0.025817555938037865
1 0.3054968287526427 0.10240963855421686 0.11416490486257928 0.024096385542168676
1 0.44238900634249473 0.8889845094664371 0.13636363636363635 0.020654044750430294
1 0.7600422832980972 0.8902753872633391 0.11416490486257928 0.028399311531841654
0 0.4571881606765328 0.09939759036144578 0.0919661733615222 0.14888123924268504
0 0.5512684989429175 0.5856282271944923 0.07293868921775898 0.05421686746987952
0 0.28964059196617337 0.637263339070568 0.06553911205073996 0.05249569707401033
0 0.4857293868921776 0.7134251290877797 0.08773784355179703 0.07056798623063683
0 0.7341437632135307 0.5499139414802066 0.07293868921775898 0.0757314974182444
0 0.75 0.47030981067125643 0.06659619450317125 0.050774526678141134
0 0.8530655391120507 0.6049913941480206 0.0507399577167019 0.06196213425129088
0 0.5676532769556025 0.7999139414802066 0.07399577167019028 0.06282271944922548
0 0.5813953488372093 0.9264199655765921 0.07822410147991543 0.06454388984509467