2 0.5012285012285013 0.26647909967845657 0.9631449631449631 0.5152733118971061
2 0.475020475020475 0.4883440514469453 0.19492219492219492 0.1937299035369775
2 0.14455364455364456 0.430064308681672 0.13513513513513514 0.13504823151125403
0 0.10892710892710893 0.3846463022508039 0.055692055692055695 0.07315112540192927
0 0.029074529074529076 0.3858520900321543 0.04504504504504504 0.05466237942122187
0 0.052825552825552825 0.41961414790996787 0.04832104832104832 0.06752411575562701
0 0.4795249795249795 0.3629421221864952 0.10728910728910729 0.07797427652733119
0 0.9131859131859131 0.4795016077170418 0.04914004914004914 0.0747588424437299
0 0.9009009009009009 0.8303858520900321 0.05733005733005733 0.06752411575562701
0 0.9537264537264537 0.969855305466238 0.04504504504504504 0.05064308681672026
1 0.5565110565110565 0.01045016077170418 0.07780507780507781 0.017684887459807074
1 0.7911547911547911 0.008440514469453377 0.08026208026208026 0.01527331189710611
1 0.3976248976248976 0.3846463022508039 0.030303030303030304 0.021704180064308683
1 0.5552825552825553 0.38263665594855306 0.021294021294021293 0.017684887459807074
1 0.579033579033579 0.4284565916398714 0.013104013104013105 0.05787781350482315
1 0.3665028665028665 0.4320739549839228 0.025389025389025387 0.058681672025723476
1 0.8415233415233415 0.5044212218649518 0.04668304668304668 0.01527331189710611
1 0.8755118755118755 0.4995980707395498 0.036036036036036036 0.02491961414790997
1 0.9582309582309583 0.4320739549839228 0.03931203931203931 0.03456591639871383
1 0.8493038493038493 0.8508842443729904 0.0687960687960688 0.02491961414790997