2 0.25426944971537 0.20226308345120225 0.4376976597090449 0.3422913719943423
0 0.2726122707147375 0.28677510608203677 0.043010752688172046 0.0586987270155587
0 0.3545224541429475 0.34193776520509195 0.07906388361796332 0.06718528995756719
0 0.3371283997469956 0.40523338048090524 0.056925996204933584 0.0594059405940594
2 0.357685009487666 0.4243281471004243 0.25363693864642634 0.08628005657708628
1 0.26091081593927895 0.37906647807637905 0.02340290955091714 0.011315417256011316
1 0.396584440227704 0.37942008486562945 0.026565464895635674 0.009193776520509194
1 0.4857685009487666 0.15381895332390383 0.013915243516761544 0.09688826025459689
1 0.48323845667299176 0.2690947666195191 0.010120177103099304 0.038896746817538894
1 0.03225806451612903 0.2072135785007072 0.013915243516761544 0.1867043847241867
1 0.5679949399114484 0.38083451202263086 0.04554079696394687 0.019094766619519095
1 0.7207463630613535 0.38048090523338046 0.11954459203036052 0.019801980198019802
1 0.9794433902593296 0.12942008486562942 0.009487666034155597 0.04667609618104668
1 0.786527514231499 0.5912305516265912 0.015812776723592662 0.055162659123055166
1 0.3083491461100569 0.6997878359264498 0.012017710309930424 0.034653465346534656
1 0.30676786843769766 0.8083451202263083 0.01644528779253637 0.05233380480905234
1 0.5164452877925364 0.865983026874116 0.07147375079063883 0.01768033946251768
2 0.6660341555977229 0.2043847241867044 0.2719797596457938 0.3422913719943423
2 0.8905755850727388 0.3026874115983027 0.15939278937381404 0.1456859971711457
2 0.8630613535736875 0.12835926449787835 0.10056925996204934 0.18316831683168316
2 0.948134092346616 0.13366336633663367 0.056925996204933584 0.19236209335219237
0 0.8247944339025933 0.08345120226308345 0.05945604048070841 0.05233380480905234
0 0.9174573055028463 0.09971711456859972 0.10183428209993675 0.0594059405940594
0 0.823213156230234 0.29066478076379065 0.053763440860215055 0.05091937765205092
0 0.8409234661606578 0.3811881188118812 0.053763440860215055 0.11315417256011315
0 0.6780518659076534 0.564002828854314 0.06325110689437065 0.05021216407355021
0 0.6451612903225806 0.6128005657708628 0.06957621758380772 0.06718528995756719
0 0.5246679316888045 0.6036067892503536 0.061353573687539534 0.060113154172560114
2 0.7862112586970272 0.42715700141442714 0.16824794433902593 0.07779349363507779
2 0.43010752688172044 0.5721357850070722 0.23402909550917142 0.11598302687411598
2 0.5860215053763441 0.5739038189533239 0.06514864010120178 0.11951909476661952
2 0.3937381404174573 0.695898161244696 0.15749525616698293 0.10608203677510608
2 0.3757115749525617 0.8051626591230552 0.12144212523719165 0.10396039603960396
2 0.5268817204301075 0.7553041018387553 0.18089816571790007 0.2065063649222065
2 0.6584440227703985 0.6948373408769448 0.05439595192915876 0.3246110325318246
2 0.7397216951296648 0.5997171145685997 0.07906388361796332 0.13437057991513437
2 0.7397216951296648 0.7065063649222065 0.0866540164452878 0.04809052333804809
2 0.7321315623023403 0.8016265912305516 0.09297912713472485 0.10537482319660538
2 0.611954459203036 0.9218528995756718 0.1752055660974067 0.09123055162659123
0 0.4952561669829222 0.7043847241867044 0.056925996204933584 0.05799151343705799
0 0.6679316888045541 0.7079207920792079 0.05945604048070841 0.06082036775106082
0 0.6426312460468058 0.806930693069307 0.07210626185958255 0.0594059405940594
0 0.6612903225806451 0.8935643564356436 0.061353573687539534 0.08557284299858557