1 0.08141403320835565 0.17798302546180728 0.03802892340653455 0.012481278082875686
1 0.12265666845206213 0.17898152770843734 0.04017139796464917 0.0074887668497254116
1 0.1680503481521157 0.17723414877683474 0.04151044456347081 0.010983524712930605
1 0.2129084092126406 0.17773339990014977 0.04552758435993572 0.00998502246630055
1 0.25415104445634706 0.1797304043934099 0.036957686127477234 0.010983524712930605
1 0.046197107659346544 0.26834747878182724 0.004017139796464917 0.13330004992511232
1 0.04633101231922871 0.49675486769845234 0.005356186395286556 0.18372441337993012
1 0.07873594001071238 0.7568647029455816 0.0048205677557579 0.18472291562656015
1 0.059319764327798605 0.6265601597603595 0.022228173540439208 0.013979031452820768
1 0.28561863952865557 0.7745881178232651 0.0045527584359935725 0.042436345481777334
1 0.46170326727370115 0.4236145781328008 0.0048205677557579 0.02745881178232651
1 0.6056507766470273 0.18846729905142287 0.025977504017139795 0.011482775836245632
1 0.6384574183181575 0.18597104343484772 0.029994643813604713 0.018472291562656017
1 0.6669791108730584 0.18597104343484772 0.028119978575254417 0.016475287069395907
1 0.6963042313872523 0.1854717923115327 0.02678093197643278 0.017473789316025962
1 0.812131762185324 0.3037943085371942 0.04954472415640064 0.012481278082875686
1 0.8948848419925013 0.3057913130304543 0.04472415640064274 0.011482775836245632
1 0.8861810391001607 0.7134298552171743 0.03535083020889127 0.014977533699450823
1 0.8053026245313337 0.7134298552171743 0.04874129619710766 0.016974538192710935
1 0.7686127477236208 0.7456315526709935 0.008034279592929834 0.032451323015476784
1 0.7482592394215318 0.8861707438841737 0.029994643813604713 0.01597603594608088
1 0.5433851098018211 0.7538691962056915 0.007498660953401178 0.16375436844732902
2 0.25415104445634706 0.5336994508237644 0.41831815747188 0.7189216175736396
2 0.3291376539903589 0.6739890164752871 0.08355650776647028 0.10883674488267599
2 0.2666041778253883 0.8479780329505742 0.03883235136582753 0.09236145781328008
2 0.2202731655061596 0.8437343984023964 0.046866630958757365 0.07888167748377434
2 0.6547937868237814 0.31328007988017975 0.2196036422067488 0.2381427858212681
2 0.3434654525977504 0.09985022466300549 0.22897696839850026 0.14078881677483773
2 0.5166041778253884 0.44857713429855217 0.047670058918050345 0.31203195207189216
2 0.6076593465452598 0.5424363454817773 0.12640599892876273 0.19720419370943584
2 0.6116764863417247 0.7588617074388417 0.1280128548473487 0.22865701447828257
2 0.7221478307445099 0.8287568647029456 0.09292983395822174 0.10584123814278582
2 0.7891001606855919 0.5379430853719421 0.23219068023567221 0.4857713429855217
2 0.9313069094804499 0.49925112331502747 0.03883235136582753 0.07388916625062407
2 0.9065345474022496 0.6303045431852222 0.08837707552222818 0.1582626060908637
2 0.9066684520621318 0.37743384922616074 0.08703802892340654 0.14977533699450823
0 0.5403053026245314 0.40014977533699453 0.07632565613283342 0.07738392411382926
0 0.5409748259239422 0.509236145781328 0.0723085163363685 0.07888167748377434
0 0.6942956614890198 0.41937094358462307 0.03347616497054098 0.06889665501747379
0 0.7824049276914836 0.3624563155267099 0.0356186395286556 0.06490264603095357
0 0.6893411890733797 0.5491762356465302 0.04231387252276379 0.06390414378432352
0 0.6849223352972683 0.7413879181228158 0.03615425816818425 0.06090863704443335
0 0.7291108730583824 0.752621068397404 0.03347616497054098 0.06640039940089865
0 0.8801553294054633 0.5616575137294059 0.032940546331012316 0.06590114827758363
0 0.8972951258703803 0.49500748876684975 0.03615425816818425 0.06739890164752871
0 0.8801553294054633 0.43185222166749876 0.03026245313336904 0.05591612581128307
0 0.3294054633101232 0.5978532201697454 0.02945902517407606 0.06140788816774838
0 0.32712908409212643 0.7363954068896655 0.0356186395286556 0.10584123814278582
0 0.2675415104445635 0.6532700948577135 0.027316550615961437 0.04742885671492761
0 0.2775843599357258 0.6972041937094359 0.0356186395286556 0.04742885671492761
0 0.2711569362613819 0.3057913130304543 0.04418853776111409 0.04343484772840739
0 0.18813604713444027 0.7758362456315526 0.02544188537761114 0.044932601098352475
0 0.22978039635779324 0.792061907139291 0.02678093197643278 0.04742885671492761
0 0.25843599357257635 0.7900649026460309 0.018746652383502947 0.04343484772840739