2 0.5481283422459893 0.25 0.3622994652406417 0.40594744121715076
2 0.5574866310160428 0.5148686030428768 0.2179144385026738 0.12655601659751037
2 0.8165106951871658 0.37793914246196403 0.1731283422459893 0.15006915629322268
2 0.8178475935828877 0.16804979253112035 0.15842245989304812 0.24343015214384509
1 0.9087566844919787 0.1590594744121715 0.02339572192513369 0.08298755186721991
1 0.8419117647058824 0.4661134163208852 0.05414438502673797 0.029045643153526972
1 0.36764705882352944 0.25103734439834025 0.02807486631016043 0.1037344398340249
1 0.5030080213903744 0.04529737206085754 0.07553475935828877 0.029737206085753802
0 0.7008689839572193 0.4135546334716459 0.02339572192513369 0.027662517289073305
0 0.5818850267379679 0.5982019363762102 0.09157754010695188 0.051175656984785614
0 0.5772058823529411 0.4664591977869986 0.08221925133689839 0.0338865836791148