2 0.47992700729927007 0.14220939818631492 0.816301703163017 0.18549051937345423
2 0.48418491484184917 0.56760098928277 0.8248175182481752 0.6207749381698269
2 0.6265206812652068 0.798845836768343 0.11435523114355231 0.15993404781533388
2 0.7311435523114356 0.7077493816982687 0.30170316301703165 0.26957955482275353
0 0.4586374695863747 0.21516900247320692 0.11678832116788321 0.09727947238252267
0 0.5249391727493917 0.6710634789777411 0.11557177615571776 0.07089859851607584
0 0.5145985401459854 0.7881286067600989 0.13381995133819952 0.07089859851607584
0 0.4586374695863747 0.9286892003297609 0.11435523114355231 0.10140148392415499
1 0.791970802919708 0.8689200329760923 0.20194647201946472 0.0247320692497939
1 0.73661800486618 0.24567188788128608 0.15693430656934307 0.021434460016488046
1 0.2591240875912409 0.2436108821104699 0.20194647201946472 0.025556471558120363