2 0.9009200283085633 0.4292573623559539 0.09907997169143666 0.16965428937259924
2 0.7537154989384289 0.42893725992317544 0.1599433828733192 0.16517285531370038
2 0.8163481953290871 0.20774647887323944 0.2781316348195329 0.24903969270166454
2 0.4883227176220807 0.5028809218950064 0.34253361641896674 0.8367477592829705
2 0.4221514508138712 0.6206786171574904 0.20736022646850671 0.1939820742637644
2 0.4196744515215853 0.8265044814340589 0.21231422505307856 0.18309859154929578
2 0.16878980891719744 0.6222791293213829 0.2526539278131635 0.5813060179257362
0 0.30042462845010615 0.45838668373879643 0.05307855626326964 0.08706786171574904
0 0.3043170559094126 0.8056978233034571 0.06086341118188252 0.09282970550576185
0 0.36694975230007076 0.7391165172855314 0.0686482661004954 0.03649167733674776
0 0.16100495399858458 0.9433418693982074 0.07147912243453644 0.045454545454545456
0 0.775654635527247 0.5380921895006402 0.09058740268931352 0.06081946222791293
0 0.8368719037508846 0.4507042253521127 0.05307855626326964 0.07042253521126761
1 0.03078556263269639 0.44238156209987195 0.02335456475583864 0.10243277848911651
1 0.03255484784147204 0.5928297055057619 0.02689313517338995 0.176696542893726
1 0.1886058032554848 0.31978233034571063 0.16772823779193205 0.02496798975672215
1 0.3067940552016985 0.5998719590268886 0.01910828025477707 0.06530089628681178
1 0.02937013446567587 0.8066581306017926 0.02335456475583864 0.17413572343149808
1 0.23779193205944799 0.9346991037131882 0.050955414012738856 0.01792573623559539
1 0.4062278839348903 0.9327784891165173 0.09766454352441614 0.026888604353393086
1 0.5774946921443737 0.9321382842509603 0.09058740268931352 0.03585147247119078
1 0.30820948336871906 0.2026248399487836 0.024769992922859165 0.08770806658130602
1 0.49150743099787686 0.0736235595390525 0.10261854210898796 0.029449423815621
1 0.8121019108280255 0.07458386683738796 0.0927105449398443 0.02112676056338028
0 0.6592356687898089 0.2704865556978233 0.051663128096249115 0.09923175416133162