2 0.23872812920592193 0.15549169859514686 0.08580080753701211 0.16794380587484037
2 0.31292059219380886 0.14016602809706258 0.07065948855989233 0.15261813537675606
2 0.4158815612382234 0.14782886334610473 0.1325706594885599 0.15772669220945082
2 0.33630551816958276 0.7962962962962963 0.11877523553162854 0.17496807151979565
2 0.12634589502018842 0.7231800766283525 0.08781965006729475 0.30715197956577267
2 0.1933041722745626 0.388250319284802 0.22039030955585465 0.33077905491698595
2 0.2032301480484522 0.43454661558109836 0.06729475100942127 0.09514687100893997
2 0.26850605652759085 0.43582375478927204 0.06191117092866756 0.09770114942528736
2 0.2224091520861373 0.5954661558109834 0.10026917900403769 0.20881226053639848
2 0.33277254374158816 0.5482120051085568 0.11036339165545088 0.29310344827586204
2 0.44565948855989235 0.5836526181353767 0.11541049798115748 0.23754789272030652
2 0.4433041722745626 0.34642401021711366 0.12685060565275907 0.22669220945083013
2 0.6914535666218035 0.5884418901660281 0.12920592193808883 0.21264367816091953
2 0.7853297442799462 0.7707535121328225 0.1117092866756393 0.13154533844189017
2 0.857335127860027 0.5603448275862069 0.19448183041722747 0.2611749680715198
2 0.7173620457604307 0.4351851851851852 0.058546433378196504 0.07854406130268199
2 0.656628532974428 0.4332694763729246 0.05753701211305518 0.0772669220945083
2 0.5778936742934051 0.4332694763729246 0.08310901749663527 0.08492975734355045
2 0.6966689098250336 0.1724137931034483 0.09253028263795424 0.194125159642401
2 0.7698519515477793 0.13665389527458494 0.052489905787348586 0.13793103448275862
2 0.7444481830417228 0.2429757343550447 0.42833109017496634 0.3505747126436782
1 0.2611036339165545 0.06577266922094509 0.03297442799461642 0.016602809706257982
1 0.3203230148048452 0.06194125159642401 0.03230148048452221 0.021711366538952746
1 0.382907133243607 0.06385696040868455 0.02826379542395693 0.022988505747126436
1 0.484185733512786 0.303639846743295 0.006729475100942127 0.10664112388250319
1 0.5068977119784657 0.5814176245210728 0.008411843876177659 0.09897828863346105
1 0.43203230148048455 0.7075351213282248 0.05652759084791386 0.017879948914431672
1 0.3063593539703903 0.7056194125159643 0.05484522207267833 0.02681992337164751
1 0.2414199192462988 0.7056194125159643 0.05282637954239569 0.016602809706257982
1 0.6228129205921938 0.5996168582375478 0.008075370121130552 0.06513409961685823
1 0.6884253028263796 0.70242656449553 0.05585464333781965 0.017879948914431672
1 0.8924966352624495 0.7030651340996169 0.055518169582772545 0.016602809706257982
1 0.9618102288021534 0.5715197956577267 0.007738896366083445 0.10600255427841634
1 0.9377523553162853 0.29725415070242656 0.006056527590847914 0.1040868454661558
1 0.8381561238223418 0.06385696040868455 0.021534320323014805 0.01532567049808429
1 0.7760767160161507 0.06896551724137931 0.023216689098250337 0.02554278416347382
1 0.6996971736204576 0.06641123882503193 0.05349932705248991 0.017879948914431672
1 0.6475437415881561 0.1446360153256705 0.0070659488559892325 0.04661558109833972
1 0.5827725437415882 0.22030651340996169 0.034993270524899055 0.020434227330779056
0 0.27893674293405113 0.17049808429118773 0.04104979811574697 0.06257982120051085
0 0.34135262449528936 0.1545338441890166 0.02860026917900404 0.05108556832694764
0 0.38896366083445494 0.32503192848020435 0.039030955585464336 0.0561941251596424
0 0.36305518169582773 0.24521072796934865 0.026917900403768506 0.06257982120051085
0 0.2873485868102288 0.3275862068965517 0.03768506056527591 0.06130268199233716
0 0.29576043068640645 0.4763729246487867 0.04172274562584118 0.05874840357598978
0 0.26345895020188426 0.520434227330779 0.03230148048452221 0.06385696040868455
0 0.2193808882907133 0.5054278416347382 0.02557200538358008 0.04661558109833972
0 0.15208613728129206 0.5909961685823755 0.033647375504710635 0.07215836526181353
0 0.0883243606998654 0.7650063856960408 0.038021534320323014 0.06257982120051085
0 0.18304172274562583 0.7490421455938697 0.034993270524899055 0.06002554278416347
0 0.3667563930013459 0.7081736909323116 0.03566621803499327 0.1392081736909323
0 0.3993943472409152 0.5542784163473818 0.039030955585464336 0.06641123882503193
0 0.5810901749663526 0.4099616858237548 0.034320323014804845 0.06896551724137931
0 0.7574024226110363 0.23435504469987228 0.028936742934051143 0.06002554278416347
0 0.7338492597577388 0.2611749680715198 0.033647375504710635 0.0842911877394636
0 0.7203903095558546 0.49712643678160917 0.02759084791386272 0.05810983397190294
0 0.7701884253028264 0.5386334610472542 0.03230148048452221 0.10791826309067688
0 0.8206594885598923 0.7043422733077905 0.03835800807537012 0.13154533844189017
1 0.7747308209959624 0.7056194125159643 0.02187079407806191 0.024265644955300127