2 0.579119850187266 0.0970661672908864 0.31647940074906367 0.13420724094881398
2 0.6900749063670412 0.27153558052434457 0.09269662921348315 0.18102372034956304
2 0.6921816479400749 0.4135455680399501 0.0950374531835206 0.08551810237203496
2 0.6905430711610487 0.5059300873907615 0.09176029962546817 0.08302122347066167
2 0.460440074906367 0.4600499375780275 0.3441011235955056 0.5493133583021224
2 0.6242977528089888 0.6495006242197253 0.21956928838951312 0.1704119850187266
2 0.40215355805243447 0.48626716604244696 0.0898876404494382 0.10486891385767791
2 0.3197565543071161 0.48782771535580527 0.06741573033707865 0.1017478152309613
2 0.37008426966292135 0.6407615480649188 0.15870786516853932 0.182896379525593
2 0.4815074906367041 0.818039950062422 0.14185393258426968 0.13920099875156056
1 0.33590823970037453 0.17852684144818975 0.05571161048689138 0.011235955056179775
1 0.3977059925093633 0.18039950062421972 0.05383895131086142 0.01373283395755306
1 0.5491573033707865 0.17571785268414483 0.06835205992509363 0.016853932584269662
1 0.6114232209737828 0.7443820224719101 0.06741573033707865 0.015605493133583021
1 0.3539325842696629 0.7425093632958801 0.05711610486891386 0.015605493133583021
1 0.2860486891385768 0.6435705368289638 0.015917602996254682 0.10112359550561797
0 0.6750936329588015 0.1544943820224719 0.0449438202247191 0.07178526841448189
0 0.45014044943820225 0.15511860174781522 0.041666666666666664 0.06429463171036205
0 0.6221910112359551 0.3055555555555556 0.052434456928838954 0.06429463171036205
0 0.6676029962546817 0.3448813982521848 0.047752808988764044 0.06554307116104868
0 0.6692415730337079 0.4388264669163546 0.04915730337078652 0.066167290886392
0 0.4353932584269663 0.46878901373283394 0.04868913857677903 0.05742821473158552
0 0.3342696629213483 0.5259051186017478 0.03838951310861423 0.06554307116104868
0 0.43586142322097376 0.5823970037453183 0.05056179775280899 0.062421972534332085
0 0.5365168539325843 0.596441947565543 0.047752808988764044 0.04931335830212235
0 0.48103932584269665 0.7690387016229713 0.04915730337078652 0.062421972534332085