2 0.17006172839506173 0.4156378600823045 0.24012345679012345 0.4905349794238683
2 0.3756172839506173 0.2757201646090535 0.14876543209876544 0.2189300411522634
2 0.4679012345679012 0.6135802469135803 0.09753086419753086 0.14238683127572016
2 0.5632716049382716 0.4148148148148148 0.5216049382716049 0.49382716049382713
2 0.894753086419753 0.41728395061728396 0.11666666666666667 0.497119341563786
0 0.37623456790123455 0.42386831275720166 0.05617283950617284 0.08395061728395062
0 0.27314814814814814 0.48477366255144033 0.07098765432098765 0.08888888888888889
0 0.4697530864197531 0.508641975308642 0.05308641975308642 0.08559670781893004
0 0.345679012345679 0.6753086419753086 0.06049382716049383 0.15720164609053497
0 0.8567901234567902 0.43251028806584363 0.0691358024691358 0.07818930041152264
1 0.04351851851851852 0.31069958847736623 0.014197530864197531 0.16378600823045267
1 0.044753086419753084 0.4868312757201646 0.015432098765432098 0.16049382716049382
1 0.8330246913580247 0.29259259259259257 0.014197530864197531 0.18847736625514402
1 0.8320987654320988 0.5547325102880658 0.012345679012345678 0.1382716049382716