2 0.5201310861423221 0.2853577371048253 0.3155430711610487 0.5166389351081531
2 0.5510299625468165 0.059276206322795344 0.12078651685393259 0.06198003327787022
2 0.5521223470661673 0.1670133111480865 0.12172284644194757 0.14267886855241266
2 0.4037141073657928 0.3302828618968386 0.08395755305867665 0.06821963394342762
2 0.4027777777777778 0.40640599001663896 0.08083645443196005 0.07820299500831947
2 0.39091760299625467 0.4933444259567388 0.06335830212234707 0.08735440931780367
2 0.3929463171036205 0.5809068219633944 0.054307116104868915 0.07695507487520799
2 0.44413233458177276 0.5834026622296173 0.048064918851435705 0.0694675540765391
2 0.4968789013732834 0.5844425956738769 0.048064918851435705 0.06738768718801996
2 0.5677278401997503 0.5547004991680532 0.08739076154806492 0.12936772046589018
2 0.5500936329588015 0.4176372712146423 0.12390761548064919 0.12562396006655574
1 0.5474406991260924 0.09338602329450915 0.05930087390761548 0.012895174708818636
1 0.6368601747815231 0.24105657237936773 0.012796504369538077 0.00956738768718802
1 0.6577715355805244 0.3019966722129784 0.010923845193508116 0.08652246256239601
1 0.6140761548064919 0.4394758735440932 0.010299625468164793 0.08860232945091515
1 0.5717852684144819 0.6229201331114809 0.0599250936329588 0.01788685524126456
1 0.4044943820224719 0.6245840266222962 0.018102372034956304 0.010399334442595673
1 0.44647315855181025 0.6235440931780366 0.019038701622971287 0.010815307820299502
2 0.4332084893882647 0.7624792013311148 0.16729088639200998 0.2687188019966722
2 0.3857677902621723 0.7695507487520798 0.07990012484394507 0.04492512479201331
2 0.3888888888888889 0.6853161397670549 0.07677902621722846 0.10856905158069884
0 0.5009363295880149 0.06842762063227953 0.02746566791510612 0.04367720465890183
0 0.5017166042446941 0.21713810316139767 0.03526841448189763 0.029950083194675542
0 0.4305555555555556 0.3456738768718802 0.030274656679151062 0.03494176372712146
0 0.4533395755305868 0.425540765391015 0.024656679151061175 0.03743760399334443
0 0.5009363295880149 0.42346089850249585 0.033707865168539325 0.03743760399334443
0 0.4034019975031211 0.43136439267886856 0.027153558052434457 0.029950083194675542
0 0.40558676654182274 0.526414309484193 0.024032459425717852 0.029534109816971715
0 0.4556803995006242 0.5343178036605657 0.02184769038701623 0.02870216306156406
0 0.5369850187265918 0.5066555740432612 0.033395755305867664 0.039101497504159734
0 0.499063670411985 0.5653078202995009 0.031210986267166042 0.04159733777038269
0 0.5020287141073658 0.6426788685524126 0.03277153558052434 0.036605657237936774
0 0.42290886392009985 0.6720049916805324 0.04556803995006242 0.05033277870216306
0 0.389669163545568 0.8094841930116472 0.05898876404494382 0.04159733777038269