2 0.7804208600182982 0.159683426443203 0.2891125343092406 0.16666666666666666
2 0.38014638609332113 0.4213221601489758 0.25709057639524246 0.33426443202979517
2 0.5837145471180238 0.521415270018622 0.6733760292772186 0.5493482309124768
2 0.17520585544373285 0.6699255121042831 0.1253430924062214 0.2430167597765363
2 0.1756633119853614 0.46322160148975794 0.1262580054894785 0.14059590316573556
2 0.17337602927721865 0.31145251396648044 0.11985361390667887 0.13128491620111732
1 0.32250686184812444 0.25 0.222323879231473 0.027001862197392923
1 0.7840805123513266 0.25139664804469275 0.12076852698993595 0.020484171322160148
0 0.20677035681610248 0.5702979515828678 0.06404391582799634 0.07541899441340782
0 0.2685269899359561 0.319366852886406 0.07959743824336687 0.06517690875232775
0 0.6742909423604757 0.25 0.08417200365965233 0.1610800744878957
0 0.28865507776761207 0.5675046554934823 0.07044830741079597 0.09031657355679702
0 0.27035681610247025 0.6834264432029795 0.08325709057639524 0.07076350093109869
0 0.28728270814272644 0.8026070763500931 0.07502287282708142 0.1601489757914339