2 0.49951100244498775 0.09745762711864407 0.415158924205379 0.12842242503259452
2 0.5026894865525673 0.4791395045632334 0.4136919315403423 0.6049543676662321
2 0.3723716381418093 0.545632333767927 0.15794621026894864 0.25554106910039115
2 0.35232273838630807 0.7767275097783573 0.1158924205378973 0.1897001303780965
2 0.5645476772616137 0.8383311603650587 0.29095354523227385 0.0938722294654498
2 0.619559902200489 0.7014341590612777 0.16528117359413202 0.1577574967405476
2 0.6180929095354524 0.515645371577575 0.16821515892420538 0.19556714471968709
1 0.40880195599022007 0.17014341590612778 0.12518337408312957 0.01303780964797914
1 0.5970660146699267 0.17242503259452413 0.12811735941320293 0.02151238591916558
1 0.2916870415647922 0.2627118644067797 0.011246943765281174 0.10560625814863103
1 0.2921760391198044 0.6059322033898306 0.012224938875305624 0.07366362451108213
1 0.5735941320293398 0.7910691003911343 0.05672371638141809 0.012385919165580182
0 0.5024449877750611 0.13754889178617993 0.061124694376528114 0.09256844850065189
0 0.5190709046454768 0.4892438070404172 0.05036674816625917 0.056714471968709254
0 0.6816625916870416 0.49445893089960885 0.044009779951100246 0.060625814863103
0 0.441320293398533 0.6111473272490222 0.05036674816625917 0.05410691003911343
0 0.5474327628361858 0.6479791395045632 0.04352078239608802 0.05345501955671447
0 0.4963325183374083 0.8230117340286832 0.05770171149144254 0.0788787483702738
0 0.4354523227383863 0.834419817470665 0.05525672371638142 0.0651890482398957