1 0.43083333333333335 0.028431372549019607 0.065 0.020261437908496733
1 0.16444444444444445 0.15784313725490196 0.008888888888888889 0.0803921568627451
1 0.16416666666666666 0.3454248366013072 0.012777777777777779 0.0803921568627451
1 0.16361111111111112 0.43071895424836604 0.007222222222222222 0.07712418300653595
1 0.2263888888888889 0.6777777777777778 0.03277777777777778 0.011764705882352941
1 0.27444444444444444 0.8045751633986928 0.011111111111111112 0.08366013071895424
1 0.3283333333333333 0.8705882352941177 0.06888888888888889 0.022222222222222223
1 0.3983333333333333 0.8718954248366013 0.06555555555555556 0.018300653594771243
1 0.5647222222222222 0.7408496732026144 0.006111111111111111 0.056862745098039215
1 0.5636111111111111 0.6052287581699346 0.011666666666666667 0.036601307189542485
1 0.5647222222222222 0.4849673202614379 0.011666666666666667 0.03790849673202614
1 0.5647222222222222 0.4147058823529412 0.013888888888888888 0.041176470588235294
1 0.565 0.3359477124183007 0.011111111111111112 0.03529411764705882
2 0.25555555555555554 0.13758169934640524 0.19111111111111112 0.22156862745098038
2 0.45944444444444443 0.134640522875817 0.20222222222222222 0.2196078431372549
2 0.5144444444444445 0.3084967320261438 0.09555555555555556 0.1111111111111111
2 0.3275 0.557843137254902 0.3238888888888889 0.6071895424836601
2 0.5091666666666667 0.8375816993464053 0.10277777777777777 0.0738562091503268
2 0.5041666666666667 0.7222222222222222 0.11277777777777778 0.12156862745098039
2 0.5347222222222222 0.6218954248366013 0.06277777777777778 0.0869281045751634
2 0.5180555555555556 0.46633986928104576 0.09722222222222222 0.19934640522875818
0 0.3283333333333333 0.23039215686274508 0.05333333333333334 0.06470588235294118
0 0.3863888888888889 0.23104575163398694 0.05277777777777778 0.06339869281045751
0 0.5388888888888889 0.3862745098039216 0.034444444444444444 0.048366013071895426
0 0.47444444444444445 0.5581699346405229 0.06666666666666667 0.06013071895424837
0 0.47055555555555556 0.6862745098039216 0.07111111111111111 0.08496732026143791
0 0.5258333333333334 0.6944444444444444 0.049444444444444444 0.06470588235294118
0 0.5033333333333333 0.8202614379084967 0.06 0.06928104575163399