1 0.12538071065989848 0.2741290691033695 0.07411167512690356 0.11193603655054254
1 0.12131979695431472 0.5042832667047401 0.06598984771573604 0.10279840091376356
2 0.4730964467005076 0.7110222729868646 0.7573604060913706 0.1907481439177613
2 0.49746192893401014 0.34951456310679613 0.6781725888324873 0.5162764134780126
2 0.5436548223350254 0.48914905768132494 0.18375634517766498 0.2073101085094232
2 0.29644670050761424 0.49114791547687037 0.28426395939086296 0.21359223300970873
0 0.2050761421319797 0.36150770988006853 0.09746192893401015 0.05825242718446602
0 0.6741116751269035 0.5085665334094803 0.09949238578680203 0.04968589377498572
0 0.7035532994923858 0.6413478012564249 0.08730964467005076 0.04911479154768703
0 0.7568527918781726 0.6673329525985151 0.11878172588832488 0.047401484865790974
1 0.11776649746192894 0.7127355796687607 0.06903553299492386 0.10279840091376356