1 0.14643799472295516 0.20927835051546392 0.1266490765171504 0.09896907216494845
1 0.1424802110817942 0.38556701030927837 0.12928759894459102 0.09690721649484536
1 0.1503957783641161 0.5618556701030928 0.13192612137203166 0.09484536082474226
1 0.1358839050131926 0.7680412371134021 0.09762532981530343 0.10515463917525773
2 0.4399736147757256 0.7690721649484537 0.5026385224274407 0.2329896907216495
2 0.7968337730870713 0.15515463917525774 0.20052770448548812 0.17422680412371133
2 0.5356200527704486 0.34329896907216495 0.6437994722955145 0.5567010309278351
0 0.6510554089709762 0.16030927835051548 0.11477572559366754 0.08144329896907217
0 0.6279683377308707 0.6417525773195877 0.11345646437994723 0.20309278350515464
0 0.6695250659630607 0.6835051546391753 0.10949868073878628 0.07216494845360824
2 0.775065963060686 0.6706185567010309 0.12532981530343007 0.13298969072164948