2 0.21739130434782608 0.0637101811367895 0.20772946859903382 0.09993753903810118
1 0.23007246376811594 0.01155527795128045 0.08816425120772947 0.01811367895065584
1 0.47403381642512077 0.010306058713304185 0.10990338164251208 0.01561524047470331
1 0.6560990338164251 0.010306058713304185 0.08876811594202899 0.014366021236727046
1 0.8254830917874396 0.010930668332292318 0.10265700483091787 0.010618363522798251
1 0.10386473429951691 0.231105559025609 0.012077294685990338 0.06995627732667083
1 0.10446859903381643 0.3750780762023735 0.004830917874396135 0.11430356027482823
1 0.20954106280193235 0.49406620861961276 0.10024154589371981 0.012492192379762648
1 0.3973429951690821 0.49406620861961276 0.0748792270531401 0.013741411617738912
1 0.48097826086956524 0.49406620861961276 0.07669082125603864 0.019987507807620236
1 0.6977657004830918 0.9915677701436603 0.06340579710144928 0.01561524047470331
1 0.7856280193236715 0.9918800749531543 0.06521739130434782 0.016239850093691444
2 0.4701086956521739 0.5352904434728295 0.9305555555555556 0.4884447220487195
2 0.6428140096618358 0.7261086820737039 0.12983091787439613 0.21299188007495315
1 0.5763888888888888 0.7470331043098064 0.013888888888888888 0.06495940037476577
2 0.7521135265700483 0.8863210493441599 0.35205314009661837 0.20737039350405997
2 0.8200483091787439 0.3863210493441599 0.213768115942029 0.21049344159900063
2 0.7560386473429952 0.2673329169269207 0.08574879227053141 0.06870705808869457
2 0.8149154589371981 0.11867582760774516 0.22403381642512077 0.2161149281698938
2 0.6645531400966184 0.0877576514678326 0.16485507246376813 0.15552779512804496
2 0.5138888888888888 0.2495315427857589 0.3695652173913043 0.4728294815740162
2 0.2152777777777778 0.3844472204871955 0.21195652173913043 0.19925046845721425
2 0.15730676328502416 0.1976889444097439 0.09601449275362318 0.1617738913179263
2 0.2647946859903382 0.2282948157401624 0.1105072463768116 0.09181761399125546
2 0.2632850241545894 0.14303560274828234 0.11352657004830918 0.05746408494690818
0 0.08423913043478261 0.07963772642098688 0.06219806763285024 0.05309181761399125
0 0.25966183574879226 0.09775140537164273 0.05555555555555555 0.05683947532792005
0 0.3064613526570048 0.08494690818238601 0.06340579710144928 0.0637101811367895
0 0.677536231884058 0.14959400374765772 0.03985507246376811 0.05933791380387258
0 0.7276570048309179 0.19925046845721425 0.06038647342995169 0.05746408494690818
0 0.6881038647342995 0.2654590880699563 0.05615942028985507 0.06246096189881324
0 0.7306763285024155 0.33947532792005 0.06038647342995169 0.05434103685196752
0 0.9565217391304348 0.89631480324797 0.06159420289855073 0.11118051217988757
0 0.7397342995169082 0.6876951905059338 0.0821256038647343 0.06246096189881324
0 0.7478864734299517 0.76420986883198 0.057367149758454104 0.06683322923173017
0 0.5543478260869565 0.6858213616489693 0.06763285024154589 0.06495940037476577
0 0.29438405797101447 0.5168644597126796 0.057367149758454104 0.06308557151780138
0 0.3547705314009662 0.39194253591505307 0.07185990338164251 0.12304809494066209
0 0.17240338164251207 0.30855715178013743 0.057367149758454104 0.05496564647095565
0 0.18991545893719808 0.25952529668956903 0.04891304347826087 0.04059962523422861
0 0.6545893719806763 0.518738288569644 0.06159420289855073 0.0730793254216115
0 0.13345410628019325 0.1405371642723298 0.04710144927536232 0.059962523422860715
1 0.9329710144927537 0.3956901936289819 0.020531400966183576 0.11305434103685197