2 0.11598746081504702 0.18160515524311657 0.1238244514106583 0.2097246631517282
2 0.5431034482758621 0.424721734036321 0.7210031347962382 0.6912712360867018
2 0.2629310344827586 0.7126537785588752 0.13557993730407525 0.12360867018160515
2 0.39184952978056425 0.7161687170474517 0.10501567398119123 0.11189220855301699
2 0.3550156739811912 0.875219683655536 0.31347962382445144 0.1968365553602812
2 0.12970219435736677 0.8740480374926772 0.13087774294670845 0.18863503222026948
2 0.313871473354232 0.5559461042765085 0.2421630094043887 0.17223198594024605
2 0.8550156739811913 0.5260691271236086 0.10188087774294671 0.14294083186877563
2 0.7202194357366771 0.4806678383128295 0.13793103448275862 0.053309900410076154
2 0.7778213166144201 0.37141183362624486 0.24529780564263323 0.1628588166373755
1 0.908307210031348 0.1628588166373755 0.01567398119122257 0.09373169302870533
1 0.9071316614420063 0.36379613356766255 0.02115987460815047 0.07147041593438781
1 0.9114420062695925 0.525776215582894 0.012539184952978056 0.043936731107205626
1 0.42045454545454547 0.07557117750439367 0.12774294670846395 0.025776215582893967
1 0.1833855799373041 0.38312829525483305 0.01567398119122257 0.09490333919156414
1 0.1865203761755486 0.5650263620386643 0.017241379310344827 0.10134739308728764
1 0.18612852664576804 0.7190978324545987 0.01018808777429467 0.04862331575864089
0 0.15595611285266459 0.247510251903925 0.08150470219435736 0.054481546572934976
0 0.6230407523510971 0.34944346807264204 0.0768025078369906 0.04862331575864089
0 0.6371473354231975 0.4874048037492677 0.048589341692789965 0.032806092560046865
0 0.6120689655172413 0.48916227299355597 0.06739811912225706 0.04686584651435267
0 0.8793103448275862 0.4373169302870533 0.04231974921630094 0.033391915641476276
0 0.47100313479623823 0.5650263620386643 0.07523510971786834 0.04979496192149971
0 0.350705329153605 0.7120679554774458 0.050940438871473356 0.03690685413005272
0 0.4670846394984326 0.7220269478617457 0.06269592476489028 0.040421792618629174
0 0.4843260188087774 0.8008201523140012 0.06583072100313479 0.05975395430579965