1 0.14095449500554938 0.16582117945466074 0.10099889012208657 0.029803424223208624
1 0.06437291897891231 0.21496512365250475 0.021087680355160933 0.04311984781230184
1 0.359322974472808 0.16550412175015852 0.07491675915649279 0.025364616360177554
1 0.06853496115427303 0.6433100824350032 0.018312985571587125 0.04882688649334179
1 0.5801886792452831 0.7232086239695624 0.08601553829078801 0.02599873176918199
1 0.5149833518312985 0.6766011414077362 0.022197558268590455 0.045656309448319596
1 0.5110987791342952 0.4590995561192137 0.017758046614872364 0.062143310082435003
1 0.5133185349611543 0.24128091312618896 0.02774694783573807 0.09575142675967026
1 0.5882352941176471 0.16613823715916295 0.097669256381798 0.032974001268230815
1 0.8135405105438401 0.1648700063411541 0.07103218645948946 0.025364616360177554
2 0.1623196448390677 0.31800887761572605 0.1781354051054384 0.274571972098922
2 0.3382352941176471 0.3253012048192771 0.14705882352941177 0.2726696258719087
2 0.10543840177580466 0.5209258084971464 0.05771365149833518 0.1223842739378567
2 0.2832963374028857 0.5193405199746354 0.2802441731409545 0.12555485098287889
2 0.12125416204217536 0.6471147748890298 0.09045504994450611 0.1109701965757768
2 0.293007769145394 0.6480659480025365 0.25527192008879024 0.1128725428027901
2 0.7638734739178691 0.09162967660114141 0.19811320754716982 0.11857958148383006
2 0.6956159822419534 0.448002536461636 0.3423973362930078 0.5307545973367153
2 0.8229744728079911 0.6563094483195941 0.09433962264150944 0.12048192771084337
2 0.8706992230854605 0.7850348763474952 0.18756936736958935 0.09765377298668358
2 0.7158712541620422 0.8348129359543437 0.11098779134295228 0.20481927710843373
0 0.7588790233074362 0.62143310082435 0.04384017758046615 0.05707038681039949
0 0.733906770255272 0.6962587190868738 0.0560488346281909 0.04438807863031072
0 0.7472253052164262 0.13126188966391883 0.05382907880133185 0.03677869372225745
0 0.7513873473917869 0.19372225745085606 0.051054384017758046 0.04375396322130628
0 0.29550499445061046 0.1962587190868738 0.04716981132075472 0.03614457831325301
0 0.2874583795782464 0.44356372859860493 0.048834628190899 0.0424857324032974
0 0.22891231964483907 0.44419784400760937 0.04384017758046615 0.04121750158528852
0 0.12097669256381798 0.44419784400760937 0.038845726970033294 0.03741280913126189
0 0.2211431742508324 0.5497780596068484 0.04051054384017758 0.05833861762840837
0 0.28995560488346284 0.5710209258084972 0.041620421753607105 0.04755865567533291
0 0.18146503884572698 0.6195307545973368 0.02774694783573807 0.039315155358275206
0 0.8088235294117647 0.8623969562460367 0.049389567147613764 0.05707038681039949