2 0.4864864864864865 0.10630291627469426 0.7451737451737451 0.13734713076199437
2 0.4806949806949807 0.35606773283160864 0.722007722007722 0.2944496707431797
2 0.31177606177606176 0.3730009407337723 0.40733590733590735 0.14393226716839136
2 0.3252895752895753 0.6114769520225776 0.3841698841698842 0.18814675446848542
2 0.2876447876447876 0.7591721542803387 0.30115830115830117 0.11288805268109126
2 0.694015444015444 0.6641580432737535 0.33783783783783783 0.3085606773283161
0 0.2548262548262548 0.1528692380056444 0.1776061776061776 0.11382878645343368
0 0.6003861003861004 0.6406396989651929 0.17374517374517376 0.08654750705550329
0 0.3407335907335907 0.6655691439322672 0.16023166023166024 0.08184383819379115
0 0.7142857142857143 0.8715898400752587 0.16988416988416988 0.10253998118532455
1 0.555019305019305 0.19520225776105363 0.29922779922779924 0.034807149576669805