2 0.4197334106056216 0.09949768160741886 0.17531150391190958 0.15262751159196292
1 0.5404230657780353 0.26371715610510044 0.008113590263691683 0.051391035548686244
1 0.5401332946971892 0.36302163833075735 0.005795421616922631 0.05911901081916538
1 0.3961170675166618 0.5486862442040186 0.047522457258765576 0.011591962905718702
1 0.3368588814836279 0.5471406491499228 0.05302810779484207 0.021638330757341576
1 0.20805563604752245 0.5481066460587326 0.05331787887568821 0.012751159196290572
1 0.15227470298464213 0.3491112828438949 0.007244277021153289 0.05911901081916538
1 0.1980585337583309 0.1839258114374034 0.04085772239930455 0.013910355486862442
1 0.14169805853375833 0.8900695517774343 0.06664734859461026 0.007341576506955177
1 0.21370617212402201 0.8889103554868625 0.06751666183714865 0.015842349304482226
2 0.2028397565922921 0.2482612055641422 0.09910170964937699 0.12789799072642968
2 0.20211532889017675 0.3792503863987635 0.09417560127499276 0.12557959814528594
2 0.2019704433497537 0.47990726429675423 0.0973630831643002 0.12982998454404945
2 0.27977397855694003 0.21271251931993818 0.04839177050130397 0.06143740340030912
2 0.3814836279339322 0.36360123647604325 0.2552883222254419 0.3670788253477589
2 0.42828165749058245 0.3162673879443586 0.04926108374384237 0.07921174652241113
2 0.45450594030715735 0.22932766615146832 0.0982323964068386 0.1008500772797527
2 0.49420457838307735 0.2594667697063369 0.02984642132715155 0.040571870170015456
2 0.47942625325992466 0.31897217928902627 0.04665314401622718 0.07843894899536322
2 0.43219356708200524 0.6615146831530139 0.15386844392929586 0.21792890262751158
2 0.1634308895972182 0.7194744976816074 0.11359026369168357 0.05486862442040186
2 0.23703274413213563 0.7171561051004637 0.03535207186322805 0.05255023183925812
2 0.17922341350333237 0.8174265842349304 0.14169805853375833 0.13098918083462133
2 0.6311214140828745 0.31047140649149924 0.176180817154448 0.25231839258114375
2 0.6596638655462185 0.2277820710973725 0.056505360764995655 0.09157650695517774
2 0.7896261953057085 0.26738794435857804 0.20226021443059983 0.17078825347758886
2 0.7907852796290931 0.4499613601236476 0.2011011301072153 0.18972179289026275
2 0.6141698058533759 0.4943972179289026 0.14111851637206607 0.09234930448222566
0 0.6531440162271805 0.28960587326120557 0.030715734569689946 0.042890262751159196
0 0.6789336424224862 0.31414219474497684 0.030715734569689946 0.030139103554868624
0 0.6693711967545639 0.46020092735703244 0.027238481599536367 0.04095826893353941
0 0.4640683859750797 0.5341962905718701 0.056505360764995655 0.045208655332302936
0 0.22747029846421327 0.7214064914992272 0.030715734569689946 0.03323029366306028
0 0.268762677484787 0.5643353941267388 0.028107794842074763 0.045208655332302936
0 0.24268328020863517 0.4580757341576507 0.032164589973920604 0.03670788253477589
0 0.24036511156186613 0.3937403400309119 0.02405099971022892 0.030139103554868624
0 0.24268328020863517 0.28999227202472955 0.02578962619530571 0.0312982998454405
0 0.27542741234424806 0.25676197836166925 0.021732831063459867 0.03516228748068006
0 0.39437844103158504 0.22894126738794435 0.023181686467690525 0.028979907264296754
0 0.4726166328600406 0.19609737248840803 0.024920312952767313 0.03207109737248841
0 0.4724717473196175 0.2615919629057187 0.017096493769921763 0.023956723338485315
0 0.4708780063749638 0.2615919629057187 0.03129527673138221 0.03632148377125193
0 0.4640683859750797 0.2981066460587326 0.02578962619530571 0.02820710973724884