1 0.7744147157190635 0.7809030347890451 0.01906354515050167 0.02220577350111029
1 0.7083612040133779 0.10436713545521836 0.03076923076923077 0.01628423390081421
1 0.8449832775919732 0.10214655810510732 0.029096989966555183 0.01776461880088823
1 0.7770903010033445 0.10214655810510732 0.06521739130434782 0.02072538860103627
1 0.5717391304347826 0.23649148778682458 0.0451505016722408 0.015544041450777202
1 0.3924749163879599 0.2387120651369356 0.045819397993311035 0.017024426350851222
1 0.6249163879598663 0.6724648408586232 0.009698996655518394 0.10436713545521836
2 0.4851170568561873 0.12916358253145818 0.2839464882943144 0.19022945965951146
2 0.48043478260869565 0.44744633604737233 0.28729096989966557 0.4152479644707624
2 0.3876254180602007 0.5847520355292376 0.09096989966555184 0.14951887490747595
2 0.3897993311036789 0.7213175425610658 0.09197324414715718 0.11176905995558846
2 0.38896321070234113 0.8419689119170984 0.09632107023411371 0.10584752035529238
2 0.4834448160535117 0.8708364174685418 0.08461538461538462 0.17838638045891933
2 0.4811036789297659 0.7213175425610658 0.07859531772575251 0.0999259807549963
2 0.5770903010033445 0.6617320503330866 0.08996655518394649 0.22797927461139897
2 0.7747491638795987 0.16617320503330865 0.23979933110367893 0.12213175425610659
2 0.7744147157190635 0.3860103626943005 0.24180602006688964 0.29533678756476683
2 0.7086956521739131 0.48519615099925983 0.03411371237458194 0.1073279052553664
2 0.7750836120401338 0.6624722427831237 0.24046822742474916 0.21761658031088082
0 0.7745819397993311 0.20651369356032567 0.033444816053511704 0.0843819393042191
0 0.7842809364548495 0.5203552923760177 0.026755852842809364 0.06069578090303479
0 0.7374581939799331 0.46447076239822355 0.031438127090301006 0.05699481865284974
0 0.48528428093645487 0.20577350111028866 0.036120401337792644 0.06809770540340489
0 0.51438127090301 0.6113989637305699 0.03277591973244147 0.07253886010362694
0 0.44749163879598663 0.6247224278312361 0.03411371237458194 0.05477424130273871
0 0.4809364548494983 0.692820133234641 0.031438127090301006 0.07253886010362694
0 0.48294314381270903 0.8097705403404886 0.03545150501672241 0.08290155440414508
0 0.45217391304347826 0.840858623242043 0.03411371237458194 0.06661732050333087
0 0.40618729096989964 0.6413767579570688 0.026421404682274247 0.05699481865284974