2 0.07498482088646023 0.19437869822485207 0.10382513661202186 0.2242603550295858
2 0.4811778992106861 0.4393491124260355 0.8749241044323012 0.6976331360946746
2 0.5798421372191864 0.1695266272189349 0.2416514875531269 0.16982248520710058
2 0.7647237401335762 0.4269230769230769 0.29690346083788705 0.18402366863905326
2 0.6560412871888281 0.5899408284023668 0.07832422586520947 0.11715976331360947
2 0.7683667273831208 0.6535502958579882 0.3005464480874317 0.26331360946745563
2 0.43897996357012753 0.4198224852071006 0.11171827565270188 0.16390532544378697
1 0.5552519732847602 0.07514792899408285 0.11718275652701882 0.029585798816568046
1 0.9338190649666059 0.17307692307692307 0.030358227079538554 0.17100591715976332
1 0.9353369763205829 0.43136094674556213 0.03825136612021858 0.178698224852071
1 0.9353369763205829 0.6967455621301775 0.029751062537947785 0.16982248520710058
0 0.573163327261688 0.27662721893491127 0.051001821493624776 0.04437869822485207
0 0.6350941105039466 0.29467455621301775 0.048573163327261686 0.06153846153846154
0 0.5965391621129326 0.43994082840236687 0.056466302367941715 0.049112426035502955
0 0.5136612021857924 0.4284023668639053 0.042501517911353974 0.047337278106508875
0 0.1320582877959927 0.28254437869822485 0.10746812386156648 0.06449704142011835
0 0.6013964784456588 0.6248520710059171 0.03825136612021858 0.04497041420118343
0 0.8014571948998178 0.5479289940828402 0.06071645415907711 0.06035502958579882
0 0.5995749848208864 0.7103550295857988 0.04310868245294475 0.0621301775147929
0 0.583485124468731 0.7988165680473372 0.05585913782635094 0.08875739644970414