1 0.14176417641764177 0.10533707865168539 0.0927092709270927 0.02902621722846442
1 0.2907290729072907 0.10346441947565543 0.0612061206120612 0.023408239700374533
1 0.38163816381638166 0.10299625468164794 0.0594059405940594 0.031835205992509365
1 0.46624662466246625 0.10346441947565543 0.063006300630063 0.023408239700374533
1 0.6498649864986499 0.16198501872659177 0.0558055805580558 0.02247191011235955
1 0.4014401440144014 0.7734082397003745 0.08640864086408641 0.024344569288389514
1 0.1791179117911791 0.7734082397003745 0.08820882088208822 0.024344569288389514
2 0.8541854185418541 0.33614232209737827 0.17461746174617462 0.17228464419475656
2 0.6098109810981098 0.2205056179775281 0.18091809180918092 0.12078651685393259
2 0.6111611161116112 0.3618913857677903 0.18001800180018002 0.15823970037453183
2 0.6458145814581459 0.5046816479400749 0.11251125112511251 0.1198501872659176
2 0.6426642664266426 0.6676029962546817 0.1152115211521152 0.20037453183520598
2 0.6462646264626463 0.8356741573033708 0.1116111611161116 0.10205992509363296
2 0.3276327632763276 0.4363295880149813 0.5112511251125113 0.6629213483146067
2 0.18406840684068407 0.6427902621722846 0.22412241224122412 0.23876404494382023
2 0.3996399639963996 0.6455992509363296 0.18721872187218722 0.2350187265917603
0 0.4522952295229523 0.575374531835206 0.05130513051305131 0.08146067415730338
0 0.2623762376237624 0.5529026217228464 0.04950495049504951 0.06835205992509363
0 0.5288028802880288 0.5575842696629213 0.05670567056705671 0.07397003745318352
0 0.5634563456345635 0.677434456928839 0.063006300630063 0.05898876404494382
0 0.4954995499549955 0.225187265917603 0.05130513051305131 0.05149812734082397
0 0.5594059405940595 0.12968164794007492 0.05490549054905491 0.0552434456928839
0 0.5855085508550855 0.30337078651685395 0.05130513051305131 0.054307116104868915
0 0.6359135913591359 0.47097378277153557 0.04950495049504951 0.05805243445692884
0 0.5535553555355536 0.7930711610486891 0.046804680468046804 0.052434456928838954
0 0.5688568856885688 0.8380149812734082 0.041404140414041404 0.056179775280898875