2 0.08597342871742462 0.2678814713896458 0.08610117526826776 0.14475476839237056
1 0.07920286152273888 0.34911444141689374 0.061318344404701075 0.011580381471389645
1 0.0412621359223301 0.41399863760217986 0.009453244762391415 0.07118528610354223
1 0.040878896269800714 0.5103882833787466 0.010219724067450179 0.027588555858310628
1 0.18216658150229945 0.5737397820163488 0.0342360756259581 0.009877384196185286
1 0.42092488502810427 0.19056539509536785 0.06463975472662238 0.013964577656675749
1 0.31962187020950433 0.19107629427792916 0.01992846193152785 0.012942779291553134
1 0.5163515585079202 0.4151907356948229 0.011241696474195196 0.07561307901907358
1 0.517118037812979 0.5178814713896458 0.008175779253960144 0.023501362397820164
1 0.5539090444557997 0.3480926430517711 0.05263157894736842 0.009536784741144414
1 0.6070516096065406 0.2501702997275204 0.005620848237097598 0.09911444141689374
1 0.6775677056719469 0.17353542234332425 0.09248850281042412 0.028950953678474115
1 0.8025038323965253 0.1922683923705722 0.045477772100153295 0.0085149863760218
1 0.8909044455799694 0.19158719346049047 0.05109862033725089 0.011920980926430519
1 0.961803781297905 0.4071866485013624 0.007920286152273888 0.025544959128065394
1 0.9035513541134389 0.5732288828337875 0.05748594787940726 0.010899182561307902
1 0.8129790495656617 0.5742506811989101 0.05518650996423097 0.006130790190735695
1 0.717935615738375 0.5764645776566758 0.018395503321410323 0.006471389645776567
1 0.6452478283086357 0.5737397820163488 0.05493101686254471 0.00715258855585831
2 0.7427184466019418 0.6376021798365122 0.2386305569749617 0.12465940054495912
2 0.700817577925396 0.7297343324250681 0.1532958610117527 0.06164850136239782
2 0.23211548288196218 0.2624318801089918 0.19340827797649462 0.14066757493188012
2 0.4113438937148697 0.26345367847411444 0.15074092999489014 0.14271117166212535
2 0.3846448645886561 0.3310626702997275 0.03346959632089934 0.039509536784741145
2 0.44443025038323963 0.37908719346049047 0.0830352580480327 0.14577656675749318
2 0.45567194685743484 0.5131130790190735 0.05748594787940726 0.10115803814713896
2 0.28717424629535004 0.4540190735694823 0.27133367399080227 0.22547683923705722
2 0.09478794072560041 0.4587874659400545 0.10526315789473684 0.22002724795640327
2 0.5594021461420542 0.26822207084468663 0.08456821665815023 0.15429155313351497
2 0.8313745528870721 0.2183242506811989 0.045477772100153295 0.05858310626702997
2 0.829330608073582 0.3024523160762943 0.04803270311701584 0.0946866485013624
2 0.9040623403168114 0.26822207084468663 0.10296371997956055 0.15837874659400544
2 0.9255237608584568 0.3874318801089918 0.06310679611650485 0.06505449591280654
2 0.9135155850792028 0.4993188010899183 0.09018906489524783 0.14373297002724797
2 0.8169391926417987 0.4981267029972752 0.09325498211548289 0.15020435967302453
2 0.6983903934593766 0.37159400544959126 0.37225344915687275 0.4032697547683924
2 0.7722278998467041 0.2518732970027248 0.058507920286152273 0.11069482288828338
2 0.8280531425651507 0.2188351498637602 0.04241185487991824 0.06164850136239782
2 0.8284363822176801 0.30432561307901906 0.04471129279509453 0.10115803814713896
0 0.8612672457843639 0.2130449591280654 0.027082268778742973 0.03303814713896458
0 0.8668880940214614 0.3395776566757493 0.025549310168625446 0.0326975476839237
0 0.8389115993868166 0.3630790190735695 0.02222789984670414 0.02861035422343324
0 0.8608840061318345 0.4359673024523161 0.05339805825242718 0.0340599455040872
0 0.887583035258048 0.4029291553133515 0.036791006642820645 0.040190735694822885
0 0.7577925396014308 0.49165531335149865 0.0342360756259581 0.03508174386920981
0 0.7526826775677057 0.590258855585831 0.0398569238630557 0.04700272479564033
0 0.6168880940214614 0.5136239782016349 0.030403679100664282 0.036103542234332424
0 0.6959632089933572 0.4417574931880109 0.030148185998978026 0.030653950953678476
0 0.6069238630556975 0.3119891008174387 0.05339805825242718 0.039509536784741145
0 0.4161982626469085 0.37891689373297005 0.031170158405723045 0.03712534059945504
0 0.4169647419519673 0.4848433242506812 0.02810424118548799 0.025544959128065394
0 0.36420541645375576 0.47428474114441416 0.02631578947368421 0.04257493188010899
0 0.36343893714869696 0.39373297002724794 0.02631578947368421 0.04155313351498638
0 0.34747061829330605 0.32084468664850135 0.02452733776188043 0.0340599455040872
0 0.28883495145631066 0.34979564032697547 0.028870720490546755 0.036103542234332424
0 0.12953500255493103 0.3130108991825613 0.056719468574348494 0.030653950953678476
0 0.16581502299437914 0.3801089918256131 0.030148185998978026 0.04564032697547684
0 0.09874808380173736 0.6013283378746594 0.0830352580480327 0.06505449591280654