1 0.17113323124042878 0.12651677373304782 0.009954058192955589 0.01748750892219843
1 0.2467457886676876 0.1415060670949322 0.06699846860643185 0.011063526052819414
1 0.05819295558958652 0.2091363311920057 0.008422664624808576 0.01641684511063526
1 0.058001531393568145 0.26641684511063524 0.00880551301684533 0.016059957173447537
1 0.05781010719754977 0.34296930763740185 0.011485451761102604 0.034261241970021415
1 0.0576186830015314 0.4143468950749465 0.009571209800918835 0.037116345467523196
1 0.09877488514548238 0.47287651677373305 0.021439509954058193 0.009992862241256246
1 0.24808575803981622 0.5462169878658102 0.0222052067381317 0.011063526052819414
1 0.18223583460949463 0.6973590292648109 0.009954058192955589 0.014989293361884369
1 0.40486217457886675 0.6973590292648109 0.009571209800918835 0.015703069236259814
1 0.18204441041347627 0.7724839400428265 0.012633996937212864 0.043897216274089934
1 0.4054364471669219 0.7721270521056388 0.011485451761102604 0.04532476802284083
1 0.6887442572741195 0.5508565310492506 0.016845329249617153 0.0053533190578158455
1 0.5719754977029097 0.47002141327623126 0.0222052067381317 0.013561741613133477
1 0.46592649310872897 0.4009635974304068 0.01225114854517611 0.05246252676659529
1 0.46573506891271055 0.2557102069950036 0.011868300153139357 0.03390435403283369
1 0.4645865237366003 0.16131334760885083 0.012633996937212864 0.05424696645253391
1 0.5153139356814701 0.10778015703069237 0.05359877488514548 0.006423982869379015
1 0.5781010719754976 0.122412562455389 0.01225114854517611 0.02212705210563883
1 0.6527565084226646 0.1386509635974304 0.06891271056661562 0.01034975017844397
2 0.23143185298621746 0.08708065667380442 0.12212863705972435 0.09778729478943611
2 0.1142802450229709 0.14346895074946467 0.10758039816232771 0.06067094932191292
2 0.09418070444104135 0.20788722341184868 0.0681470137825421 0.05531763026409707
2 0.15084226646248086 0.21002855103497503 0.03828483920367534 0.05960028551034975
2 0.17343032159264932 0.2651677373304782 0.225114854517611 0.238401142041399
2 0.09437212863705972 0.2699857244825125 0.06699846860643185 0.058886509635974305
2 0.14911944869831548 0.2685581727337616 0.032542113323124046 0.05460385438972163
2 0.25516845329249616 0.4100642398286938 0.06240428790199081 0.11563169164882227
2 0.13935681470137826 0.4225553176302641 0.1562021439509954 0.08922198429693076
2 0.2901990811638591 0.5101713062098501 0.1860643185298622 0.06531049250535331
2 0.33078101071975496 0.5676302640970735 0.12480857580398162 0.036045681655960025
2 0.29249617151607965 0.8263740185581727 0.2113323124042879 0.22733761598857957
2 0.34724349157733536 0.6814775160599572 0.10643185298621746 0.05032119914346895
2 0.23736600306278713 0.6832619557458958 0.10183767228177641 0.048893647394718055
1 0.8874425727411945 0.4693076374018558 0.06125574272588055 0.008565310492505354
1 0.8985451761102603 0.139186295503212 0.07197549770290965 0.010706638115631691
2 0.885145482388974 0.09760885082084225 0.1125574272588055 0.07244825124910778
2 0.8476263399693721 0.1882583868665239 0.18376722817764166 0.15524625267665954
2 0.6058575803981623 0.09850107066381156 0.1841500765696784 0.07137758743754462
2 0.5821209800918836 0.25999286224125623 0.22549770290964777 0.2987152034261242
2 0.6747702909647779 0.3806209850107066 0.03637059724349158 0.061741613133476085
2 0.5392419601837672 0.41399000713775874 0.13284839203675344 0.09850107066381156
2 0.6512251148545176 0.43968593861527483 0.08575803981623277 0.04925053533190578
2 0.6759188361408882 0.5105281941470379 0.04326186830015314 0.07244825124910778
2 0.6006891271056661 0.512847965738758 0.0995405819295559 0.07780157030692363
2 0.8024502297090352 0.31102783725910066 0.09111791730474732 0.0881513204853676
2 0.8899310872894334 0.3094218415417559 0.09915773353751914 0.08922198429693076
2 0.8468606431852986 0.4114917915774447 0.18529862174578868 0.10849393290506781
0 0.19276416539050537 0.1302640970735189 0.03330781010719755 0.037116345467523196
0 0.15754211332312404 0.16131334760885083 0.034839203675344564 0.026409707351891507
0 0.18395865237366002 0.20985010706638116 0.03637059724349158 0.03140613847251963
0 0.1142802450229709 0.19164882226980728 0.027947932618683002 0.03140613847251963
0 0.11217457886676876 0.22644539614561027 0.03445635528330781 0.033190578158458245
0 0.23583460949464014 0.36973590292648106 0.03598774885145482 0.02569593147751606
0 0.1866385911179173 0.37740899357601715 0.027947932618683002 0.029621698786581014
0 0.2886676875957121 0.5608493932905068 0.03139356814701378 0.036045681655960025
0 0.3378637059724349 0.487152034261242 0.031776416539050535 0.037116345467523196
0 0.24291730474732007 0.4878658101356174 0.034839203675344564 0.039257673090649536
0 0.6033690658499234 0.13900785153461814 0.03215926493108729 0.06531049250535331
0 0.6380168453292496 0.38436830835117775 0.0386676875957121 0.03140613847251963
0 0.5742725880551302 0.38187009279086365 0.03828483920367534 0.02926481084939329
0 0.6313169984686064 0.4282655246252677 0.033690658499234305 0.03283369022127052
0 0.6389739663093414 0.5273019271948608 0.043644716692189896 0.03675945753033547
0 0.6311255742725881 0.48269093504639543 0.03024502297090352 0.038187009279086366
0 0.35049770290964777 0.6400785153461813 0.03330781010719755 0.038187009279086366
0 0.24081163859111793 0.639186295503212 0.03828483920367534 0.039257673090649536
0 0.8462863705972435 0.13936473947180586 0.031010719754977028 0.06531049250535331
0 0.8585375191424196 0.2746252676659529 0.02871362940275651 0.028907922912205567
0 0.8520290964777948 0.3013918629550321 0.03330781010719755 0.025339043540328336
0 0.8690658499234303 0.3408279800142755 0.028330781010719754 0.03140613847251963