2 0.7318435754189944 0.7358783364369956 0.14990689013035383 0.1334574798261949
2 0.8670856610800745 0.5608317815021726 0.19134078212290503 0.20297951582867785
2 0.922486033519553 0.39757914338919925 0.07681564245810056 0.10366232153941651
1 0.88268156424581 0.11142147734326505 0.06983240223463687 0.01675977653631285
1 0.7358007448789572 0.11421477343265053 0.07309124767225327 0.0074487895716946
1 0.5484171322160148 0.11235257603972688 0.08659217877094973 0.012414649286157667
1 0.34869646182495345 0.11018001241464928 0.07541899441340782 0.010552451893234015
1 0.1664338919925512 0.11328367473618871 0.04329608938547486 0.01303538175046555
1 0.08449720670391062 0.4239602731222843 0.012569832402234637 0.1154562383612663
1 0.8868715083798883 0.6691495965238982 0.06983240223463687 0.0148975791433892
1 0.5509776536312849 0.8060211049037864 0.08519553072625698 0.006828057107386716
1 0.3426443202979516 0.8044692737430168 0.056797020484171325 0.013656114214773432
0 0.06005586592178771 0.17815021725636251 0.05865921787709497 0.06083178150217256
2 0.17108938547486033 0.1840471756672874 0.17644320297951582 0.1371818746120422
2 0.17062383612662943 0.4456859093730602 0.17085661080074488 0.37740533829919304
2 0.17411545623836128 0.7200496585971446 0.17411545623836128 0.16263190564866542
2 0.35544692737430167 0.7138423339540658 0.175512104283054 0.15890751086281812
2 0.29748603351955305 0.569211669770329 0.06797020484171322 0.11793916821849783
2 0.3931564245810056 0.5667287399130975 0.10195530726256984 0.11421477343265053
2 0.39106145251396646 0.4407200496585971 0.09776536312849161 0.11669770328988206
2 0.29678770949720673 0.43544382371198015 0.06843575418994413 0.11980136561142148
1 0.17481378026070762 0.6402855369335816 0.13268156424581007 0.011793916821849782
2 0.5691340782122905 0.45654872749844816 0.6131284916201117 0.6797020484171322
2 0.7323091247672253 0.7377405338299193 0.14618249534450653 0.13594040968342644
2 0.8889664804469274 0.22470515207945377 0.15875232774674117 0.21849782743637491
2 0.7346368715083799 0.22315332091868403 0.14432029795158285 0.22532588454376165
2 0.7094972067039106 0.6052141527001862 0.09404096834264432 0.10552451893234016
0 0.24581005586592178 0.40875232774674114 0.055865921787709494 0.05772811918063315
0 0.2479050279329609 0.7085661080074488 0.06191806331471136 0.07510862818125388
0 0.31750465549348234 0.6530105524518932 0.040968342644320296 0.0595903165735568
0 0.3745344506517691 0.659217877094972 0.04888268156424581 0.07945375543140906
0 0.3787243947858473 0.5366232153941651 0.053538175046554934 0.06765983860955928
0 0.4657821229050279 0.7203600248292986 0.06098696461824953 0.07014276846679081
0 0.702048417132216 0.6983240223463687 0.056797020484171325 0.0782122905027933
0 0.702048417132216 0.5859714463066419 0.0521415270018622 0.07572936064556177
0 0.7937616387337058 0.48168839230291743 0.04748603351955307 0.074487895716946
0 0.8587057728119181 0.42178770949720673 0.05074487895716946 0.06641837368094351
0 0.784683426443203 0.31750465549348234 0.05540037243947858 0.06765983860955928
0 0.837756052141527 0.31688392302917445 0.053538175046554934 0.07510862818125388
1 0.9676443202979516 0.3770949720670391 0.008845437616387336 0.035381750465549346