1 0.5100806451612904 0.5420199041651309 0.10311059907834101 0.015112421673424253
1 0.6131912442396313 0.5453372650202728 0.09965437788018433 0.015112421673424253
1 0.7226382488479263 0.5425727976409879 0.10195852534562212 0.014006634721710284
1 0.8292050691244239 0.5464430519719867 0.09850230414746544 0.015112421673424253
1 0.9006336405529954 0.7226317729450793 0.023617511520737326 0.042388499815702176
1 0.22292626728110598 0.6159233321046812 0.10138248847926268 0.008846295613711759
1 0.32430875576036866 0.6153704386288242 0.10138248847926268 0.007740508661997788
1 0.09648617511520738 0.37725764835974934 0.01555299539170507 0.08883155178768891
1 0.22350230414746544 0.133984518982676 0.0967741935483871 0.007740508661997788
1 0.32776497695852536 0.13619609288610393 0.10829493087557604 0.009952082565425728
1 0.6826036866359447 0.06561002580169555 0.42857142857142855 0.018429782528566162
1 0.9055299539170507 0.24235164025064504 0.020737327188940093 0.042388499815702176
1 0.8064516129032258 0.3962403243641725 0.11059907834101383 0.016218208625138224
1 0.5970622119815668 0.3951345374124585 0.08122119815668202 0.016218208625138224
2 0.2304147465437788 0.3741245853298931 0.2661290322580645 0.1820862513822337
2 0.3159562211981567 0.09491338002211575 0.27476958525345624 0.07040176925912274
2 0.5377304147465438 0.26631035753778104 0.7286866359447005 0.4087725764835975
2 0.5040322580645161 0.3568005897530409 0.0748847926267281 0.06708440840398083
2 0.6048387096774194 0.3568005897530409 0.0967741935483871 0.06266126059712496
2 0.8150921658986175 0.2814227792112053 0.15092165898617513 0.21784002948765205
2 0.6978686635944701 0.3573534832288979 0.06278801843317973 0.06155547364541098
0 0.7528801843317973 0.3474014006634722 0.05414746543778802 0.033542204201990417
0 0.8283410138248848 0.18816807961666052 0.04262672811059908 0.033542204201990417
0 0.7214861751152074 0.31275340950976777 0.05587557603686636 0.029119056395134537
0 0.6048387096774194 0.3182823442683376 0.03917050691244239 0.020272760781422778
0 0.4853110599078341 0.31717655731662364 0.03744239631336405 0.02248433468485072
0 0.4210829493087558 0.12218945816439367 0.05069124423963134 0.035753778105418355
0 0.40236175115207373 0.36048654625875415 0.04435483870967742 0.029487652045705862
0 0.440668202764977 0.352930335422042 0.02880184331797235 0.02248433468485072
0 0.440668202764977 0.3995576852193144 0.03225806451612903 0.020641356431994103
0 0.4017857142857143 0.40324364172502764 0.05933179723502304 0.04128271286398821
0 0.17713133640552994 0.4939181717655732 0.1595622119815668 0.05971249539255437
2 0.3067396313364055 0.57519351271655 0.2828341013824885 0.07040176925912274
2 0.5665322580645161 0.6175820125322521 0.2033410138248848 0.15296719498709915
2 0.7793778801843319 0.6218208625138223 0.2154377880184332 0.14448949502395872
2 0.8081797235023042 0.784371544415776 0.1543778801843318 0.17250276446737928
2 0.6345046082949308 0.8407666789531884 0.19297235023041476 0.061924069295982306
2 0.4447004608294931 0.709730925175083 0.5518433179723502 0.1809804644305197
0 0.643721198156682 0.683007740508662 0.048963133640553 0.025801695539992626
0 0.6972926267281107 0.6852193144120899 0.03744239631336405 0.025801695539992626
0 0.720910138248848 0.7921120530777737 0.04435483870967742 0.02727607814227792
0 0.6388248847926268 0.7932178400294877 0.03571428571428571 0.025064504238849983
0 0.4769585253456221 0.7957980095834869 0.03686635944700461 0.02359012163656469
0 0.42713133640552997 0.7996682639144858 0.05587557603686636 0.024695908588278657
0 0.3076036866359447 0.794692222631773 0.05414746543778802 0.02359012163656469
0 0.19066820276497695 0.7991153704386288 0.05069124423963134 0.028013269443420568
2 0.16618663594470046 0.9096940656100257 0.16071428571428573 0.06929598230740877
0 0.19153225806451613 0.8826022852930335 0.04550691244239631 0.02395871728713601
2 0.16676267281105991 0.8142277921120531 0.1595622119815668 0.11057869517139697
2 0.3084677419354839 0.8772576483597494 0.11002304147465437 0.14301511242167342
2 0.3914170506912442 0.8413195724290453 0.10311059907834101 0.054183560633984516
2 0.49567972350230416 0.8380022115739034 0.08122119815668202 0.06302985624769628
0 0.41244239631336405 0.6065241430151124 0.05414746543778802 0.033542204201990417