1 0.044084400904295405 0.24625 0.018839487565938208 0.2625
1 0.042577241899020346 0.616875 0.018839487565938208 0.22875
1 0.8278070836473248 0.203125 0.02185380557648832 0.28875
2 0.619819140919367 0.261875 0.40165787490580257 0.43375
2 0.8892238131122834 0.243125 0.11303692539562923 0.43375
2 0.23398643556895252 0.24625 0.3579502637528259 0.4
2 0.39412207987942727 0.658125 0.24868123587038432 0.40125
2 0.3142426525998493 0.71375 0.09796533534287867 0.2725
2 0.14996232102486812 0.656875 0.20949510173323285 0.40375
0 0.3165033911077619 0.404375 0.0587792012057272 0.11125
0 0.23662396382818388 0.516875 0.06028636021100226 0.09625
0 0.3262999246420497 0.535 0.05576488319517709 0.1025
0 0.4886963074604371 0.4975 0.058025621703089676 0.1075
0 0.46382818387339864 0.86625 0.059532780708364735 0.21
0 0.8266767143933685 0.399375 0.11152976639035418 0.10125