1 0.34023485784919655 0.24196207749381698 0.06736711990111248 0.028854080791426217
1 0.4530284301606922 0.24031327287716406 0.032138442521631644 0.033800494641384994
1 0.7580346106304079 0.3602638087386645 0.02781211372064277 0.08573784006595218
1 0.7561804697156984 0.5432811211871393 0.02657601977750309 0.08408903544929926
1 0.757725587144623 0.6760098928277 0.027194066749072928 0.1055234954657873
2 0.6523485784919654 0.1261335531739489 0.1477132262051916 0.19291014014839242
2 0.4941285537700865 0.5243198680956307 0.5049443757725587 0.5358615004122012
2 0.4619901112484549 0.5061830173124485 0.08838071693448703 0.2605111294311624
2 0.46291718170580964 0.30956306677658696 0.09023485784919653 0.1145919208573784
0 0.4419035846724351 0.6450948062654576 0.048207663782447466 0.13107996702390767
0 0.3019159456118665 0.8066776586974443 0.05624227441285538 0.1574608408903545
0 0.6526576019777504 0.2411376751854905 0.042027194066749075 0.1393239901071723
0 0.44128553770086526 0.39530090684253916 0.03584672435105068 0.060181368507831824