2 0.26193390452876375 0.11818757921419519 0.4589963280293758 0.2262357414448669
1 0.12607099143206854 0.23922686945500635 0.11872705018359853 0.022179974651457542
1 0.3864749082007344 0.23859315589353614 0.12545899632802937 0.017110266159695818
1 0.6034271725826194 0.23859315589353614 0.13096695226438188 0.017110266159695818
1 0.8727050183598531 0.23954372623574144 0.12239902080783353 0.019011406844106463
1 0.6667686658506732 0.7747148288973384 0.03243574051407589 0.017110266159695818
2 0.8880048959608323 0.8700887198986058 0.16279069767441862 0.17870722433460076
2 0.9308445532435741 0.6863117870722434 0.06487148102815178 0.12547528517110265
2 0.7380660954712362 0.7465145754119138 0.08812729498164015 0.03929024081115336
2 0.7227662178702571 0.8713561470215463 0.15055079559363524 0.1761723700887199
2 0.7460220318237454 0.5076045627376425 0.43451652386780903 0.5171102661596958
2 0.3684210526315789 0.6891634980988594 0.21542227662178703 0.15019011406844107
2 0.40636474908200737 0.5950570342205324 0.14075887392900857 0.10519645120405577
2 0.09700122399020808 0.5564005069708492 0.11321909424724602 0.11913814955640051
2 0.1481028151774786 0.6318124207858048 0.21297429620563035 0.27249683143219267
2 0.3684210526315789 0.4230038022813688 0.2252141982864137 0.3567807351077313
2 0.144124847001224 0.3669201520912547 0.21113831089351284 0.23827629911280102
2 0.15973072215422277 0.16096324461343473 0.25458996328029376 0.12801013941698353
2 0.6447368421052632 0.16983523447401774 0.2503059975520196 0.11660329531051965
0 0.2160342717258262 0.23954372623574144 0.06119951040391677 0.1267427122940431
0 0.21725826193390452 0.46577946768060835 0.05385556915544676 0.062103929024081114
0 0.2799877600979192 0.5316856780735107 0.05936352509179926 0.05449936628643853
0 0.17931456548347613 0.5497465145754119 0.05507955936352509 0.042458808618504436
0 0.2331701346389229 0.6856780735107731 0.051407588739290085 0.044359949302915085
0 0.3693390452876377 0.6761723700887199 0.04222766217870257 0.057034220532319393
0 0.7028763769889841 0.24112801013941698 0.0605875152998776 0.12610899873257286
0 0.8610771113831089 0.5928390367553865 0.056303549571603426 0.06527249683143219
0 0.8687270501835985 0.6859949302915083 0.06548347613219094 0.055133079847908745
0 0.7472460220318238 0.6920152091254753 0.051407588739290085 0.057034220532319393
0 0.7435740514075887 0.8032319391634981 0.05997552019583843 0.07160963244613434
0 0.7726438188494492 0.8929024081115335 0.06548347613219094 0.05449936628643853