1 0.05739514348785872 0.21589793915603533 0.027961736571008096 0.1844946025515211
1 0.05739514348785872 0.6084396467124632 0.026490066225165563 0.3140333660451423
1 0.9396615158204562 0.5755642787046124 0.02207505518763797 0.17762512266928362
1 0.8601913171449596 0.24582924435721296 0.020603384841795438 0.21884200196270853
2 0.9072847682119205 0.20068694798822376 0.07947019867549669 0.3169774288518155
2 0.7803532008830022 0.5314033366045142 0.293598233995585 0.2777232580961727
2 0.34216335540838855 0.591756624141315 0.1368653421633554 0.14327772325809618
2 0.1600441501103753 0.627576054955839 0.1758646063281825 0.4524043179587831
2 0.24503311258278146 0.21589793915603533 0.34731420161883736 0.34739941118743867
2 0.5533480500367918 0.3601570166830226 0.6004415011037527 0.6280667320902846
0 0.29506990434142755 0.34445534838076547 0.06916850625459897 0.09617271835132483
0 0.2229580573951435 0.4681059862610402 0.06328182487122884 0.0745829244357213
0 0.32560706401766004 0.4818449460255152 0.05077262693156733 0.07654563297350343
0 0.4757174392935982 0.68351324828263 0.08167770419426049 0.19921491658488713
0 0.6582045621780721 0.6334641805691855 0.061074319352465045 0.07556427870461237
0 0.8311258278145696 0.09371933267909716 0.08462104488594555 0.0971540726202159