1 0.2723429951690821 0.24566473988439305 0.17270531400966183 0.028901734104046242
1 0.7596618357487923 0.24393063583815028 0.20531400966183574 0.03468208092485549
2 0.2783816425120773 0.3884393063583815 0.39492753623188404 0.24971098265895952
2 0.17270531400966183 0.5895953757225434 0.1642512077294686 0.13641618497109825
2 0.3671497584541063 0.5907514450867052 0.21739130434782608 0.15028901734104047
2 0.5845410628019324 0.5514450867052023 0.6666666666666666 0.5734104046242775
2 0.7022946859903382 0.13352601156069363 0.4214975845410628 0.1884393063583815
0 0.6086956521739131 0.24797687861271675 0.10628019323671498 0.2184971098265896
0 0.5277777777777778 0.3884393063583815 0.12077294685990338 0.09710982658959537
0 0.2940821256038647 0.615606936416185 0.08816425120772947 0.07745664739884393
0 0.3677536231884058 0.6971098265895954 0.0785024154589372 0.07630057803468208
0 0.40458937198067635 0.846242774566474 0.13768115942028986 0.22427745664739884