1 0.00997566909975669 0.300314465408805 0.014111922141119221 0.11132075471698114
1 0.012652068126520682 0.5179245283018868 0.015571776155717762 0.13647798742138365
1 0.00948905109489051 0.7009433962264151 0.01508515815085158 0.11509433962264151
1 0.33771289537712895 0.799685534591195 0.07591240875912408 0.018238993710691823
1 0.3656934306569343 0.2 0.12700729927007298 0.025157232704402517
1 0.5145985401459854 0.31163522012578615 0.014111922141119221 0.11006289308176101
1 0.8683698296836982 0.20220125786163523 0.1386861313868613 0.020754716981132074
1 0.5111922141119222 0.4827044025157233 0.01508515815085158 0.04465408805031446
1 0.5124087591240876 0.5635220125786163 0.012652068126520682 0.055345911949685536
1 0.510705596107056 0.7169811320754716 0.016058394160583942 0.11320754716981132
2 0.09245742092457421 0.1361635220125786 0.15279805352798054 0.11761006289308176
2 0.3739659367396594 0.34276729559748426 0.16496350364963502 0.26666666666666666
2 0.4 0.5474842767295598 0.10802919708029197 0.12767295597484277
2 0.3708029197080292 0.7053459119496855 0.16642335766423358 0.1792452830188679
2 0.31605839416058396 0.5446540880503145 0.05012165450121654 0.12578616352201258
2 0.15255474452554746 0.6056603773584905 0.2613138686131387 0.3786163522012579
2 0.15255474452554746 0.3179245283018868 0.2632603406326034 0.22452830188679246
2 0.23138686131386862 0.13270440251572327 0.11727493917274939 0.11949685534591195
2 0.6223844282238443 0.3292452830188679 0.20437956204379562 0.23459119496855346
2 0.648418491484185 0.14433962264150943 0.25936739659367397 0.10125786163522013
2 0.6343065693430657 0.7047169811320755 0.23309002433090023 0.18427672955974841
2 0.8141119221411193 0.8679245283018868 0.20340632603406325 0.1220125786163522
2 0.7807785888077858 0.7572327044025158 0.06082725060827251 0.07547169811320754
2 0.5948905109489051 0.5622641509433962 0.14939172749391727 0.07672955974842767
2 0.7416058394160584 0.5044025157232704 0.4408759124087591 0.589937106918239
0 0.7481751824817519 0.18144654088050313 0.033576642335766425 0.05849056603773585
0 0.7082725060827251 0.3805031446540881 0.03941605839416058 0.04905660377358491
0 0.6854014598540146 0.5716981132075472 0.035523114355231145 0.04150943396226415
0 0.7878345498783454 0.6993710691823899 0.0340632603406326 0.050314465408805034
0 0.7333333333333333 0.6861635220125786 0.04184914841849149 0.052830188679245285
0 0.7805352798053528 0.8229559748427673 0.032116788321167884 0.0610062893081761
0 0.37445255474452555 0.6317610062893082 0.035523114355231145 0.04716981132075472
0 0.27153284671532846 0.7572327044025158 0.038929440389294405 0.050314465408805034
0 0.27177615571776154 0.5465408805031446 0.0413625304136253 0.04025157232704402
0 0.30194647201946473 0.4509433962264151 0.040389294403892946 0.050314465408805034
0 0.25158150851581507 0.3940251572327044 0.032116788321167884 0.04213836477987421
0 0.24379562043795622 0.17893081761006288 0.031143552311435525 0.05345911949685535
0 0.18710462287104623 0.13930817610062893 0.03454987834549878 0.03459119496855346