2 0.39849056603773586 0.1404140414041404 0.09358490566037736 0.036003600360036005
2 0.609811320754717 0.13816381638163816 0.09509433962264151 0.0405040504050405
2 0.8215094339622642 0.14086408640864087 0.09433962264150944 0.0369036903690369
2 0.08452830188679246 0.3244824482448245 0.03018867924528302 0.15211521152115212
2 0.0860377358490566 0.5909090909090909 0.03018867924528302 0.11971197119711971
2 0.9215094339622641 0.810981098109811 0.03471698113207547 0.09000900090009001
0 0.7909433962264151 0.7731773177317732 0.2309433962264151 0.27182718271827183
0 0.30150943396226415 0.32853285328532855 0.3947169811320755 0.33663366336633666
0 0.2528301886792453 0.6237623762376238 0.2988679245283019 0.22502250225022502
0 0.5384905660377358 0.6242124212421242 0.25433962264150944 0.23132313231323132
0 0.630943396226415 0.36543654365436545 0.2550943396226415 0.414041404140414
0 0.7920754716981132 0.3982898289828983 0.23471698113207548 0.47434743474347435
1 0.5637735849056604 0.19306930693069307 0.04830188679245283 0.04770477047704771
1 0.5649056603773585 0.25337533753375335 0.047547169811320754 0.05130513051305131
1 0.5656603773584906 0.32673267326732675 0.047547169811320754 0.046804680468046804
1 0.5671698113207547 0.38613861386138615 0.046037735849056606 0.046804680468046804
1 0.48226415094339625 0.4657965796579658 0.04377358490566038 0.05130513051305131
1 0.4528301886792453 0.47254725472547254 0.0709433962264151 0.08280828082808281
1 0.379622641509434 0.5544554455445545 0.06792452830188679 0.0738073807380738
1 0.33849056603773586 0.6485148514851485 0.04452830188679245 0.04410441044104411
1 0.3369811320754717 0.7079207920792079 0.047547169811320754 0.0405040504050405
1 0.4550943396226415 0.7889288928892889 0.0739622641509434 0.0963096309630963
1 0.6347169811320754 0.7083708370837084 0.06037735849056604 0.07920792079207921
1 0.5660377358490566 0.5414041404140414 0.04679245283018868 0.05130513051305131
1 0.589811320754717 0.5441044104410441 0.059622641509433964 0.0747074707470747
1 0.7007547169811321 0.6566156615661566 0.04 0.05670567056705671
1 0.699622641509434 0.6831683168316832 0.0649056603773585 0.06840684068406841
1 0.7505660377358491 0.6588658865886589 0.04452830188679245 0.06480648064806481
1 0.8841509433962265 0.8397839783978398 0.04452830188679245 0.054005400540054004
1 0.8811320754716981 0.558055805580558 0.046037735849056606 0.050405040504050404
1 0.8128301886792453 0.6062106210621062 0.05584905660377359 0.06930693069306931