2 0.335801393728223 0.20219435736677116 0.10017421602787456 0.016927899686520375
2 0.5448606271777003 0.20031347962382445 0.1019163763066202 0.023197492163009405
2 0.7195121951219512 0.19843260188087775 0.10627177700348432 0.02445141065830721
2 0.9560104529616724 0.235423197492163 0.023519163763066203 0.023197492163009405
2 0.9568815331010453 0.5043887147335423 0.025261324041811847 0.023197492163009405
2 0.9564459930313589 0.7692789968652037 0.0313588850174216 0.0877742946708464
2 0.4094076655052265 0.8360501567398119 0.12369337979094076 0.02445141065830721
2 0.20252613240418119 0.8394984326018808 0.11236933797909408 0.01128526645768025
1 0.5675087108013938 0.8673981191222571 0.09668989547038327 0.08087774294670846
1 0.6602787456445993 0.9191222570532915 0.08536585365853659 0.0438871473354232
1 0.5997386759581882 0.8018808777429467 0.06184668989547038 0.04012539184952978
0 0.8292682926829268 0.9012539184952978 0.25261324041811845 0.10721003134796238
0 0.6036585365853658 0.9084639498432602 0.1794425087108014 0.11786833855799372
0 0.49738675958188155 0.11347962382445141 0.9250871080139372 0.15172413793103448
0 0.7804878048780488 0.32727272727272727 0.31881533101045295 0.2394984326018809
0 0.6881533101045296 0.5062695924764891 0.11672473867595819 0.10219435736677115
0 0.8466898954703833 0.5037617554858934 0.1951219512195122 0.10094043887147336
0 0.7778745644599303 0.69717868338558 0.32926829268292684 0.258307210031348
0 0.16898954703832753 0.7178683385579937 0.23867595818815332 0.2206896551724138
0 0.15026132404181183 0.32727272727272727 0.21167247386759583 0.22821316614420062
0 0.1402439024390244 0.5065830721003135 0.1759581881533101 0.1115987460815047
0 0.43989547038327526 0.5181818181818182 0.34668989547038326 0.6100313479623825
1 0.15418118466898956 0.17492163009404388 0.10104529616724739 0.08275862068965517
1 0.43989547038327526 0.16927899686520376 0.09930313588850175 0.07648902821316614
1 0.30618466898954705 0.41442006269592474 0.10017421602787456 0.0664576802507837
1 0.664198606271777 0.41849529780564265 0.10714285714285714 0.058307210031347964
1 0.8501742160278746 0.4244514106583072 0.08362369337979095 0.05768025078369906
1 0.585801393728223 0.5307210031347962 0.07578397212543554 0.057053291536050155
1 0.18728222996515678 0.4250783699059561 0.08188153310104529 0.06896551724137931
1 0.24782229965156793 0.7059561128526646 0.0897212543554007 0.0677115987460815