2 0.15431654676258993 0.2546838407494145 0.020863309352517987 0.3079625292740047
2 0.08633093525179857 0.765807962529274 0.02158273381294964 0.1920374707259953
2 0.9643884892086331 0.8050351288056206 0.020863309352517987 0.11826697892271663
2 0.9647482014388489 0.5409836065573771 0.015827338129496403 0.1873536299765808
2 0.9672661870503597 0.2640515222482436 0.013669064748201438 0.19086651053864168
0 0.09280575539568345 0.30679156908665106 0.09928057553956834 0.49882903981264637
0 0.24424460431654677 0.765807962529274 0.29136690647482016 0.34660421545667447
0 0.44280575539568345 0.65807962529274 0.08705035971223021 0.12412177985948478
0 0.44316546762589926 0.8366510538641686 0.08776978417266187 0.1885245901639344
0 0.5679856115107914 0.1446135831381733 0.13884892086330936 0.18384074941451992
0 0.5622302158273381 0.31381733021077285 0.1316546762589928 0.15456674473067916
0 0.7989208633093525 0.21662763466042154 0.32014388489208634 0.3372365339578454
0 0.6924460431654677 0.7611241217798594 0.11870503597122302 0.3395784543325527
0 0.5589928057553957 0.4953161592505855 0.7913669064748201 0.8805620608899297
1 0.6658273381294963 0.3507025761124122 0.06546762589928058 0.12997658079625293
1 0.5582733812949641 0.4449648711943794 0.051798561151079135 0.11007025761124122
1 0.15251798561151078 0.48009367681498827 0.15251798561151078 0.117096018735363
1 0.6607913669064748 0.538056206088993 0.0539568345323741 0.10421545667447307
1 0.2884892086330935 0.6317330210772834 0.060431654676258995 0.11826697892271663
1 0.4172661870503597 0.6381733021077284 0.05467625899280575 0.07494145199063232
1 0.4694244604316547 0.6364168618266979 0.05107913669064748 0.07845433255269321
1 0.46906474820143884 0.7833723653395784 0.058992805755395686 0.08899297423887588
1 0.556115107913669 0.8817330210772834 0.07194244604316546 0.1522248243559719