0 0.415136 0.209984 0.0767198 0.0821921
0 0.708702 0.873811 0.0853587 0.0905479
0 0.211933 0.773261 0.0870686 0.0911883
0 0.723071 0.725675 0.0941308 0.0849121
0 0.705897 0.544316 0.0866617 0.0946046
0 0.309356 0.271702 0.0765708 0.0788146
1 0.845068 0.108751 0.0657394 0.0232308
1 0.499121 0.103913 0.0987288 0.021347
1 0.769778 0.107843 0.0851973 0.020709
1 0.364528 0.37985 0.0395636 0.265625
1 0.353451 0.679004 0.0185604 0.117906
1 0.35347 0.591213 0.0180496 0.0679781
1 0.578385 0.176023 0.0863078 0.0187569
