1 0.79886 0.2818 0.0671846 0.0312088
1 0.2471 0.777209 0.0341335 0.0281107
1 0.724074 0.283216 0.0696644 0.0325848
1 0.851788 0.544127 0.0176014 0.0542728
1 0.709547 0.76671 0.0346246 0.0290455
1 0.208045 0.393206 0.0207716 0.104466
1 0.625 0.535463 0.016472 0.048133
1 0.335255 0.776644 0.079728 0.0307528
1 0.624825 0.62604 0.0175018 0.0496387
1 0.795838 0.764898 0.0752818 0.032819
1 0.338856 0.273341 0.068215 0.0291757
0 0.206579 0.624988 0.0255303 0.0539053
0 0.762218 0.604179 0.0327126 0.0424034
