0 0.494622 0.705796 0.0372846 0.0617595
0 0.535015 0.318834 0.0411017 0.0719123
0 0.136346 0.220069 0.044074 0.0718258
0 0.607288 0.805729 0.0377351 0.0693443
0 0.535538 0.228916 0.0417568 0.0758592
0 0.194151 0.147135 0.0354804 0.0625805
0 0.223811 0.285476 0.0359256 0.0701823
0 0.85179 0.663232 0.0326121 0.0649042
0 0.369932 0.707682 0.0345312 0.0594916
0 0.261454 0.703005 0.038807 0.0660055
0 0.268816 0.782485 0.0325193 0.0638156
0 0.845688 0.446488 0.0297428 0.0632507
1 0.957435 0.548854 0.0198725 0.0756972
0 0.365317 0.782134 0.0302872 0.0620059
0 0.558435 0.65336 0.0310364 0.0501153
1 0.248544 0.880217 0.0191653 0.107331
1 0.356785 0.951662 0.0303067 0.0295723
0 0.821244 0.338836 0.0271299 0.0547912
1 0.122279 0.127087 0.013812 0.117906
1 0.433438 0.951394 0.041775 0.0302462
