2 0.130859375 0.20527045769764216 0.095703125 0.09084604715672677
2 0.13037109375 0.34396671289875175 0.08984375 0.08668515950069348
8 0.6376953125 0.22399445214979197 0.04833984375 0.13245492371705964
8 0.775390625 0.22122052704576978 0.04736328125 0.1317614424410541
8 0.8818359375 0.22330097087378642 0.04931640625 0.1276005547850208
4 0.634765625 0.34119278779472956 0.041015625 0.06171983356449376
4 0.8818359375 0.35714285714285715 0.04736328125 0.06934812760055478
6 0.28173828125 0.6296809986130375 0.06982421875 0.09778085991678225
7 0.22607421875 0.7669902912621359 0.0419921875 0.10540915395284327
6 0.62646484375 0.6317614424410541 0.0693359375 0.09778085991678225
