3 0.21824480369515012 0.13788300835654596 0.12471131639722864 0.17734447539461468
5 0.12153579676674364 0.4507892293407614 0.0687066974595843 0.23862581244196843
6 0.21506928406466513 0.45403899721448465 0.0825635103926097 0.12999071494893222
2 0.3195727482678984 0.7000928505106778 0.1033487297921478 0.11327762302692665
4 0.4745958429561201 0.3681522748375116 0.054272517321016164 0.08449396471680594
8 0.723729792147806 0.36536675951717734 0.10681293302540416 0.0882079851439183
4 0.9157043879907621 0.36629526462395545 0.053117782909930716 0.08635097493036212
6 0.5297344110854504 0.6123491179201486 0.08371824480369515 0.12720519962859797
3 0.5291570438799076 0.7748375116063139 0.11374133949191687 0.1977715877437326
4 0.4405311778290993 0.9419684308263695 0.050808314087759814 0.07892293407613742
7 0.6102771362586605 0.9452181987000928 0.08775981524249422 0.07428040854224698
2 0.9001154734411085 0.6425255338904364 0.10392609699769054 0.11513463324048283
2 0.9133949191685913 0.9094707520891365 0.10854503464203233 0.11234911792014857
