7 0.09392265193370165 0.06869633099141297 0.14732965009208104 0.06401249024199844
3 0.15515653775322283 0.4644808743169399 0.20165745856353592 0.15144418423106948
2 0.585635359116022 0.09992193598750976 0.11602209944751381 0.14207650273224043
2 0.8908839779005525 0.09679937548790007 0.11694290976058933 0.14676034348165495
6 0.6252302025782689 0.6014832162373146 0.1289134438305709 0.1053864168618267
6 0.8844383057090239 0.5917252146760343 0.13351749539594843 0.10772833723653395
5 0.6979742173112339 0.7580015612802498 0.23756906077348067 0.08899297423887588
8 0.1477900552486188 0.9176424668227947 0.1721915285451197 0.07259953161592506
4 0.6330570902394107 0.9469164715066355 0.0856353591160221 0.07181889149102264
8 0.8623388581952118 0.9203747072599532 0.17403314917127072 0.078064012490242
