3 0.16250917094644168 0.19923371647509577 0.15920763022743947 0.1486590038314176
7 0.09501100513573 0.032567049808429116 0.10931768158473955 0.06513409961685823
7 0.21533382245047689 0.02950191570881226 0.1107850330154072 0.05900383141762452
2 0.3694057226705796 0.07547892720306514 0.09024211298606016 0.13869731800766283
2 0.5370506236243581 0.08237547892720307 0.08950843727072634 0.1417624521072797
8 0.24981658107116655 0.546360153256705 0.13279530447542187 0.07203065134099616
8 0.2589875275128393 0.8425287356321839 0.13499633162142333 0.07126436781609195
4 0.07373440939104915 0.5459770114942529 0.06089508437270726 0.07586206896551724
4 0.07703595011005136 0.7272030651340996 0.06603081438004402 0.07049808429118774
4 0.07556859867938372 0.8659003831417624 0.06456346294937637 0.07049808429118774
6 0.5348495964783566 0.6980842911877395 0.1012472487160675 0.10727969348659004
5 0.7721936903888481 0.054022988505747126 0.18415260454878943 0.09118773946360154
