8 0.20939420544337137 0.1572139303482587 0.07989464442493416 0.18308457711442785
4 0.05487269534679543 0.13432835820895522 0.07287093942054433 0.08358208955223881
2 0.5074626865671642 0.09154228855721393 0.15452151009657594 0.11940298507462686
2 0.5013169446883231 0.4 0.1527655838454785 0.11940298507462686
7 0.7550482879719052 0.10398009950248756 0.07550482879719052 0.1482587064676617
3 0.8968393327480246 0.24776119402985075 0.13432835820895522 0.17313432835820897
5 0.252414398595259 0.6572139303482587 0.09043020193151888 0.24378109452736318
5 0.4815627743634767 0.8383084577114428 0.218612818261633 0.11044776119402985
6 0.47629499561018435 0.6248756218905472 0.11852502194907814 0.13134328358208955
6 0.7199297629499561 0.6587064676616915 0.09833187006145742 0.2427860696517413
