3 0.21203228173147468 0.1475095785440613 0.14233308877476156 0.16628352490421455
7 0.05062362435803375 0.07701149425287357 0.06603081438004402 0.11417624521072797
7 0.04768892149669846 0.20268199233716475 0.06016140865737344 0.11570881226053639
2 0.09354365370506236 0.3636015325670498 0.13279530447542187 0.09425287356321839
2 0.10014673514306677 0.5386973180076629 0.13573000733675716 0.09348659003831418
8 0.5443873807776962 0.23869731800766283 0.06896551724137931 0.13869731800766283
8 0.8279530447542186 0.2482758620689655 0.06823184152604549 0.1409961685823755
4 0.5440205429200293 0.05478927203065134 0.07263389581804842 0.06360153256704981
4 0.7175348495964784 0.05823754789272031 0.06749816581071166 0.06896551724137931
4 0.8503301540719003 0.056704980842911874 0.06749816581071166 0.06743295019157088
6 0.6896551724137931 0.5363984674329502 0.10271460014673514 0.10574712643678161
5 0.07300073367571533 0.7842911877394636 0.08730741012472487 0.19233716475095786
