5 0.1498150431565968 0.09482001755926252 0.1504315659679408 0.10008779631255488
2 0.07953144266337854 0.3867427568042142 0.11220715166461159 0.10623353819139596
7 0.04408138101109741 0.6777875329236172 0.051171393341553635 0.1299385425812116
3 0.1781750924784217 0.7493415276558385 0.1344019728729963 0.1694468832309043
7 0.07028360049321825 0.9280070237050044 0.09617755856966707 0.07550482879719052
2 0.4250924784217016 0.6259877085162423 0.11405672009864365 0.10535557506584724
2 0.4204685573366215 0.9266900790166813 0.11467324290998766 0.10272168568920105
4 0.7265721331689272 0.6453028972783144 0.054870530209617754 0.08077260755048288
8 0.9475955610357584 0.704126426690079 0.05795314426633785 0.15978928884986832
8 0.8039457459926017 0.9170324846356454 0.1159062885326757 0.08165057067603161
