5 0.5025488530161427 0.24332977588046958 0.21325403568394222 0.12166488794023479
6 0.4927782497875956 0.37940234791889005 0.11384876805437553 0.13980789754535752
7 0.9120645709430756 0.9311632870864461 0.13169073916737467 0.09071504802561366
4 0.7493627867459643 0.9263607257203842 0.07646559048428207 0.09818569903948772
2 0.6045029736618521 0.6664887940234792 0.102803738317757 0.19530416221985059
2 0.40271877655055227 0.6152614727854856 0.10195412064570943 0.19316969050160085
6 0.4927782497875956 0.8596584845250801 0.12064570943075616 0.144076840981857
8 0.06117247238742566 0.6077908217716115 0.07646559048428207 0.19530416221985059
4 0.2731520815632965 0.927427961579509 0.09430756159728122 0.096051227321238
4 0.0951571792693288 0.9242262540021344 0.07816482582837724 0.096051227321238
