8 0.19754170324846357 0.8293532338308458 0.16154521510096576 0.09054726368159204
4 0.17734855136084285 0.9815920398009951 0.07374890254609306 0.03681592039800995
2 0.1395961369622476 0.49154228855721394 0.10535557506584724 0.17512437810945275
2 0.4117647058823529 0.49850746268656715 0.10535557506584724 0.17313432835820897
7 0.15057067603160668 0.2109452736318408 0.13081650570676032 0.08557213930348259
3 0.2774363476733977 0.06318407960199005 0.1527655838454785 0.1263681592039801
5 0.6387181738366988 0.7805970149253731 0.2151009657594381 0.10248756218905472
5 0.7985074626865671 0.5208955223880597 0.09745390693590869 0.24776119402985075
6 0.6101843722563652 0.5268656716417911 0.11589113257243196 0.13432835820895522
6 0.6400351185250219 0.2507462686567164 0.21422300263388938 0.11144278606965174
