8 0.7386419149975574 0.05945945945945946 0.06985832926233512 0.05791505791505792
5 0.43917928676111384 0.09806949806949807 0.06888128969223253 0.051737451737451735
2 0.5725451880801172 0.32895752895752894 0.04689789936492428 0.10888030888030888
2 0.4147532975085491 0.3204633204633205 0.04836345872007816 0.10733590733590734
2 0.5271128480703469 0.6131274131274131 0.039081582804103565 0.06409266409266409
2 0.4562774792379091 0.6154440154440154 0.03761602344894968 0.06332046332046332
2 0.2071323888617489 0.5042471042471043 0.040058622374206154 0.06177606177606178
6 0.563751831949194 0.9204633204633205 0.05129457743038593 0.08648648648648649
6 0.41719589643380556 0.932046332046332 0.05276013678553981 0.0833976833976834
6 0.22276502198339032 0.9382239382239382 0.05031753786028334 0.08494208494208494
3 0.7313141182217879 0.6054054054054054 0.05666829506595017 0.10579150579150579
3 0.7274059599413776 0.932046332046332 0.05764533463605276 0.09652509652509653
4 0.7821201758671226 0.3590733590733591 0.03419638495359062 0.05868725868725869
