5 0.079002079002079 0.1108695652173913 0.08246708246708247 0.18333333333333332
2 0.16874566874566874 0.5971014492753624 0.13028413028413027 0.09782608695652174
2 0.1690921690921691 0.7695652173913043 0.1295911295911296 0.09057971014492754
2 0.1683991683991684 0.9550724637681159 0.1288981288981289 0.08985507246376812
8 0.5017325017325017 0.5731884057971014 0.06722106722106722 0.1355072463768116
7 0.4112959112959113 0.6123188405797102 0.062370062370062374 0.11666666666666667
7 0.5211365211365211 0.9735507246376811 0.10672210672210672 0.05289855072463768
4 0.674982674982675 0.5409420289855073 0.061677061677061676 0.06376811594202898
2 0.8804573804573804 0.5836956521739131 0.1288981288981289 0.0927536231884058
2 0.8911988911988912 0.9405797101449276 0.13097713097713098 0.09782608695652174
3 0.3839223839223839 0.9166666666666666 0.10741510741510742 0.13840579710144926
