2 0.9381161007667032 0.10393700787401575 0.06790799561883899 0.14330708661417324
2 0.8559693318729463 0.10275590551181102 0.07119386637458927 0.14724409448818898
5 0.6007667031763417 0.09566929133858268 0.13910186199342825 0.09212598425196851
5 0.38608981380065716 0.09370078740157481 0.140197152245345 0.08976377952755905
8 0.1306133625410734 0.0547244094488189 0.10569550930996714 0.07795275590551182
4 0.035596933187294635 0.1799212598425197 0.04600219058050383 0.07322834645669292
7 0.45208105147864186 0.6228346456692914 0.045454545454545456 0.11811023622047244
7 0.03806133625410734 0.612992125984252 0.049835706462212484 0.1188976377952756
2 0.42743702081051477 0.9003937007874016 0.06736035049288061 0.14251968503937007
2 0.047097480832420595 0.9086614173228347 0.0700985761226725 0.14330708661417324
