5 0.7867534456355283 0.07593543653705062 0.19065849923430322 0.08730741012472487
2 0.5417304747320061 0.1012472487160675 0.09724349157733538 0.13646368305209097
2 0.36562021439509956 0.09501100513573 0.1003062787136294 0.1371973587674248
3 0.14624808575803983 0.2090975788701394 0.17151607963246554 0.1408657373440939
7 0.20405819295558958 0.049889948642699924 0.11868300153139356 0.06603081438004402
7 0.07580398162327719 0.05172413793103448 0.11944869831546708 0.06676449009537784
8 0.2392802450229709 0.5473220836390316 0.14624808575803983 0.0719002201027146
8 0.24770290964777947 0.8290535583272194 0.14624808575803983 0.06896551724137931
4 0.058958652373660034 0.545487894350697 0.06738131699846861 0.0652971386647102
4 0.05742725880551302 0.7168011738811445 0.07044410413476264 0.06456346294937637
4 0.06010719754977029 0.8539985326485693 0.06967840735068913 0.06456346294937637
6 0.5405819295558959 0.6918561995597946 0.10872894333843798 0.10271460014673514
