5 0.236328125 0.37320574162679426 0.119140625 0.07518796992481203
6 0.232421875 0.2576896787423103 0.06982421875 0.09090909090909091
8 0.1611328125 0.606971975393028 0.0458984375 0.12235133287764867
8 0.15966796875 0.807928913192071 0.04638671875 0.1291866028708134
7 0.298828125 0.6712235133287765 0.041015625 0.09774436090225563
3 0.42822265625 0.5946684894053315 0.10400390625 0.12440191387559808
2 0.77783203125 0.719753930280246 0.06005859375 0.12371838687628162
2 0.92578125 0.7156527682843472 0.06201171875 0.12440191387559808
4 0.27734375 0.9412166780587833 0.04541015625 0.06220095693779904
2 0.4755859375 0.924812030075188 0.09130859375 0.0861244019138756
6 0.5126953125 0.18796992481203006 0.06689453125 0.09501025290498975
