2 0.07986281234688879 0.09256198347107437 0.06761391474767271 0.1068870523415978
2 0.18103870651641352 0.09201101928374655 0.06516413522782949 0.1046831955922865
2 0.2851543361097501 0.09228650137741047 0.06271435570798628 0.10633608815426997
5 0.24399804017638413 0.46639118457300277 0.06271435570798628 0.14049586776859505
5 0.25012248897599215 0.859504132231405 0.059284664380205784 0.14214876033057852
8 0.5301322880940715 0.5451790633608815 0.05585497305242528 0.10743801652892562
8 0.7589416952474277 0.5933884297520661 0.05193532582067614 0.10909090909090909
4 0.6504164625183734 0.6198347107438017 0.04850563449289564 0.05619834710743802
2 0.5813326800587947 0.7942148760330578 0.06222439980401764 0.10523415977961433
2 0.6822635962763351 0.7944903581267218 0.06320431161195493 0.1046831955922865
2 0.7895639392454679 0.7925619834710744 0.0641842234198922 0.10082644628099173
3 0.6393924546790789 0.14820936639118457 0.11562959333659971 0.11239669421487604
7 0.5298873101420872 0.2721763085399449 0.044585987261146494 0.0881542699724518
7 0.759186673199412 0.27300275482093667 0.04556589906908378 0.08870523415977961
