5 0.35205078125 0.044587945879458794 0.037109375 0.08917589175891759
5 0.50537109375 0.15190651906519065 0.0732421875 0.04366543665436654
2 0.3681640625 0.33210332103321033 0.04052734375 0.07257072570725707
2 0.5185546875 0.3376383763837638 0.0390625 0.06949569495694957
2 0.67333984375 0.33825338253382536 0.0361328125 0.07687576875768758
2 0.82373046875 0.34501845018450183 0.0439453125 0.07626076260762607
3 0.1953125 0.3327183271832718 0.0634765625 0.08364083640836409
3 0.1953125 0.531980319803198 0.0634765625 0.08733087330873308
3 0.197265625 0.7509225092250923 0.060546875 0.0897908979089791
7 0.1591796875 0.020910209102091022 0.0615234375 0.041820418204182044
7 0.24609375 0.017527675276752766 0.0615234375 0.03505535055350553
6 0.3701171875 0.7152521525215252 0.05712890625 0.07564575645756458
6 0.52294921875 0.7152521525215252 0.05517578125 0.07749077490774908
6 0.6748046875 0.7189421894218943 0.06005859375 0.07318573185731857
6 0.8271484375 0.7250922509225092 0.05908203125 0.07195571955719557
8 0.5439453125 0.8364083640836408 0.07275390625 0.05350553505535055
