5 0.64794921875 0.9554120541205412 0.037109375 0.08917589175891759
5 0.49462890625 0.8480934809348093 0.0732421875 0.04366543665436654
2 0.6318359375 0.6678966789667896 0.04052734375 0.07257072570725707
2 0.4814453125 0.6623616236162362 0.0390625 0.06949569495694957
2 0.32666015625 0.6617466174661747 0.0361328125 0.07687576875768758
2 0.17626953125 0.6549815498154982 0.0439453125 0.07626076260762607
3 0.8046875 0.6672816728167281 0.0634765625 0.08364083640836409
3 0.8046875 0.46801968019680196 0.0634765625 0.08733087330873308
3 0.802734375 0.24907749077490776 0.060546875 0.0897908979089791
7 0.8408203125 0.9787822878228782 0.0615234375 0.042435424354243544
7 0.75390625 0.9821648216482165 0.0615234375 0.03567035670356704
6 0.6298828125 0.28474784747847476 0.05712890625 0.07564575645756458
6 0.47705078125 0.28474784747847476 0.05517578125 0.07749077490774908
6 0.3251953125 0.2810578105781058 0.06005859375 0.07318573185731857
6 0.1728515625 0.27490774907749077 0.05908203125 0.07195571955719557
8 0.4560546875 0.16359163591635917 0.07275390625 0.05350553505535055
