5 0.912109375 0.35107169253510717 0.076171875 0.059127864005912786
5 0.77880859375 0.3532889874353289 0.076171875 0.056910569105691054
5 0.896484375 0.7679231337767923 0.076171875 0.05469327420546933
5 0.77880859375 0.770879526977088 0.0732421875 0.056910569105691054
2 0.50537109375 0.44198078344419806 0.0732421875 0.07095343680709534
2 0.50244140625 0.5262379896526238 0.06884765625 0.06947524020694752
2 0.265625 0.8388765705838876 0.0703125 0.07095343680709534
2 0.2646484375 0.9238728750923872 0.0712890625 0.07760532150776053
6 0.51318359375 0.8957871396895787 0.05615234375 0.07982261640798226
6 0.267578125 0.37398373983739835 0.052734375 0.082039911308204
3 0.451171875 0.13229859571322986 0.06689453125 0.08795269770879527
3 0.29296875 0.13303769401330376 0.064453125 0.090169992609017
3 0.13671875 0.1278640059127864 0.0634765625 0.090169992609017
7 0.03369140625 0.20916481892091648 0.0361328125 0.08795269770879527
8 0.08544921875 0.37398373983739835 0.0380859375 0.10643015521064302
4 0.03173828125 0.4441980783444198 0.03759765625 0.06208425720620843
6 0.720703125 0.14116777531411678 0.056640625 0.08056171470805618
