5 0.403076171875 0.9220251293422025 0.03759765625 0.11529933481152993
5 0.678955078125 0.9220251293422025 0.03759765625 0.11086474501108648
2 0.461669921875 0.508130081300813 0.046875 0.11086474501108648
2 0.517333984375 0.5036954915003695 0.0458984375 0.10421286031042129
2 0.723876953125 0.14523281596452328 0.046875 0.10643015521064302
2 0.780029296875 0.14375461936437547 0.05126953125 0.10790835181079084
6 0.761474609375 0.5199556541019955 0.052734375 0.08499630450849963
6 0.416748046875 0.14818920916481892 0.05419921875 0.07982261640798226
3 0.257080078125 0.426090169992609 0.05810546875 0.10125646711012565
3 0.257568359375 0.18662232076866223 0.0595703125 0.0975609756097561
6 0.262939453125 0.8340724316334073 0.05322265625 0.08573540280857354
