2 0.07275390625 0.06228373702422145 0.07373046875 0.07335640138408304
2 0.068359375 0.2491349480968858 0.0751953125 0.07474048442906574
6 0.1708984375 0.15916955017301038 0.05859375 0.08304498269896193
6 0.20361328125 0.4387543252595156 0.0615234375 0.07750865051903114
5 0.2216796875 0.829757785467128 0.048828125 0.14186851211072665
8 0.42529296875 0.10311418685121107 0.04052734375 0.11072664359861592
8 0.59521484375 0.45121107266435984 0.03955078125 0.10588235294117647
7 0.42333984375 0.4615916955017301 0.03759765625 0.08996539792387544
4 0.59326171875 0.3328719723183391 0.03857421875 0.05259515570934256
7 0.66064453125 0.10034602076124567 0.03564453125 0.09065743944636678
7 0.85107421875 0.10380622837370242 0.037109375 0.08788927335640138
7 0.66259765625 0.4844290657439446 0.03955078125 0.08927335640138408
7 0.84912109375 0.4865051903114187 0.03564453125 0.08581314878892733
3 0.7392578125 0.26366782006920414 0.08837890625 0.11280276816608996
2 0.640625 0.6083044982698962 0.0732421875 0.0698961937716263
2 0.63525390625 0.7944636678200692 0.0771484375 0.0726643598615917
6 0.7392578125 0.7058823529411765 0.06201171875 0.0782006920415225
