5 0.030191873589164784 0.431396484375 0.06038374717832957 0.12158203125
5 0.26241534988713316 0.52099609375 0.0626410835214447 0.12255859375
2 0.5304740406320542 0.158203125 0.06884875846501129 0.0888671875
2 0.6523702031602708 0.15576171875 0.06884875846501129 0.08740234375
8 0.5965011286681715 0.46533203125 0.10158013544018059 0.04736328125
8 0.600451467268623 0.57373046875 0.0981941309255079 0.0458984375
4 0.4492099322799097 0.60009765625 0.05191873589164785 0.044921875
2 0.5135440180586908 0.72802734375 0.0682844243792325 0.08984375
2 0.6410835214446953 0.72216796875 0.07505643340857787 0.09228515625
3 0.8747178329571106 0.3681640625 0.10948081264108352 0.10498046875
3 0.873589164785553 0.59912109375 0.10609480812641084 0.10205078125
6 0.9737584650112867 0.4892578125 0.05248306997742664 0.064453125
7 0.9737584650112867 0.248046875 0.05248306997742664 0.044921875
