5 0.12785862785862787 0.059782608695652176 0.17532917532917533 0.08623188405797101
2 0.5928620928620929 0.1536231884057971 0.09355509355509356 0.13623188405797101
2 0.7577962577962578 0.1539855072463768 0.08662508662508663 0.1355072463768116
2 0.9362439362439362 0.1536231884057971 0.08731808731808732 0.13478260869565217
8 0.56999306999307 0.5018115942028986 0.1295911295911296 0.07028985507246377
7 0.6074151074151074 0.4072463768115942 0.11157311157311157 0.06521739130434782
7 0.9580734580734581 0.5224637681159421 0.060291060291060294 0.11159420289855072
4 0.5391545391545391 0.6829710144927537 0.060984060984060985 0.0644927536231884
2 0.58004158004158 0.8978260869565218 0.0887040887040887 0.13478260869565217
2 0.9213444213444213 0.9090579710144927 0.09355509355509356 0.13695652173913042
3 0.8984753984753985 0.3786231884057971 0.13236313236313235 0.11231884057971014
