5 0.13525390625 0.31365313653136534 0.0771484375 0.046740467404674045
5 0.07666015625 0.5043050430504306 0.03369140625 0.0940959409594096
5 0.2236328125 0.5067650676506765 0.03466796875 0.09225092250922509
2 0.36669921875 0.3339483394833948 0.0576171875 0.051045510455104554
2 0.37109375 0.523370233702337 0.05517578125 0.04920049200492005
2 0.37158203125 0.7183271832718328 0.06103515625 0.04551045510455105
2 0.376953125 0.9077490774907749 0.060546875 0.055350553505535055
3 0.3671875 0.11623616236162361 0.06640625 0.07995079950799508
3 0.525390625 0.11623616236162361 0.0693359375 0.07995079950799508
3 0.69921875 0.11869618696186962 0.0712890625 0.07626076260762607
7 0.119140625 0.07072570725707257 0.03466796875 0.07749077490774908
7 0.1142578125 0.18019680196801968 0.03369140625 0.07749077490774908
6 0.9501953125 0.05965559655596556 0.05859375 0.07257072570725707
6 0.6708984375 0.33640836408364083 0.06005859375 0.07195571955719557
6 0.6708984375 0.5289052890528906 0.0615234375 0.06949569495694957
6 0.673828125 0.7201722017220172 0.05810546875 0.07564575645756458
6 0.6787109375 0.9120541205412054 0.05712890625 0.07441574415744158
4 0.95751953125 0.2109471094710947 0.03564453125 0.05412054120541206
4 0.97119140625 0.4145141451414514 0.03662109375 0.05350553505535055
8 0.76708984375 0.5553505535055351 0.04248046875 0.09163591635916359
