2 0.5725629791894852 0.10433070866141732 0.06736035049288061 0.14566929133858267
2 0.5777656078860898 0.4062992125984252 0.07228915662650602 0.14330708661417324
2 0.5725629791894852 0.9003937007874016 0.06736035049288061 0.14566929133858267
2 0.9520810514786419 0.9125984251968504 0.06736035049288061 0.14330708661417324
3 0.8811610076670318 0.20039370078740157 0.10295728368017525 0.1236220472440945
3 0.880065717415115 0.4496062992125984 0.10076670317634173 0.12440944881889764
4 0.9570098576122672 0.06692913385826772 0.052026286966046005 0.07401574803149606
4 0.30010952902519167 0.0562992125984252 0.04928806133625411 0.07480314960629922
4 0.47453450164293537 0.4125984251968504 0.045454545454545456 0.12283464566929134
8 0.34036144578313254 0.4377952755905512 0.10460021905805038 0.07716535433070866
5 0.10021905805038335 0.0641732283464567 0.13910186199342825 0.09212598425196851
