6 0.25927734375 0.9622837370242214 0.05859375 0.0754325259515571
6 0.456787109375 0.9200692041522491 0.0546875 0.08719723183391004
5 0.732666015625 0.8944636678200693 0.10009765625 0.06920415224913495
8 0.219970703125 0.6058823529411764 0.078125 0.057439446366782006
8 0.465576171875 0.36505190311418684 0.07470703125 0.056055363321799306
7 0.472900390625 0.6086505190311419 0.0634765625 0.05328719723183391
4 0.382080078125 0.3678200692041522 0.037109375 0.05467128027681661
7 0.218017578125 0.27231833910034603 0.06396484375 0.05051903114186851
7 0.220458984375 0.014186851211072665 0.06201171875 0.02837370242214533
7 0.489013671875 0.26955017301038064 0.06298828125 0.056055363321799306
7 0.490234375 0.01522491349480969 0.060546875 0.03044982698961938
3 0.333251953125 0.16089965397923875 0.07958984375 0.12525951557093426
2 0.576416015625 0.30069204152249135 0.04931640625 0.10380622837370242
2 0.707763671875 0.3083044982698962 0.05126953125 0.10934256055363321
6 0.645263671875 0.16089965397923875 0.05517578125 0.08788927335640138
