2 0.13767760901518863 0.03278236914600551 0.0950514453699167 0.06556473829201102
2 0.13718765311122 0.14132231404958678 0.09309162175404213 0.07327823691460054
2 0.1374326310632043 0.25840220385674934 0.09456148946594807 0.07052341597796143
5 0.47011268985791277 0.21212121212121213 0.12493875551200392 0.07052341597796143
5 0.8196962273395394 0.2190082644628099 0.12640862322390986 0.06666666666666667
8 0.5401763841254287 0.5338842975206611 0.09554140127388536 0.0628099173553719
8 0.5830475257226849 0.7911845730027548 0.09701126898579128 0.05840220385674931
4 0.6065654091131798 0.6691460055096419 0.04997550220480157 0.05454545454545454
2 0.7616364527192553 0.5914600550964187 0.09358157765801078 0.0699724517906336
2 0.7618814306712396 0.7049586776859504 0.09309162175404213 0.07107438016528926
2 0.7601665850073493 0.8256198347107438 0.08966193042626164 0.0721763085399449
3 0.18716315531602157 0.6567493112947659 0.09995100440960314 0.13002754820936638
7 0.2974032337089662 0.5336088154269972 0.07839294463498285 0.050137741046831955
7 0.2981381675649192 0.7914600550964187 0.0788829005389515 0.0512396694214876
