5 0.05742725880551302 0.7747615553925165 0.09111791730474732 0.18268525311812178
2 0.08384379785604901 0.5399853264856933 0.14241960183767227 0.09317681584739546
2 0.0773353751914242 0.37123991195891415 0.14318529862174578 0.09611151870873075
3 0.19640122511485453 0.16104181951577404 0.14701378254211334 0.16434336023477622
7 0.03215926493108729 0.21606749816581072 0.06431852986217458 0.11371973587674249
7 0.03330781010719755 0.09317681584739546 0.0666156202143951 0.1144534115920763
8 0.5493874425727412 0.25018341892883345 0.07503828483920368 0.1401320616287601
8 0.8434150076569679 0.2582538517975055 0.07197549770290965 0.1401320616287601
4 0.5474732006125574 0.07740278796771827 0.0681470137825421 0.06456346294937637
4 0.7262633996937213 0.07593543653705062 0.06738131699846861 0.06749816581071166
4 0.8694486983154671 0.07850330154071901 0.06738131699846861 0.06676449009537784
6 0.7002297090352221 0.5388848129126926 0.10719754977029096 0.10418195157740279
