8 0.7787005373717636 0.12277992277992278 0.03663898387884709 0.11042471042471043
5 0.8920371275036639 0.5915057915057915 0.03419638495359062 0.10810810810810811
5 0.7542745481191988 0.5961389961389961 0.032730825598436736 0.10888030888030888
5 0.8436736687835857 0.3806949806949807 0.06888128969223253 0.061003861003861
2 0.6082071323888617 0.3853281853281853 0.06888128969223253 0.07413127413127413
2 0.613580850024426 0.6347490347490348 0.06790425012212994 0.07644787644787644
2 0.42843185148998536 0.45714285714285713 0.04054714215925745 0.06177606177606178
2 0.42696629213483145 0.5691119691119692 0.040058622374206154 0.05945945945945946
2 0.49731314118221787 0.962934362934363 0.039081582804103565 0.06332046332046332
6 0.2340009770395701 0.3992277992277992 0.05471421592574499 0.08108108108108109
6 0.22667318026380068 0.6308880308880309 0.05276013678553981 0.0833976833976834
6 0.22276502198339032 0.9382239382239382 0.0537371763556424 0.07953667953667953
3 0.4333170493404983 0.13436293436293437 0.06692721055202736 0.08957528957528957
3 0.22667318026380068 0.14054054054054055 0.06106497313141182 0.09111969111969112
4 0.5891548607718613 0.05405405405405406 0.03712750366389839 0.05405405405405406
7 0.033707865168539325 0.08957528957528957 0.03126526624328285 0.09343629343629344
7 0.02882266731802638 0.36833976833976834 0.02979970688812897 0.08725868725868725
