5 0.590576171875 0.8691045796308954 0.0537109375 0.16678058783321942
6 0.673095703125 0.8745727956254272 0.06494140625 0.09774436090225563
8 0.423583984375 0.9709501025290499 0.08740234375 0.05809979494190021
8 0.280029296875 0.9719753930280246 0.09228515625 0.056049213943950786
7 0.377685546875 0.7816131237183869 0.06982421875 0.05741626794258373
3 0.432373046875 0.6004784688995215 0.0888671875 0.14559125085440874
2 0.343017578125 0.11107313738892687 0.08837890625 0.08407382091592618
4 0.184814453125 0.8116883116883117 0.04443359375 0.063568010936432
2 0.196533203125 0.5341763499658236 0.0615234375 0.12781954887218044
6 0.722900390625 0.48222829801777173 0.06787109375 0.0936431989063568
