2 0.061883899233296825 0.10393700787401575 0.06790799561883899 0.14330708661417324
2 0.14403066812705367 0.10275590551181102 0.07119386637458927 0.14724409448818898
5 0.39923329682365827 0.09566929133858268 0.13910186199342825 0.09212598425196851
5 0.6139101861993428 0.09370078740157481 0.140197152245345 0.08976377952755905
8 0.8693866374589266 0.0547244094488189 0.10569550930996714 0.07795275590551182
4 0.9644030668127054 0.1799212598425197 0.04600219058050383 0.07322834645669292
7 0.5479189485213581 0.6228346456692914 0.045454545454545456 0.11811023622047244
7 0.9619386637458927 0.612992125984252 0.049835706462212484 0.1188976377952756
2 0.5725629791894852 0.9003937007874016 0.06736035049288061 0.14251968503937007
2 0.9529025191675794 0.9086614173228347 0.0700985761226725 0.14330708661417324
