2 0.8288288288288288 0.5971014492753624 0.1282051282051282 0.09057971014492754
2 0.8322938322938322 0.7706521739130435 0.13097713097713098 0.09420289855072464
2 0.8295218295218295 0.9547101449275363 0.13444213444213443 0.09057971014492754
3 0.6157311157311157 0.913768115942029 0.11226611226611227 0.1282608695652174
5 0.9192654192654193 0.11014492753623188 0.08454608454608455 0.18478260869565216
2 0.11954261954261955 0.5833333333333334 0.1288981288981289 0.09347826086956522
2 0.10672210672210672 0.9423913043478261 0.1282051282051282 0.0927536231884058
7 0.47955647955647956 0.9731884057971014 0.1094941094941095 0.0536231884057971
4 0.3270963270963271 0.5434782608695652 0.06444906444906445 0.0644927536231884
7 0.5887040887040887 0.611231884057971 0.0595980595980596 0.11304347826086956
