8 0.13717872086072924 0.827880859375 0.0639569635385535 0.09375
8 0.1401673640167364 0.675537109375 0.06156604901374776 0.095703125
4 0.326658696951584 0.853759765625 0.05678421996413628 0.04833984375
4 0.4109384339509862 0.699462890625 0.06276150627615062 0.04833984375
2 0.5400478182904961 0.835205078125 0.08188882247459653 0.0947265625
2 0.7695756126718469 0.833740234375 0.07292289300657502 0.09375
5 0.5077704722056187 0.398681640625 0.07232516437537358 0.12841796875
5 0.5065750149432158 0.254638671875 0.07471607890017933 0.12939453125
3 0.06306037059175135 0.3115234375 0.1261207411835027 0.095703125
2 0.9052600119545726 0.447021484375 0.08427973699940228 0.0927734375
2 0.9886431560071728 0.4443359375 0.022713687985654513 0.09375
