5 0.061465721040189124 0.10076670317634173 0.08983451536643026 0.1380065717415115
8 0.43459416863672184 0.3411829134720701 0.08116627265563436 0.10076670317634173
4 0.05397951142631994 0.30120481927710846 0.06855791962174941 0.05147864184008762
2 0.4022852639873917 0.5783132530120482 0.14893617021276595 0.07228915662650602
2 0.10520094562647754 0.5739320920043811 0.1520882584712372 0.07338444687842278
2 0.8987391646966115 0.5725629791894852 0.14893617021276595 0.07064622124863089
2 0.9066193853427896 0.9504381161007667 0.15051221434200157 0.07174151150054764
3 0.44641449960598895 0.8825301204819277 0.13317572892040977 0.09802847754654984
3 0.19818754925137905 0.8806133625410734 0.12687155240346729 0.09967141292442497
7 0.4078014184397163 0.4761774370208105 0.12056737588652482 0.049835706462212484
7 0.6209613869188337 0.9567360350492881 0.12293144208037825 0.05257393209200438
4 0.06382978723404255 0.9586527929901424 0.07722616233254531 0.05312157721796276
