2 0.5744797371303395 0.10748031496062992 0.06790799561883899 0.14881889763779527
2 0.5791347207009858 0.40511811023622046 0.07502738225629792 0.14409448818897638
2 0.5725629791894852 0.8980314960629922 0.07174151150054764 0.15039370078740158
2 0.9520810514786419 0.9114173228346457 0.07064622124863089 0.14409448818897638
3 0.8817086527929902 0.4515748031496063 0.09857612267250822 0.1251968503937008
3 0.8830777656078861 0.20275590551181102 0.09802847754654984 0.1236220472440945
4 0.9619386637458927 0.0673228346456693 0.049835706462212484 0.07480314960629922
7 0.9586527929901424 0.621259842519685 0.049835706462212484 0.11811023622047244
8 0.34255202628696607 0.43503937007874016 0.0991237677984666 0.07322834645669292
7 0.4769989047097481 0.41023622047244096 0.04928806133625411 0.11968503937007874
4 0.30394304490690033 0.05511811023622047 0.050383351588170866 0.07244094488188976
5 0.10323110624315443 0.0641732283464567 0.13855421686746988 0.09212598425196851
