7 0.02015209125475285 0.8728403593642018 0.0403041825095057 0.1078092605390463
7 0.022433460076045627 0.6434001382170007 0.044866920152091254 0.11195577055977886
3 0.1505703422053232 0.7843814789219073 0.12167300380228137 0.1216309606081548
5 0.08250950570342205 0.42639944713199723 0.0935361216730038 0.1769177608845888
5 0.3821292775665399 0.40704906703524535 0.08897338403041825 0.17553559087767795
4 0.02699619771863118 0.24118866620594334 0.05399239543726236 0.0635798203178991
8 0.714828897338403 0.39944713199723564 0.1414448669201521 0.0691085003455425
4 0.6501901140684411 0.7090532135452661 0.07756653992395438 0.05943331029716655
2 0.9319391634980989 0.25777470628887356 0.1361216730038023 0.09260539046302695
2 0.929277566539924 0.1161022805805114 0.1414448669201521 0.0912232204561161
