2 0.64453125 0.0916030534351145 0.06103515625 0.10941475826972011
2 0.4775390625 0.07888040712468193 0.05712890625 0.11005089058524173
5 0.58935546875 0.7678117048346056 0.052734375 0.15267175572519084
5 0.8955078125 0.7550890585241731 0.052734375 0.14821882951653945
5 0.0732421875 0.6100508905852418 0.0556640625 0.14885496183206107
8 0.82958984375 0.5038167938931297 0.0869140625 0.05788804071246819
4 0.962890625 0.5076335877862596 0.0498046875 0.05597964376590331
3 0.19970703125 0.34541984732824427 0.0966796875 0.11959287531806616
8 0.07177734375 0.8568702290076335 0.08642578125 0.05725190839694656
4 0.2265625 0.8562340966921119 0.04248046875 0.05343511450381679
7 0.357421875 0.3994910941475827 0.072265625 0.061068702290076333
