2 0.0661596958174905 0.25846579129232894 0.132319391634981 0.08431237042156185
2 0.0688212927756654 0.11575673807878369 0.1376425855513308 0.08085694540428473
8 0.2844106463878327 0.39875604699378026 0.1429657794676806 0.06496199032480995
4 0.3482889733840304 0.7097442985487215 0.06692015209125475 0.0580511402902557
5 0.6136882129277567 0.4080856945404285 0.08669201520912548 0.17484450587422254
3 0.8490494296577947 0.783690393918452 0.12395437262357414 0.1188666205943331
7 0.9779467680608365 0.6423635107118175 0.04410646387832699 0.10711817553559087
7 0.9802281368821293 0.8704215618521078 0.03954372623574144 0.11126468555632343
5 0.9136882129277567 0.4250172771250864 0.08897338403041825 0.17000691085003455
4 0.9726235741444867 0.2425708362128542 0.05475285171102662 0.0580511402902557
