2 0.98805256869773 0.55908203125 0.023894862604540025 0.09765625
2 0.9044205495818399 0.55419921875 0.07706093189964158 0.0927734375
2 0.7712066905615292 0.1689453125 0.07765830346475508 0.09033203125
2 0.5412186379928315 0.16552734375 0.07586618876941457 0.09375
5 0.5077658303464755 0.74951171875 0.08064516129032258 0.12890625
5 0.5077658303464755 0.60400390625 0.07168458781362007 0.1279296875
3 0.06182795698924731 0.689453125 0.12365591397849462 0.09765625
7 0.20430107526881722 0.810546875 0.0979689366786141 0.04541015625
8 0.14217443249701314 0.32568359375 0.061529271206690564 0.09765625
8 0.13739545997610514 0.17431640625 0.05794504181600956 0.095703125
4 0.3279569892473118 0.14599609375 0.06033452807646356 0.04833984375
4 0.41397849462365593 0.30126953125 0.05555555555555555 0.04541015625
