2 0.42798466593647316 0.09763779527559055 0.06955093099671412 0.14330708661417324
2 0.04874041621029573 0.08897637795275591 0.06681270536692223 0.14645669291338584
7 0.45071193866374587 0.37480314960629924 0.04381161007667032 0.12125984251968504
7 0.03751369112814896 0.3862204724409449 0.045454545454545456 0.1188976377952756
3 0.3277656078860898 0.45866141732283466 0.09693318729463307 0.1251968503937008
3 0.1303395399780942 0.4570866141732283 0.09857612267250822 0.1283464566929134
2 0.9381161007667032 0.8944881889763779 0.06900328587075576 0.14488188976377953
2 0.8554216867469879 0.8956692913385826 0.07228915662650602 0.14724409448818898
5 0.6007667031763417 0.9043307086614173 0.1380065717415115 0.09212598425196851
5 0.3888280394304491 0.9031496062992126 0.13362541073384446 0.09133858267716535
8 0.13088718510405256 0.9429133858267716 0.10295728368017525 0.07480314960629922
4 0.0364184008762322 0.8188976377952756 0.052026286966046005 0.07244094488188976
