8 0.05383443372270188 0.11150614091790563 0.05180294565769426 0.1286360698125404
8 0.25444388014220415 0.0801551389786684 0.05078720162519045 0.12023270846800259
4 0.029710512950736415 0.3364576599870718 0.043169121381411886 0.058823529411764705
2 0.37252412392077194 0.0940530058177117 0.06856272219400711 0.12475759534583064
2 0.5492635855764347 0.0940530058177117 0.0675469781615033 0.12475759534583064
2 0.7414931437277806 0.11150614091790563 0.06500761808024377 0.12217194570135746
2 0.8796343321482987 0.11085972850678733 0.0680548501777552 0.12346477052359406
5 0.3958862366683596 0.6173238526179703 0.13052310817673946 0.0801551389786684
3 0.7541899441340782 0.8073691014867486 0.09446419502285425 0.10601163542340013
7 0.840782122905028 0.9353587588881707 0.08176739461655663 0.062055591467356175
7 0.9385474860335196 0.9347123464770524 0.0782122905027933 0.056884292178409825
