2 0.5928620928620929 0.8438405797101449 0.08662508662508663 0.13405797101449277
2 0.7588357588357588 0.847463768115942 0.09009009009009009 0.13695652173913042
2 0.9358974358974359 0.8449275362318841 0.088011088011088 0.14057971014492754
3 0.8957033957033957 0.6210144927536232 0.12266112266112267 0.11739130434782609
5 0.12716562716562715 0.9384057971014492 0.17671517671517672 0.08840579710144927
2 0.5796950796950797 0.10217391304347827 0.0893970893970894 0.13478260869565217
2 0.9230769230769231 0.08876811594202899 0.0887040887040887 0.13405797101449277
7 0.9577269577269577 0.4789855072463768 0.060984060984060985 0.1144927536231884
4 0.5415800415800416 0.31920289855072465 0.061677061677061676 0.06739130434782609
7 0.6063756063756064 0.5927536231884057 0.10810810810810811 0.06231884057971015
