2 0.29679734953064607 0.09267241379310345 0.07123136388735506 0.1188423645320197
2 0.44119271120927667 0.08589901477832512 0.06847045831032579 0.11391625615763547
3 0.1060187741579238 0.6416256157635468 0.1060187741579238 0.09975369458128079
3 0.11209276642738818 0.8811576354679803 0.10049696300386526 0.09975369458128079
7 0.4784649364991717 0.4713669950738916 0.08669243511871894 0.05480295566502463
5 0.6587520706791827 0.6674876847290641 0.14025400331308668 0.07758620689655173
5 0.7484815019326339 0.9107142857142857 0.14301490889011595 0.07142857142857142
5 0.5422418553285477 0.9097906403940886 0.1413583655438984 0.0769704433497537
8 0.8801766979569299 0.08312807881773399 0.05080066261733849 0.11822660098522167
8 0.9464384318056323 0.08312807881773399 0.05521811154058531 0.11822660098522167
4 0.6374930977360574 0.22814039408866996 0.046935394809497516 0.06465517241379311
