7 0.08973384030418251 0.0525224602626123 0.11863117870722434 0.05943331029716655
7 0.34220532319391633 0.056668970283344854 0.12319391634980989 0.05943331029716655
3 0.1870722433460076 0.1824464409122322 0.1338403041825095 0.11057360055286801
5 0.5809885931558936 0.12059433310297167 0.19467680608365018 0.08500345542501728
5 0.6022813688212928 0.3928818244644091 0.19315589353612167 0.08085694540428473
4 0.7847908745247149 0.06219765031098825 0.0699619771863118 0.06496199032480995
8 0.6106463878326996 0.6952315134761575 0.07604562737642585 0.12854181064270906
4 0.26996197718631176 0.6364892881824464 0.06539923954372624 0.07049067035245335
2 0.7665399239543726 0.8953006219765031 0.10190114068441064 0.12923289564616447
2 0.9224334600760457 0.8921907394609537 0.10038022813688213 0.1326883206634416
