8 0.173095703125 0.8640167364016736 0.091796875 0.05917513448894202
8 0.324462890625 0.8568439928272564 0.091796875 0.056186491332934844
2 0.162841796875 0.45995218170950386 0.09130859375 0.07710699342498506
2 0.168701171875 0.2280334728033473 0.08984375 0.07292289300657502
4 0.147705078125 0.6709503885236103 0.0478515625 0.05499103407053198
4 0.300048828125 0.5872683801554095 0.04296875 0.05738194859533772
3 0.688720703125 0.9387328153018529 0.09521484375 0.12253436939629408
7 0.807373046875 0.8024506873879259 0.04248046875 0.0968320382546324
5 0.600830078125 0.4928272564255828 0.12158203125 0.06993424985056784
5 0.750244140625 0.4928272564255828 0.12353515625 0.07292289300657502
2 0.555419921875 0.09414225941422594 0.091796875 0.07710699342498506
2 0.55615234375 0.011356843992827256 0.09375 0.022713687985654513
