5 0.10833333333333334 0.9223839223839224 0.1782608695652174 0.07830907830907831
2 0.5956521739130435 0.8309078309078309 0.08768115942028985 0.13097713097713098
2 0.7692028985507247 0.8298683298683299 0.09420289855072464 0.1288981288981289
2 0.9554347826086956 0.8305613305613305 0.08840579710144927 0.1288981288981289
2 0.5804347826086956 0.1191961191961192 0.09202898550724638 0.1282051282051282
7 0.6126811594202899 0.5911295911295912 0.11159420289855072 0.061677061677061676
3 0.9159420289855073 0.6188496188496189 0.12681159420289856 0.11295911295911296
7 0.9735507246376811 0.4785169785169785 0.05289855072463768 0.1088011088011088
8 0.5739130434782609 0.501039501039501 0.1355072463768116 0.06860706860706861
4 0.5420289855072464 0.3270963270963271 0.0644927536231884 0.06306306306306306
