2 0.6524064171122995 0.20392156862745098 0.10053475935828877 0.08627450980392157
2 0.8310160427807487 0.34248366013071896 0.10267379679144385 0.08758169934640522
2 0.8304812834224599 0.45588235294117646 0.10053475935828877 0.0869281045751634
3 0.43288770053475933 0.4898692810457516 0.08716577540106951 0.11699346405228758
7 0.5390374331550802 0.6826797385620915 0.047058823529411764 0.10130718954248366
7 0.28315508021390373 0.6892156862745098 0.046524064171122995 0.1
5 0.854812834224599 0.9179738562091503 0.06149732620320856 0.16405228758169935
8 0.16149732620320856 0.43137254901960786 0.10160427807486631 0.06535947712418301
8 0.16096256684491977 0.5186274509803922 0.10053475935828877 0.06339869281045751
8 0.1606951871657754 0.6150326797385621 0.10320855614973262 0.06535947712418301
4 0.14197860962566844 0.32679738562091504 0.04866310160427807 0.05620915032679739
