5 0.09852941176470588 0.12102957283680175 0.11862745098039215 0.14348302300109528
3 0.10686274509803921 0.35104052573932093 0.1627450980392157 0.09857612267250822
7 0.41274509803921566 0.473986856516977 0.15294117647058825 0.049835706462212484
2 0.11519607843137254 0.6336254107338445 0.18725490196078431 0.07119386637458927
2 0.11519607843137254 0.7368565169769989 0.17941176470588235 0.06845564074479737
2 0.11862745098039215 0.8365279299014239 0.1843137254901961 0.06845564074479737
8 0.7480392156862745 0.8228368017524644 0.10588235294117647 0.10350492880613363
8 0.9254901960784314 0.8225629791894852 0.1 0.10076670317634173
4 0.5745098039215686 0.9665936473165389 0.08431372549019608 0.04928806133625411
7 0.8897058823529411 0.9630339539978094 0.15784313725490196 0.049835706462212484
