3 0.24207119741100325 0.42431640625 0.11844660194174757 0.10693359375
7 0.05372168284789644 0.33203125 0.05631067961165048 0.07568359375
7 0.056957928802589 0.5185546875 0.05242718446601942 0.07568359375
2 0.09967637540453074 0.685546875 0.11974110032362459 0.0634765625
5 0.7572815533980582 0.1796875 0.16116504854368932 0.064453125
5 0.7540453074433657 0.41357421875 0.1546925566343042 0.05615234375
2 0.5676375404530745 0.716796875 0.11974110032362459 0.06103515625
2 0.5702265372168285 0.8232421875 0.1203883495145631 0.06201171875
8 0.5372168284789643 0.97021484375 0.11585760517799353 0.052734375
4 0.8543689320388349 0.97021484375 0.06925566343042071 0.04443359375
