5 0.8486416558861578 0.17138671875 0.07697283311772316 0.05419921875
5 0.8447606727037517 0.2861328125 0.0795601552393273 0.05615234375
2 0.5717981888745148 0.1767578125 0.11836998706338939 0.06103515625
2 0.5705045278137129 0.2822265625 0.11319534282018111 0.0625
5 0.7561448900388098 0.58740234375 0.15459249676584735 0.0546875
5 0.7567917205692108 0.82373046875 0.15523932729624837 0.05712890625
2 0.09767141009055627 0.31298828125 0.1203104786545925 0.06103515625
3 0.24644243208279432 0.57470703125 0.11448900388098318 0.10107421875
7 0.05821474773609314 0.4814453125 0.054980595084087966 0.0751953125
7 0.054333764553686936 0.6669921875 0.057567917205692105 0.07275390625
4 0.8551099611901681 0.02734375 0.05627425614489004 0.04248046875
8 0.5349288486416559 0.02978515625 0.11190168175937905 0.04345703125
