5 0.19605394605394605 0.24437203791469195 0.05944055944055944 0.15462085308056872
5 0.4612887112887113 0.2473341232227488 0.06143856143856144 0.15580568720379148
2 0.8011988011988012 0.43009478672985785 0.06293706293706294 0.11374407582938388
2 0.9188311688311688 0.42713270142180093 0.06243756243756244 0.11374407582938388
3 0.469030969030969 0.7550355450236966 0.11788211788211789 0.12144549763033176
4 0.2722277722277722 0.6507701421800948 0.04995004995004995 0.05864928909952607
8 0.1710789210789211 0.9295023696682464 0.04945054945054945 0.11492890995260663
8 0.6718281718281718 0.9090639810426541 0.04995004995004995 0.11433649289099526
7 0.3676323676323676 0.9496445497630331 0.08191808191808192 0.0533175355450237
7 0.5764235764235764 0.9416469194312796 0.07892107892107893 0.05509478672985782
4 0.7722277722277723 0.9490521327014217 0.04895104895104895 0.058056872037914695
