2 0.05802139037433155 0.10032679738562092 0.07112299465240642 0.12222222222222222
2 0.25775401069518716 0.3137254901960784 0.07058823529411765 0.12287581699346405
2 0.3711229946524064 0.09542483660130718 0.07165775401069518 0.12549019607843137
2 0.46390374331550804 0.09607843137254903 0.07112299465240642 0.12287581699346405
3 0.49171122994652405 0.5820261437908497 0.09572192513368984 0.1065359477124183
7 0.6494652406417112 0.4522875816993464 0.08288770053475936 0.05751633986928104
7 0.6548128342245989 0.765032679738562 0.08181818181818182 0.056862745098039215
5 0.8422459893048129 0.06633986928104575 0.13475935828877006 0.07516339869281045
8 0.44385026737967914 0.9137254901960784 0.053475935828877004 0.12418300653594772
8 0.51524064171123 0.9143790849673202 0.051871657754010696 0.12287581699346405
8 0.5941176470588235 0.9147058823529411 0.053475935828877004 0.1261437908496732
4 0.3582887700534759 0.9375816993464052 0.045989304812834225 0.05947712418300653
