2 0.14115942028985506 0.09470468431771895 0.07130434782608695 0.12830957230142567
2 0.37217391304347824 0.10319076714188731 0.08 0.12627291242362526
5 0.40869565217391307 0.36591989137813985 0.1472463768115942 0.0814663951120163
2 0.14115942028985506 0.9005431093007468 0.07130434782608695 0.12559402579769177
2 0.37217391304347824 0.9103869653767821 0.07652173913043478 0.12763068567549218
2 0.2553623188405797 0.8866259334691107 0.06666666666666667 0.08282416836388323
5 0.5895652173913043 0.6147318397827563 0.15304347826086956 0.07942973523421588
8 0.6979710144927537 0.07399864222674814 0.11710144927536231 0.06517311608961303
8 0.9188405797101449 0.07230142566191446 0.10898550724637682 0.07399864222674814
4 0.9484057971014492 0.439918533604888 0.057971014492753624 0.06788866259334692
3 0.8304347826086956 0.7932790224032586 0.12811594202898552 0.13509843856076034
7 0.6968115942028985 0.9239646978954514 0.0927536231884058 0.05974202308214528
7 0.9281159420289855 0.9355057705363204 0.09043478260869565 0.05974202308214528
