8 0.20263671875 0.09982068141063957 0.04833984375 0.11237298266586969
8 0.20849609375 0.28511655708308425 0.0458984375 0.11237298266586969
2 0.53271484375 0.08726838015540944 0.06298828125 0.11177525403466826
2 0.72216796875 0.09444112372982666 0.0595703125 0.10998206814106395
4 0.3603515625 0.06873879258816497 0.044921875 0.058577405857740586
4 0.4287109375 0.25523012552301255 0.046875 0.05260011954572624
3 0.13720703125 0.7310221159593544 0.10888671875 0.11655708308427974
7 0.05712890625 0.8744769874476988 0.0751953125 0.05499103407053198
7 0.2529296875 0.8762701733413031 0.0791015625 0.052002390914524806
5 0.505859375 0.6234309623430963 0.05712890625 0.1488344291691572
5 0.505859375 0.8063359234907352 0.0595703125 0.15122534369396293
2 0.83154296875 0.5678421996413628 0.06298828125 0.11237298266586969
2 0.92236328125 0.5690376569037657 0.0654296875 0.11476389719067544
