5 0.39614017267648555 0.38016795865633074 0.12696800406297612 0.0755813953488372
2 0.37176231589639414 0.9069767441860465 0.06500761808024377 0.12015503875968993
2 0.5495175215845607 0.9047157622739018 0.06399187404773997 0.11950904392764858
2 0.739715591670899 0.8846899224806202 0.06551549009649568 0.12338501291989665
2 0.8798882681564246 0.8875968992248062 0.06449974606399188 0.12144702842377261
8 0.2531742001015744 0.9186046511627907 0.04824784154393093 0.11886304909560723
8 0.053326561706449976 0.8892118863049095 0.05078720162519045 0.12080103359173126
4 0.03021838496698832 0.6631136950904393 0.042153377348908075 0.06395348837209303
3 0.7534281361097004 0.1902454780361757 0.08684611477907567 0.10271317829457365
7 0.840782122905028 0.06524547803617571 0.07668867445403758 0.059431524547803614
7 0.9393092940578974 0.06330749354005168 0.07973590655154901 0.05813953488372093
