5 0.1748046875 0.24175824175824176 0.0546875 0.15319974143503556
5 0.41162109375 0.24434389140271492 0.05126953125 0.15513897866839044
2 0.7177734375 0.42792501616031026 0.05615234375 0.1092436974789916
2 0.82421875 0.4305106658047835 0.05908203125 0.11376858435681965
3 0.42236328125 0.7569489334195216 0.09814453125 0.1182934712346477
7 0.32958984375 0.9469941822882999 0.07080078125 0.049773755656108594
7 0.515625 0.9437621202327084 0.0703125 0.053005817711700064
2 0.68798828125 0.9004524886877828 0.05859375 0.11376858435681965
4 0.96923828125 0.14608920491273433 0.041015625 0.057530704589528116
8 0.96875 0.46218487394957986 0.04296875 0.11376858435681965
