2 0.13473219215902815 0.7266009852216748 0.10657095527332965 0.07943349753694581
2 0.12865819988956378 0.5655788177339901 0.10215350635008283 0.07635467980295567
3 0.6270016565433462 0.9393472906403941 0.0894533406957482 0.11822660098522167
3 0.841800110436223 0.9325738916256158 0.0894533406957482 0.11206896551724138
7 0.47432357813362785 0.5240147783251231 0.049144119271120924 0.09667487684729065
5 0.6501932633903921 0.3229679802955665 0.06957482054113749 0.1564039408866995
5 0.868304803975704 0.2229064039408867 0.06405300938707896 0.15948275862068967
5 0.8674765323025952 0.45289408866995073 0.06902263942573164 0.15763546798029557
8 0.12617338487023744 0.07604679802955665 0.1060187741579238 0.05665024630541872
8 0.12589729431253452 0.016317733990147784 0.1060187741579238 0.03263546798029557
4 0.25621203754831584 0.34667487684729065 0.05797901711761458 0.05233990147783251
