2 0.8460869565217392 0.9202308214528174 0.10956521739130434 0.0835030549898167
2 0.8388405797101449 0.6496945010183299 0.10782608695652174 0.09368635437881874
5 0.6144927536231884 0.6069246435845214 0.06956521739130435 0.17243720298710116
2 0.15797101449275364 0.9202308214528174 0.1072463768115942 0.0835030549898167
2 0.14956521739130435 0.6496945010183299 0.10898550724637682 0.08961303462321792
2 0.1698550724637681 0.7864901561439239 0.07072463768115941 0.07807196198234895
5 0.40202898550724636 0.395112016293279 0.06782608695652174 0.17922606924643583
8 0.863768115942029 0.2681602172437203 0.05565217391304348 0.13713509843856075
8 0.8652173913043478 0.03665987780040733 0.06318840579710144 0.07331975560081466
3 0.24956521739130436 0.11303462321792261 0.11536231884057971 0.1500339443312967
7 0.13797101449275362 0.2695179904955872 0.051014492753623186 0.10862186014935506
7 0.12811594202898552 0.025797691785471828 0.051014492753623186 0.051595383570943655
