5 0.10791015625 0.2434837889383344 0.05810546875 0.15003178639542275
5 0.40966796875 0.23394787031150668 0.0556640625 0.15066751430387795
2 0.92626953125 0.15384615384615385 0.05712890625 0.11125238397965671
2 0.599609375 0.46026700572155116 0.05908203125 0.11252383979656706
2 0.9296875 0.45200254291163383 0.06640625 0.11379529561347743
8 0.1669921875 0.49523204068658616 0.0849609375 0.06102987921169739
4 0.0361328125 0.49141767323585506 0.046875 0.052765416401780035
3 0.375 0.6757787666878576 0.10205078125 0.1182453909726637
3 0.36865234375 0.8963763509218055 0.10595703125 0.1182453909726637
7 0.51513671875 0.9345200254291164 0.06982421875 0.05467260012714558
