2 0.09223918575063614 0.35693359375 0.11323155216284987 0.06201171875
2 0.07888040712468193 0.52197265625 0.11450381679389313 0.06689453125
3 0.344147582697201 0.7998046875 0.1227735368956743 0.10693359375
7 0.39631043256997456 0.64453125 0.052798982188295165 0.07568359375
5 0.7544529262086515 0.10546875 0.15585241730279897 0.0576171875
5 0.7646310432569975 0.408203125 0.15776081424936386 0.05908203125
8 0.5038167938931297 0.16845703125 0.06424936386768448 0.09326171875
4 0.5108142493638677 0.03564453125 0.061068702290076333 0.04833984375
5 0.6068702290076335 0.927734375 0.1673027989821883 0.05908203125
8 0.8568702290076335 0.92724609375 0.06361323155216285 0.087890625
4 0.8549618320610687 0.775390625 0.062340966921119595 0.05126953125
