5 0.6038598273235145 0.38016795865633074 0.12696800406297612 0.0755813953488372
2 0.6282376841036059 0.9069767441860465 0.06500761808024377 0.12015503875968993
2 0.4504824784154393 0.9047157622739018 0.06399187404773997 0.11950904392764858
2 0.26028440832910105 0.8846899224806202 0.06551549009649568 0.12338501291989665
2 0.12011173184357542 0.8875968992248062 0.06449974606399188 0.12144702842377261
8 0.7468257998984256 0.9186046511627907 0.04824784154393093 0.11886304909560723
8 0.94667343829355 0.8892118863049095 0.05078720162519045 0.12080103359173126
4 0.9697816150330116 0.6631136950904393 0.042153377348908075 0.06395348837209303
3 0.24657186389029964 0.1902454780361757 0.08684611477907567 0.10271317829457365
7 0.15921787709497207 0.06524547803617571 0.07668867445403758 0.059431524547803614
7 0.06069070594210259 0.06330749354005168 0.07973590655154901 0.05813953488372093
