2 0.8652678078409718 0.2733990147783251 0.10657095527332965 0.07943349753694581
2 0.8713418001104363 0.43442118226600984 0.10215350635008283 0.07635467980295567
3 0.3729983434566538 0.060652709359605914 0.0894533406957482 0.11822660098522167
3 0.15819988956377692 0.06742610837438423 0.0894533406957482 0.11206896551724138
7 0.5256764218663722 0.47598522167487683 0.049144119271120924 0.09667487684729065
5 0.3498067366096079 0.6770320197044335 0.06957482054113749 0.1564039408866995
5 0.13169519602429597 0.7770935960591133 0.06405300938707896 0.15948275862068967
5 0.13252346769740475 0.5471059113300493 0.06902263942573164 0.15763546798029557
8 0.8738266151297626 0.9239532019704434 0.1060187741579238 0.05665024630541872
8 0.8735505245720596 0.9833743842364532 0.1060187741579238 0.0332512315270936
4 0.7437879624516841 0.6533251231527094 0.05797901711761458 0.05233990147783251
