2 0.10323089046493301 0.06078860898138007 0.14814814814814814 0.07228915662650602
2 0.1024428684003152 0.1429353778751369 0.14972419227738376 0.07228915662650602
5 0.09219858156028368 0.401697699890471 0.09298660362490149 0.14184008762322015
5 0.09653270291568164 0.6122672508214677 0.09535066981875492 0.13581599123767799
8 0.05752561071710008 0.8682913472070098 0.07880220646178093 0.10460021905805038
4 0.17848699763593381 0.9646768893756845 0.0764381402679275 0.04654983570646221
7 0.6229314420803782 0.5479189485213581 0.12371946414499606 0.05312157721796276
3 0.5366430260047281 0.6727820372398685 0.1276595744680851 0.09693318729463307
3 0.5433412135539795 0.8726725082146769 0.12529550827423167 0.10021905805038335
7 0.6158392434988179 0.9622124863088719 0.12687155240346729 0.04819277108433735
2 0.8979511426319937 0.5725629791894852 0.14736012608353033 0.07612267250821468
2 0.905043341213554 0.9504381161007667 0.15051221434200157 0.06736035049288061
