7 0.33056640625 0.052393272962483826 0.07080078125 0.054333764553686936
7 0.51708984375 0.055627425614489 0.0673828125 0.054333764553686936
3 0.421875 0.24320827943078913 0.099609375 0.11707632600258733
2 0.68798828125 0.09896507115135834 0.056640625 0.11319534282018111
2 0.71875 0.5679172056921087 0.05712890625 0.11319534282018111
2 0.82421875 0.5698576972833118 0.05712890625 0.11319534282018111
5 0.1748046875 0.7580853816300129 0.052734375 0.15135834411384216
5 0.41015625 0.7548512289780077 0.05712890625 0.15135834411384216
8 0.97021484375 0.536869340232859 0.04345703125 0.11707632600258733
4 0.970703125 0.8544631306597671 0.04248046875 0.055627425614489
