4 0.36122994652406415 0.060418027433050296 0.04866310160427807 0.0659699542782495
8 0.4443850267379679 0.0852384062704115 0.0481283422459893 0.12344872632266493
8 0.516042780748663 0.08752449379490529 0.047058823529411764 0.12279555845852384
8 0.5922459893048129 0.0852384062704115 0.04759358288770053 0.11952971913781842
2 0.37032085561497324 0.9023514043109079 0.06898395721925134 0.11952971913781842
2 0.46443850267379677 0.9013716525146963 0.06898395721925134 0.12148922273024167
2 0.25668449197860965 0.6848465055519268 0.06951871657754011 0.12344872632266493
2 0.058288770053475936 0.9003919007184846 0.06844919786096257 0.12214239059438275
7 0.6540106951871658 0.23448726322664926 0.08235294117647059 0.05747877204441541
7 0.6497326203208557 0.5457217504898759 0.08449197860962566 0.05551926845199216
5 0.8441176470588235 0.9346832135858916 0.13636363636363635 0.07707380796864795
