5 0.10595703125 0.2436386768447837 0.05322265625 0.15012722646310434
5 0.408203125 0.23346055979643765 0.052734375 0.15139949109414758
8 0.16845703125 0.4955470737913486 0.09033203125 0.05597964376590331
4 0.03515625 0.48982188295165396 0.04052734375 0.052798982188295165
3 0.6357421875 0.43320610687022904 0.10595703125 0.12213740458015267
7 0.91943359375 0.44274809160305345 0.0771484375 0.05534351145038168
8 0.92724609375 0.14122137404580154 0.08984375 0.05725190839694656
4 0.7724609375 0.14185750636132316 0.04150390625 0.052798982188295165
2 0.35498046875 0.905852417302799 0.0625 0.11641221374045801
2 0.52197265625 0.9192111959287532 0.06298828125 0.11323155216284987
