2 0.42552026286966044 0.10748031496062992 0.06790799561883899 0.14881889763779527
2 0.42086527929901424 0.40511811023622046 0.07502738225629792 0.14409448818897638
2 0.42743702081051477 0.8980314960629922 0.07174151150054764 0.15039370078740158
2 0.04791894852135816 0.9114173228346457 0.07064622124863089 0.14409448818897638
3 0.11829134720700986 0.4515748031496063 0.09857612267250822 0.1251968503937008
3 0.11692223439211391 0.20275590551181102 0.09802847754654984 0.1236220472440945
4 0.03806133625410734 0.0673228346456693 0.049835706462212484 0.07480314960629922
7 0.04134720700985761 0.621259842519685 0.049835706462212484 0.11811023622047244
8 0.657447973713034 0.43503937007874016 0.0991237677984666 0.07322834645669292
7 0.523001095290252 0.41023622047244096 0.04928806133625411 0.11968503937007874
4 0.6960569550930996 0.05511811023622047 0.050383351588170866 0.07244094488188976
5 0.8967688937568455 0.0641732283464567 0.13855421686746988 0.09212598425196851
