5 0.6538187009279086 0.8358064516129032 0.08922198429693076 0.16516129032258065
2 0.2798001427551749 0.8687096774193548 0.1349036402569593 0.08645161290322581
2 0.07030692362598144 0.8735483870967742 0.13847251962883655 0.08193548387096775
2 0.06923625981441828 0.6587096774193548 0.13847251962883655 0.08258064516129032
2 0.06138472519628837 0.12935483870967743 0.12276945039257674 0.08193548387096775
3 0.8832976445396146 0.31516129032258067 0.13990007137758745 0.14193548387096774
7 0.6484653818700928 0.12064516129032259 0.06566738044254104 0.10258064516129033
4 0.3900785153461813 0.4012903225806452 0.06852248394004283 0.0703225806451613
4 0.3922198429693076 0.29258064516129034 0.06995003568879372 0.06322580645161291
8 0.45467523197715914 0.11258064516129032 0.14061384725196288 0.06709677419354838
