5 0.9353169469598965 0.23681640625 0.07179818887451488 0.05810546875
5 0.7833117723156533 0.23974609375 0.07438551099611902 0.06005859375
2 0.9282018111254852 0.44580078125 0.08085381630012936 0.08935546875
2 0.7884864165588615 0.44677734375 0.08279430789133248 0.08544921875
5 0.38421733505821476 0.306640625 0.0724450194049159 0.11669921875
5 0.07115135834411385 0.30615234375 0.07567917205692108 0.1171875
2 0.7477360931435963 0.8037109375 0.08085381630012936 0.0908203125
3 0.40103492884864167 0.69140625 0.13389391979301424 0.08642578125
7 0.5245795601552393 0.83349609375 0.09961190168175937 0.04150390625
7 0.27878395860284605 0.83642578125 0.0963777490297542 0.04345703125
