8 0.0986252241482367 0.20361328125 0.11476389719067544 0.05224609375
8 0.28511655708308425 0.2060546875 0.11715481171548117 0.05029296875
4 0.06694560669456066 0.3583984375 0.05917513448894202 0.04638671875
4 0.255827854154214 0.42724609375 0.05917513448894202 0.05126953125
2 0.08965929468021518 0.53271484375 0.1159593544530783 0.06689453125
2 0.09145248057381948 0.72021484375 0.11476389719067544 0.0595703125
5 0.6240286909742977 0.50634765625 0.15720263000597728 0.05908203125
5 0.8003586371787209 0.50537109375 0.15839808726838014 0.06103515625
3 0.7304243873281531 0.1376953125 0.11715481171548117 0.1142578125
7 0.8696951583980873 0.05908203125 0.05797967722653915 0.083984375
2 0.5648535564853556 0.8310546875 0.11356843992827256 0.06884765625
2 0.5678421996413628 0.92138671875 0.11476389719067544 0.06298828125
