2 0.357421875 0.09357097390197326 0.0595703125 0.11839592616168046
2 0.5234375 0.07956715467854869 0.0615234375 0.11266709102482496
5 0.4111328125 0.7683004455760662 0.05517578125 0.15404201145767027
5 0.1044921875 0.7536600891152132 0.05322265625 0.14704010184595798
3 0.63427734375 0.5646085295989816 0.1015625 0.11775938892425207
7 0.9208984375 0.5601527689369828 0.07421875 0.05728835136855506
8 0.16943359375 0.5047740292807129 0.0859375 0.056651814131126674
4 0.0361328125 0.5092297899427116 0.0458984375 0.05919796308084023
4 0.7705078125 0.8555060471037556 0.04296875 0.05346912794398472
8 0.9267578125 0.8593252705283259 0.08642578125 0.05983450031826862
