2 0.5722819593787336 0.07763671875 0.11947431302270012 0.06591796875
2 0.5663082437275986 0.16943359375 0.1135005973715651 0.06298828125
2 0.09498207885304659 0.2783203125 0.11051373954599761 0.0634765625
2 0.0908004778972521 0.46630859375 0.11469534050179211 0.06201171875
5 0.8052568697729988 0.49365234375 0.15770609318996415 0.06591796875
5 0.6272401433691757 0.49365234375 0.15651135005973715 0.05859375
3 0.7317801672640383 0.86376953125 0.11947431302270012 0.1123046875
7 0.8799283154121864 0.74169921875 0.05555555555555555 0.080078125
7 0.8721624850657109 0.94140625 0.05675029868578255 0.07763671875
8 0.2867383512544803 0.79248046875 0.11947431302270012 0.05029296875
8 0.1015531660692951 0.79638671875 0.11708482676224612 0.04736328125
4 0.06690561529271206 0.640625 0.05913978494623656 0.04931640625
4 0.25686977299880526 0.5703125 0.05555555555555555 0.04541015625
