5 0.2208 0.17253989361702127 0.1376 0.08045212765957446
5 0.13386666666666666 0.3982712765957447 0.13866666666666666 0.07712765957446809
5 0.2976 0.3992686170212766 0.13546666666666668 0.07912234042553191
2 0.058133333333333335 0.6399601063829787 0.0704 0.12566489361702127
2 0.3168 0.6436170212765957 0.06933333333333333 0.12632978723404256
2 0.0656 0.898936170212766 0.06506666666666666 0.125
2 0.6664 0.18617021276595744 0.06666666666666667 0.125
2 0.936 0.4408244680851064 0.06826666666666667 0.12234042553191489
4 0.5786666666666667 0.7210771276595744 0.05333333333333334 0.06449468085106383
8 0.7397333333333334 0.6761968085106383 0.05333333333333334 0.125
3 0.8946666666666667 0.7676196808510638 0.1232 0.13231382978723405
7 0.9448 0.6067154255319149 0.08373333333333334 0.06050531914893617
