5 0.13811499703615887 0.281328007988018 0.07824540604623592 0.13030454318522217
5 0.45317131001778305 0.2853220169745382 0.07053941908713693 0.12830753869196207
3 0.46591582691167754 0.7199201198202696 0.13633669235328985 0.10683974038941588
8 0.11203319502074689 0.8607089365951074 0.06283343212803794 0.09685471792311533
5 0.22880853586247776 0.6275586620069895 0.06164789567279194 0.04892661008487269
7 0.34558387670420865 0.8779331003494758 0.1019561351511559 0.04343484772840739
7 0.5912863070539419 0.8746879680479281 0.0942501481920569 0.04593110334498253
8 0.7065797273266153 0.8462306540189716 0.05927682276229994 0.09685471792311533
4 0.8257261410788381 0.8826759860209685 0.06046235921754594 0.044932601098352475
2 0.8568464730290456 0.44133799301048426 0.07883817427385892 0.09585621567648527
2 0.9789567279193835 0.4418372441337993 0.04208654416123296 0.09485771342985522
