3 0.13720703125 0.2670250896057348 0.109375 0.12066905615292713
7 0.056640625 0.12843488649940263 0.0791015625 0.056152927120669056
7 0.25341796875 0.12186379928315412 0.078125 0.05675029868578255
5 0.50390625 0.1965352449223417 0.05810546875 0.15292712066905614
5 0.50537109375 0.37455197132616486 0.0556640625 0.15173237753882915
2 0.8310546875 0.43189964157706096 0.06396484375 0.11589008363201912
2 0.92236328125 0.43010752688172044 0.05908203125 0.11170848267622462
8 0.20654296875 0.7138590203106332 0.044921875 0.11768219832735961
8 0.20166015625 0.899641577060932 0.04833984375 0.11648745519713262
4 0.4296875 0.7431302270011948 0.04541015625 0.05854241338112306
4 0.359375 0.9307048984468339 0.04736328125 0.05197132616487455
2 0.533203125 0.9080047789725209 0.0615234375 0.10931899641577061
2 0.72021484375 0.9074074074074074 0.06298828125 0.11648745519713262
