4 0.8598930481283422 0.6694970607446113 0.05401069518716577 0.05943827563683867
8 0.839572192513369 0.5679294578706727 0.10106951871657754 0.05878510777269758
8 0.8377005347593582 0.4804049640757675 0.10053475935828877 0.05747877204441541
8 0.839572192513369 0.387328543435663 0.09786096256684491 0.0581319399085565
2 0.17058823529411765 0.6583932070542129 0.09786096256684491 0.08425865447419988
2 0.1713903743315508 0.5434356629653821 0.09946524064171124 0.08425865447419988
2 0.34866310160427805 0.7971913781841934 0.10106951871657754 0.08491182233834095
7 0.717379679144385 0.3118876551273677 0.047058823529411764 0.10058785107772697
7 0.4625668449197861 0.3171129980404964 0.045454545454545456 0.10320052253429131
5 0.14385026737967915 0.08131939908556499 0.06310160427807486 0.16263879817112997
