2 0.9077608142493638 0.35693359375 0.11323155216284987 0.06201171875
2 0.9211195928753181 0.52197265625 0.11450381679389313 0.06689453125
3 0.655852417302799 0.7998046875 0.1227735368956743 0.10693359375
7 0.6036895674300254 0.64453125 0.052798982188295165 0.07568359375
5 0.2455470737913486 0.10546875 0.15585241730279897 0.0576171875
5 0.23536895674300254 0.408203125 0.15776081424936386 0.05908203125
8 0.4961832061068702 0.16845703125 0.06424936386768448 0.09326171875
4 0.4891857506361323 0.03564453125 0.061068702290076333 0.04833984375
5 0.3931297709923664 0.927734375 0.1673027989821883 0.05908203125
8 0.1431297709923664 0.92724609375 0.06361323155216285 0.087890625
4 0.1450381679389313 0.775390625 0.062340966921119595 0.05126953125
