2 0.0661596958174905 0.7415342087076711 0.132319391634981 0.08431237042156185
2 0.0688212927756654 0.8842432619212163 0.1376425855513308 0.08085694540428473
8 0.2844106463878327 0.6012439530062198 0.1429657794676806 0.06496199032480995
4 0.3482889733840304 0.2902557014512785 0.06692015209125475 0.0580511402902557
5 0.6136882129277567 0.5919143054595716 0.08669201520912548 0.17484450587422254
3 0.8490494296577947 0.21630960608154803 0.12395437262357414 0.1188666205943331
7 0.9779467680608365 0.3576364892881824 0.04410646387832699 0.10711817553559087
7 0.9802281368821293 0.1295784381478922 0.03954372623574144 0.11126468555632343
5 0.9136882129277567 0.5749827228749136 0.08897338403041825 0.17000691085003455
4 0.9726235741444867 0.7574291637871459 0.05475285171102662 0.0580511402902557
