5 0.058333333333333334 0.12543312543312543 0.08188405797101449 0.1704781704781705
2 0.1539855072463768 0.5914760914760915 0.13695652173913042 0.08385308385308385
2 0.15507246376811595 0.7574497574497574 0.13478260869565217 0.09009009009009009
2 0.15434782608695652 0.9355509355509356 0.13478260869565217 0.08454608454608455
2 0.8981884057971015 0.5769230769230769 0.13405797101449277 0.088011088011088
7 0.4047101449275362 0.6077616077616078 0.0644927536231884 0.10672210672210672
3 0.37572463768115943 0.8977823977823978 0.11811594202898551 0.12127512127512127
7 0.5221014492753623 0.9584199584199584 0.11376811594202899 0.060984060984060985
8 0.4989130434782609 0.5706860706860707 0.07173913043478261 0.1295911295911296
4 0.6807971014492754 0.5401940401940402 0.06594202898550725 0.061677061677061676
