2 0.7657794676806083 0.10020732550103663 0.09277566539923954 0.13130615065653076
2 0.9228136882129278 0.10642709053213545 0.08897338403041825 0.12854181064270906
8 0.6114068441064638 0.304077401520387 0.0714828897338403 0.1299239806496199
4 0.2692015209125475 0.3621285418106427 0.06387832699619772 0.0608154803040774
5 0.6011406844106464 0.6033172080165861 0.19239543726235742 0.07878369039391846
3 0.18783269961977186 0.81720801658604 0.13079847908745248 0.11264685556323428
7 0.34334600760456274 0.9429854872149275 0.11787072243346007 0.05736005528680028
7 0.09239543726235741 0.9474775397373877 0.12243346007604562 0.0580511402902557
5 0.5825095057034221 0.8759502418797512 0.1870722433460076 0.08085694540428473
4 0.7832699619771863 0.9367657221838286 0.06387832699619772 0.06427090532135453
