2 0.5720153340635268 0.09763779527559055 0.06955093099671412 0.14330708661417324
2 0.9512595837897043 0.08897637795275591 0.06681270536692223 0.14645669291338584
7 0.5492880613362541 0.37480314960629924 0.04381161007667032 0.12125984251968504
7 0.962486308871851 0.3862204724409449 0.045454545454545456 0.1188976377952756
3 0.6722343921139102 0.45866141732283466 0.09693318729463307 0.1251968503937008
3 0.8696604600219058 0.4570866141732283 0.09857612267250822 0.1283464566929134
2 0.061883899233296825 0.8944881889763779 0.06900328587075576 0.14488188976377953
2 0.14457831325301204 0.8956692913385826 0.07228915662650602 0.14724409448818898
5 0.39923329682365827 0.9043307086614173 0.1380065717415115 0.09212598425196851
5 0.6111719605695509 0.9031496062992126 0.13362541073384446 0.09133858267716535
8 0.8691128148959474 0.9429133858267716 0.10295728368017525 0.07480314960629922
4 0.9635815991237678 0.8188976377952756 0.052026286966046005 0.07244094488188976
