4 0.14010695187165775 0.33050293925538865 0.05401069518716577 0.05943827563683867
8 0.16042780748663102 0.4320705421293272 0.10106951871657754 0.05878510777269758
8 0.1622994652406417 0.5195950359242325 0.10053475935828877 0.05747877204441541
8 0.16042780748663102 0.6126714565643371 0.09786096256684491 0.0581319399085565
2 0.8294117647058824 0.34160679294578705 0.09786096256684491 0.08425865447419988
2 0.8286096256684492 0.4565643370346179 0.09946524064171124 0.08425865447419988
2 0.651336898395722 0.20280862181580667 0.10106951871657754 0.08491182233834095
7 0.28262032085561495 0.6881123448726323 0.047058823529411764 0.10058785107772697
7 0.5374331550802139 0.6828870019595036 0.045454545454545456 0.10320052253429131
5 0.8556149732620321 0.9183540169823645 0.06310160427807486 0.16329196603527107
