5 0.28446553446553446 0.13951421800947866 0.13036963036963037 0.07049763033175356
5 0.286963036963037 0.4540876777251185 0.13136863136863136 0.07286729857819906
2 0.44105894105894106 0.8572274881516587 0.0959040959040959 0.07464454976303317
2 0.4385614385614386 0.9798578199052133 0.0959040959040959 0.04028436018957346
3 0.715034965034965 0.46327014218009477 0.1023976023976024 0.13981042654028436
4 0.6271228771228772 0.22985781990521326 0.04945054945054945 0.05924170616113744
8 0.8621378621378621 0.10989336492890996 0.0969030969030969 0.05864928909952607
8 0.8449050949050949 0.7037914691943128 0.0964035964035964 0.05924170616113744
7 0.8791208791208791 0.34300947867298576 0.04495504495504495 0.0971563981042654
7 0.8723776223776224 0.5906398104265402 0.046453546453546456 0.09360189573459715
4 0.8786213786213786 0.8228672985781991 0.04895104895104895 0.058056872037914695
