5 0.8039460539460539 0.24437203791469195 0.05944055944055944 0.15462085308056872
5 0.5387112887112887 0.2473341232227488 0.06143856143856144 0.15580568720379148
2 0.19880119880119881 0.43009478672985785 0.06293706293706294 0.11374407582938388
2 0.08116883116883117 0.42713270142180093 0.06243756243756244 0.11374407582938388
3 0.5309690309690309 0.7550355450236966 0.11788211788211789 0.12144549763033176
4 0.7277722277722277 0.6507701421800948 0.04995004995004995 0.05864928909952607
8 0.8289210789210789 0.9295023696682464 0.04945054945054945 0.11492890995260663
8 0.32817182817182816 0.9090639810426541 0.04995004995004995 0.11433649289099526
7 0.6323676323676324 0.9496445497630331 0.08191808191808192 0.0533175355450237
7 0.42357642357642356 0.9416469194312796 0.07892107892107893 0.05509478672985782
4 0.22777222777222778 0.9490521327014217 0.04895104895104895 0.058056872037914695
