2 0.16210295728368018 0.12058823529411765 0.06790799561883899 0.1843137254901961
2 0.2606790799561884 0.11862745098039215 0.06681270536692223 0.18627450980392157
2 0.3666484118291347 0.1142156862745098 0.06845564074479737 0.18529411764705883
8 0.17497261774370207 0.7514705882352941 0.10240963855421686 0.09705882352941177
8 0.17661555312157723 0.9225490196078432 0.10131434830230011 0.08823529411764706
7 0.03696604600219058 0.8857843137254902 0.04654983570646221 0.15196078431372548
4 0.033406352683461114 0.575 0.04600219058050383 0.09509803921568627
7 0.5257393209200438 0.4151960784313726 0.04271631982475356 0.15
3 0.6475903614457831 0.10686274509803921 0.09802847754654984 0.1588235294117647
5 0.878696604600219 0.09852941176470588 0.13636363636363635 0.11666666666666667
