5 0.7596324836988737 0.19520718921617575 0.15471250740960285 0.06590114827758363
5 0.7548903378778897 0.4605591612581128 0.15234143449911083 0.05941088367448827
3 0.23888559573206877 0.4712930604093859 0.12685240071132187 0.11482775836245632
8 0.07172495554238292 0.17324013979031452 0.11499703615886188 0.05292061907139291
5 0.34854771784232363 0.27159261108337496 0.058091286307053944 0.05192211682476285
7 0.05127445168938945 0.36994508237643536 0.051570835803200946 0.08587119321018473
7 0.05512744516893894 0.5768846729905143 0.054534676941315946 0.07938092860708937
8 0.08891523414344991 0.6739890164752871 0.11499703615886188 0.04992511233150274
4 0.04564315352697095 0.7743384922616076 0.053349140486069944 0.0509236145781328
2 0.5696502667457024 0.8005491762356465 0.11381149970361588 0.06640039940089865
2 0.5690574985180794 0.9186220668996505 0.11262596324836989 0.06590114827758363
