5 0.1284796573875803 0.36096774193548387 0.1827266238401142 0.08064516129032258
2 0.09207708779443255 0.6990322580645161 0.09564596716630978 0.12193548387096774
2 0.0867237687366167 0.8883870967741936 0.09064953604568166 0.12516129032258064
2 0.3240542469664525 0.8896774193548387 0.0913633119200571 0.12645161290322582
2 0.9097073518915061 0.9032258064516129 0.09064953604568166 0.12516129032258064
3 0.7044967880085653 0.15354838709677418 0.15703069236259815 0.12645161290322582
7 0.9197002141327623 0.3658064516129032 0.11349036402569593 0.05935483870967742
4 0.6092077087794433 0.5993548387096774 0.07780157030692363 0.06193548387096774
4 0.729478943611706 0.5974193548387097 0.06995003568879372 0.06322580645161291
8 0.9286224125624554 0.5409677419354839 0.07423269093504639 0.1270967741935484
