2 0.15321042593769865 0.07275390625 0.1182453909726637 0.06103515625
2 0.45009535918626825 0.06884765625 0.11951684678957407 0.06298828125
2 0.46026700572155116 0.40185546875 0.11315956770502225 0.06201171875
5 0.23204068658614113 0.58740234375 0.1487603305785124 0.05908203125
5 0.24475524475524477 0.89404296875 0.15766052129688493 0.05712890625
8 0.49777495232040686 0.8291015625 0.06166560712015257 0.0908203125
4 0.49396058486967576 0.96435546875 0.06675143038779402 0.04296875
3 0.6726001271455817 0.62060546875 0.12714558169103624 0.107421875
3 0.8951048951048951 0.62939453125 0.12714558169103624 0.1015625
7 0.9326128417037508 0.48291015625 0.05467260012714558 0.07373046875
