5 0.10693359375 0.24475524475524477 0.0556640625 0.14812460267005723
5 0.40966796875 0.23394787031150668 0.0537109375 0.15066751430387795
8 0.17041015625 0.494596312778131 0.0869140625 0.05785123966942149
4 0.037109375 0.4907819453273999 0.04541015625 0.055944055944055944
5 0.92626953125 0.39097266369993644 0.0546875 0.15384615384615385
8 0.9267578125 0.14303877940241577 0.08642578125 0.05785123966942149
4 0.7724609375 0.1449459631277813 0.04052734375 0.052765416401780035
7 0.64404296875 0.600127145581691 0.0751953125 0.06293706293706294
3 0.80029296875 0.6535282898919262 0.10107421875 0.12269548633184997
2 0.35595703125 0.9059122695486331 0.06005859375 0.11125238397965671
2 0.5224609375 0.9198982835346472 0.06005859375 0.11379529561347743
