5 0.5483374384236454 0.1335540838852097 0.15825123152709358 0.0717439293598234
5 0.7755541871921182 0.1327262693156733 0.15701970443349753 0.07008830022075055
5 0.6770320197044335 0.3468543046357616 0.16071428571428573 0.06677704194260485
3 0.0668103448275862 0.15562913907284767 0.11391625615763547 0.09271523178807947
3 0.06096059113300493 0.37251655629139074 0.11330049261083744 0.09492273730684327
7 0.4725985221674877 0.5234547461368654 0.09667487684729065 0.04911699779249448
2 0.270935960591133 0.8642384105960265 0.08251231527093596 0.10816777041942605
2 0.4328817733990148 0.8703090507726269 0.0812807881773399 0.10044150110375276
4 0.6542487684729064 0.7436534216335541 0.05726600985221675 0.052428256070640174
8 0.9242610837438424 0.869757174392936 0.06157635467980296 0.11147902869757174
8 0.9830665024630542 0.8722406181015453 0.033866995073891626 0.108719646799117
