3 0.5797385620915033 0.5082843399251737 0.1084967320261438 0.09620523784072689
2 0.09607843137254903 0.5352752538749332 0.12941176470588237 0.06787814003206841
2 0.0977124183006536 0.6309460181721005 0.12352941176470589 0.07108498129342597
2 0.315359477124183 0.7426509887760556 0.1261437908496732 0.07322287546766434
2 0.10032679738562092 0.9425440940673436 0.1287581699346405 0.07001603420630678
2 0.3558823529411765 0.6370924639230358 0.0738562091503268 0.06413682522715125
2 0.06699346405228758 0.7386424371993586 0.07647058823529412 0.06520577231427044
2 0.47843137254901963 0.6400320684126136 0.07581699346405228 0.0603955104222341
8 0.9143790849673202 0.40646712987707107 0.12549019607843137 0.055050774986638164
8 0.9124183006535947 0.4823623730625334 0.12941176470588237 0.055050774986638164
8 0.9166666666666666 0.555318011758418 0.1287581699346405 0.05344735435595938
4 0.934640522875817 0.6357562800641369 0.06666666666666667 0.0518439337252806
7 0.45294117647058824 0.35034740780331375 0.06535947712418301 0.08070550507749866
7 0.7640522875816993 0.344735435595938 0.058823529411764705 0.08765366114377339
5 0.06601307189542484 0.15713522180652056 0.08104575163398693 0.14003206841261356
