7 0.06941508104298802 0.0746822033898305 0.10641296687808316 0.09004237288135593
7 0.23890063424947147 0.0746822033898305 0.10570824524312897 0.0836864406779661
7 0.383368569415081 0.07574152542372882 0.10570824524312897 0.0815677966101695
3 0.21916842847075405 0.3151483050847458 0.11839323467230443 0.15995762711864406
3 0.3798449612403101 0.3151483050847458 0.11839323467230443 0.15995762711864406
2 0.927061310782241 0.17002118644067796 0.0824524312896406 0.1875
4 0.26990838618745594 0.5672669491525424 0.06060606060606061 0.0858050847457627
8 0.2642706131078224 0.7409957627118644 0.06201550387596899 0.1896186440677966
5 0.9372797744890768 0.510593220338983 0.07470049330514447 0.2542372881355932
5 0.8076109936575053 0.7044491525423728 0.1719520789288231 0.11440677966101695
