3 0.18106427090532135 0.19011406844106463 0.1078092605390463 0.13840304182509505
7 0.05563234277816172 0.3456273764258555 0.05736005528680028 0.11482889733840304
7 0.05286800276434001 0.09125475285171103 0.060124395300621976 0.11711026615969582
5 0.12197650310988252 0.5832699619771863 0.08500345542501728 0.19163498098859316
5 0.3925362819626814 0.6019011406844107 0.082930200414651 0.18935361216730037
4 0.06185210780926054 0.7870722433460076 0.06841741534208708 0.07452471482889733
4 0.635798203178991 0.27300380228136883 0.0635798203178991 0.06692015209125475
8 0.691085003455425 0.6106463878326996 0.1354526606772633 0.07604562737642585
2 0.8963372494816862 0.7490494296577946 0.1326883206634416 0.09885931558935361
2 0.8908085694540429 0.8653992395437262 0.1326883206634416 0.09429657794676806
