3 0.2183828610919143 0.14904942965779466 0.12577747062888736 0.11863117870722434
7 0.35970974429854874 0.02129277566539924 0.10435383552176918 0.04258555133079848
7 0.12854181064270906 0.02053231939163498 0.10642709053213545 0.04106463878326996
5 0.5756738078783691 0.08403041825095058 0.1741534208707671 0.0935361216730038
5 0.592605390463027 0.3817490494296578 0.17208016586040084 0.09125475285171103
4 0.7608845888044229 0.027756653992395436 0.06772633033863165 0.05551330798479087
4 0.29371112646855563 0.6494296577946768 0.0608154803040774 0.0699619771863118
8 0.6005528680027643 0.7102661596958175 0.0691085003455425 0.14904942965779466
2 0.7263303386316516 0.9315589353612167 0.08984105044920525 0.13688212927756654
2 0.8320663441603318 0.9285171102661597 0.0856945404284727 0.1429657794676806
