5 0.9131773399014779 0.2523441809156095 0.07389162561576355 0.14396028681742967
5 0.9104064039408867 0.456150027578599 0.07450738916256158 0.14009928295642582
5 0.6690270935960592 0.33976833976833976 0.07820197044334976 0.14009928295642582
3 0.8833128078817734 0.8858246001103144 0.0979064039408867 0.1014892443463872
3 0.6410098522167488 0.8929950358521788 0.09729064039408868 0.09928295642581357
7 0.47198275862068967 0.5201323772752344 0.05726600985221675 0.08494208494208494
2 0.08805418719211823 0.5584666298952013 0.11699507389162561 0.06894649751792609
2 0.09667487684729065 0.702426916712631 0.1145320197044335 0.07115278543849972
4 0.2269088669950739 0.3626585769442912 0.05603448275862069 0.049089906232763374
8 0.08589901477832512 0.11941533370104798 0.1188423645320197 0.059018201875344733
8 0.0852832512315271 0.052950910093767234 0.12253694581280788 0.05515719801434087
