5 0.08682266009852217 0.2523441809156095 0.07389162561576355 0.14396028681742967
5 0.0895935960591133 0.456150027578599 0.07450738916256158 0.14009928295642582
5 0.3309729064039409 0.33976833976833976 0.07820197044334976 0.14009928295642582
3 0.1166871921182266 0.8858246001103144 0.0979064039408867 0.1014892443463872
3 0.3589901477832512 0.8929950358521788 0.09729064039408868 0.09928295642581357
7 0.5280172413793104 0.5201323772752344 0.05726600985221675 0.08494208494208494
2 0.9119458128078818 0.5584666298952013 0.11699507389162561 0.06894649751792609
2 0.9033251231527094 0.702426916712631 0.1145320197044335 0.07115278543849972
4 0.7730911330049262 0.3626585769442912 0.05603448275862069 0.049089906232763374
8 0.9141009852216748 0.11941533370104798 0.1188423645320197 0.059018201875344733
8 0.9147167487684729 0.052950910093767234 0.12253694581280788 0.05515719801434087
