2 0.8901098901098901 0.1185881157948197 0.1279896574014221 0.06856272219400711
2 0.8829993535875889 0.25977653631284914 0.13316095669036845 0.0675469781615033
2 0.9062702003878474 0.4512442864398172 0.12281835811247575 0.06348400203148806
2 0.9062702003878474 0.6282376841036059 0.1305753070458953 0.0680548501777552
5 0.38170652876535227 0.601320467242255 0.07821590174531351 0.13204672422549518
3 0.19586296056884292 0.2463179278821737 0.10471881060116355 0.09751142712036567
7 0.06851971557853911 0.1574403250380904 0.060762766645119586 0.08024377856780092
7 0.06237879767291532 0.05992889791772473 0.058823529411764705 0.08024377856780092
8 0.9195216548157724 0.7455561198577958 0.1273432449903038 0.05281868969019807
8 0.8914027149321267 0.9446419502285424 0.12540400775694893 0.05281868969019807
4 0.6638655462184874 0.9657186389029965 0.06334841628959276 0.04824784154393093
