2 0.20163398692810458 0.65 0.0803921568627451 0.1053475935828877
2 0.3411764705882353 0.8275401069518716 0.07712418300653595 0.10427807486631016
2 0.4565359477124183 0.8288770053475936 0.08954248366013072 0.10481283422459893
3 0.48790849673202613 0.4344919786096257 0.1261437908496732 0.09037433155080214
7 0.6816993464052288 0.5374331550802139 0.10718954248366012 0.05454545454545454
7 0.6888888888888889 0.28342245989304815 0.10196078431372549 0.052406417112299465
5 0.9186274509803921 0.8556149732620321 0.1627450980392157 0.06524064171122995
8 0.43104575163398695 0.16149732620320856 0.06601307189542484 0.10374331550802139
8 0.5183006535947713 0.1620320855614973 0.06797385620915032 0.10695187165775401
8 0.6143790849673203 0.16122994652406417 0.06535947712418301 0.10213903743315508
4 0.32712418300653595 0.14385026737967915 0.06339869281045751 0.053475935828877004
