5 0.22352216748768472 0.8701047986762273 0.16071428571428573 0.06618863761720904
5 0.45104679802955666 0.8676227247655819 0.1564039408866995 0.06674020959735245
5 0.32112068965517243 0.6514065085493657 0.1564039408866995 0.07004964147821291
3 0.9307266009852216 0.8433535576392719 0.11330049261083744 0.08769994484280198
3 0.9387315270935961 0.6263099834528406 0.11083743842364532 0.08714837286265857
7 0.5224753694581281 0.4749034749034749 0.09482758620689655 0.05129619415333701
2 0.5652709359605911 0.13099834528405957 0.0769704433497537 0.10479867622724766
2 0.7259852216748769 0.1387203530060673 0.07943349753694581 0.10259238830667403
4 0.34667487684729065 0.25537782680639826 0.05480295566502463 0.05019305019305019
8 0.07512315270935961 0.12906784335355764 0.06588669950738917 0.10645339216767788
8 0.015701970443349755 0.12824048538334254 0.03140394088669951 0.10976282404853833
