5 0.9088669950738916 0.5433222958057395 0.08004926108374384 0.14183222958057395
5 0.9097906403940886 0.7469646799116998 0.07820197044334976 0.14072847682119205
5 0.6708743842364532 0.6586644591611479 0.07450738916256158 0.14403973509933773
3 0.8842364532019704 0.11175496688741722 0.10344827586206896 0.1020971302428256
3 0.6422413793103449 0.1065121412803532 0.10591133004926108 0.10154525386313466
7 0.47383004926108374 0.4754415011037528 0.05480295566502463 0.08664459161147903
2 0.09359605911330049 0.2947019867549669 0.1206896551724138 0.0739514348785872
2 0.08682266009852217 0.43984547461368656 0.11206896551724138 0.0728476821192053
4 0.22814039408866996 0.6382450331125827 0.058497536945812806 0.05132450331125828
8 0.0874384236453202 0.880242825607064 0.12438423645320197 0.05518763796909492
8 0.08466748768472906 0.9470198675496688 0.12130541871921183 0.05849889624724062
