3 0.8189357290946786 0.19011406844106463 0.1078092605390463 0.13840304182509505
7 0.9443676572218382 0.3456273764258555 0.05736005528680028 0.11482889733840304
7 0.94713199723566 0.09125475285171103 0.060124395300621976 0.11711026615969582
5 0.8780234968901175 0.5832699619771863 0.08500345542501728 0.19163498098859316
5 0.6074637180373186 0.6019011406844107 0.082930200414651 0.18935361216730037
4 0.9381478921907395 0.7870722433460076 0.06841741534208708 0.07452471482889733
4 0.364201796821009 0.27300380228136883 0.0635798203178991 0.06692015209125475
8 0.308914996544575 0.6106463878326996 0.1354526606772633 0.07604562737642585
2 0.10366275051831375 0.7490494296577946 0.1326883206634416 0.09885931558935361
2 0.10919143054595715 0.8653992395437262 0.1326883206634416 0.09429657794676806
