3 0.5101307189542483 0.43479422768572956 0.11764705882352941 0.08872260823089258
2 0.5431372549019607 0.830304649919829 0.08300653594771241 0.10582576162479958
2 0.6601307189542484 0.82896846606093 0.0869281045751634 0.10101549973276323
2 0.7967320261437908 0.6509887760555852 0.08954248366013072 0.10315339390700161
2 0.6676470588235294 0.6178514163548904 0.0784313725490196 0.0603955104222341
2 0.7918300653594771 0.8540887226082309 0.07973856209150326 0.06253340459647247
2 0.6712418300653594 0.5176376269374666 0.0738562091503268 0.06199893105291288
8 0.38562091503267976 0.16114377338321753 0.0673202614379085 0.10261892036344201
8 0.47843137254901963 0.1627471940138963 0.0673202614379085 0.10582576162479958
8 0.5676470588235294 0.15927311598075894 0.06535947712418301 0.10529128808123998
4 0.6660130718954248 0.14457509353287012 0.06339869281045751 0.05451630144307857
7 0.31699346405228757 0.5384820951362908 0.09869281045751634 0.05344735435595938
7 0.3101307189542484 0.2840726884019241 0.10718954248366012 0.048102618920363445
5 0.08300653594771241 0.8546231961517905 0.16601307189542483 0.06627471940138963
