2 0.10989010989010989 0.1185881157948197 0.1279896574014221 0.06856272219400711
2 0.11700064641241112 0.25977653631284914 0.13316095669036845 0.0675469781615033
2 0.09372979961215255 0.4512442864398172 0.12281835811247575 0.06348400203148806
2 0.09372979961215255 0.6282376841036059 0.1305753070458953 0.0680548501777552
5 0.6182934712346477 0.601320467242255 0.07821590174531351 0.13204672422549518
3 0.8041370394311571 0.2463179278821737 0.10471881060116355 0.09751142712036567
7 0.9314802844214609 0.1574403250380904 0.060762766645119586 0.08024377856780092
7 0.9376212023270847 0.05992889791772473 0.058823529411764705 0.08024377856780092
8 0.08047834518422754 0.7455561198577958 0.1273432449903038 0.05281868969019807
8 0.1085972850678733 0.9446419502285424 0.12540400775694893 0.05281868969019807
4 0.33613445378151263 0.9657186389029965 0.06334841628959276 0.04824784154393093
