2 0.09803921568627451 0.057754010695187166 0.12810457516339868 0.07593582887700535
2 0.31666666666666665 0.25588235294117645 0.1287581699346405 0.06577540106951872
2 0.09967320261437909 0.3700534759358289 0.12745098039215685 0.06310160427807486
2 0.09803921568627451 0.46443850267379677 0.12810457516339868 0.0732620320855615
3 0.5800653594771242 0.49010695187165776 0.11045751633986928 0.10320855614973262
7 0.4542483660130719 0.6486631016042781 0.06666666666666667 0.0877005347593583
7 0.7647058823529411 0.6545454545454545 0.06405228758169934 0.08342245989304813
5 0.06535947712418301 0.8441176470588235 0.07973856209150326 0.13636363636363635
8 0.9137254901960784 0.4435828877005348 0.12679738562091503 0.05401069518716577
8 0.9130718954248366 0.5149732620320856 0.13071895424836602 0.05561497326203209
8 0.9140522875816993 0.5935828877005348 0.12483660130718954 0.053475935828877004
4 0.9352941176470588 0.35855614973262034 0.06535947712418301 0.051871657754010696
