8 0.7415433403805497 0.26443661971830984 0.193446088794926 0.06408450704225352
4 0.5687103594080338 0.271830985915493 0.09090909090909091 0.061971830985915494
3 0.3144820295983087 0.2193661971830986 0.1638477801268499 0.12183098591549296
3 0.3181818181818182 0.37746478873239436 0.16279069767441862 0.12253521126760564
7 0.07716701902748414 0.06866197183098592 0.08668076109936575 0.10211267605633803
7 0.07663847780126849 0.23943661971830985 0.08562367864693446 0.10422535211267606
7 0.07928118393234672 0.3827464788732394 0.08668076109936575 0.10352112676056338
5 0.7087737843551797 0.8077464788732395 0.11945031712473574 0.1732394366197183
5 0.5110993657505285 0.9366197183098591 0.2526427061310782 0.07746478873239436
2 0.17494714587737845 0.9271126760563381 0.19978858350951373 0.09084507042253522
