8 0.2584566596194503 0.26443661971830984 0.193446088794926 0.06408450704225352
4 0.4312896405919662 0.271830985915493 0.09090909090909091 0.061971830985915494
3 0.6855179704016914 0.2193661971830986 0.1638477801268499 0.12183098591549296
3 0.6818181818181818 0.37746478873239436 0.16279069767441862 0.12253521126760564
7 0.9228329809725159 0.06866197183098592 0.08668076109936575 0.10211267605633803
7 0.9233615221987315 0.23943661971830985 0.08562367864693446 0.10422535211267606
7 0.9207188160676533 0.3827464788732394 0.08668076109936575 0.10352112676056338
5 0.2912262156448203 0.8077464788732395 0.11945031712473574 0.1732394366197183
5 0.48890063424947144 0.9366197183098591 0.2526427061310782 0.07746478873239436
2 0.8250528541226215 0.9271126760563381 0.19978858350951373 0.09084507042253522
