8 0.26215644820295986 0.25634249471458775 0.06060606060606061 0.193446088794926
4 0.27061310782241016 0.4312896405919662 0.057787174066243834 0.08879492600422834
3 0.21916842847075405 0.6828752642706131 0.1226215644820296 0.160676532769556
3 0.3798449612403101 0.6781183932346723 0.1226215644820296 0.16173361522198731
7 0.06941508104298802 0.9244186046511628 0.10782241014799154 0.08562367864693446
7 0.23784355179704017 0.9201902748414377 0.10359408033826638 0.08773784355179703
7 0.38407329105003524 0.9223044397463002 0.10288935870331219 0.08562367864693446
5 0.8090204369274137 0.29439746300211417 0.17618040873854826 0.113107822410148
5 0.937984496124031 0.48784355179704014 0.07470049330514447 0.25898520084566595
2 0.9277660324171952 0.8282241014799154 0.08386187455954898 0.1849894291754757
