2 0.25299506694855534 0.2938689217758985 0.08315715292459479 0.18604651162790697
4 0.37350246652572233 0.43393234672304437 0.05919661733615222 0.0919661733615222
8 0.6124031007751938 0.3890063424947146 0.06483439041578576 0.18816067653276955
5 0.8083157152924595 0.29545454545454547 0.17054263565891473 0.11522198731501057
5 0.9358703312191684 0.4867864693446089 0.07751937984496124 0.2568710359408034
5 0.7914023960535589 0.635306553911205 0.07751937984496124 0.1226215644820296
3 0.09795630725863284 0.7441860465116279 0.1226215644820296 0.15856236786469344
3 0.25088090204369273 0.742600422832981 0.12121212121212122 0.15750528541226216
7 0.07047216349541931 0.9238900634249472 0.10570824524312897 0.08668076109936575
7 0.23960535588442566 0.921247357293869 0.10429880197322058 0.08350951374207188
