2 0.13847780126849896 0.07403508771929825 0.19238900634249473 0.08771929824561403
2 0.13372093023255813 0.1831578947368421 0.18921775898520085 0.0856140350877193
2 0.7320295983086681 0.25649122807017544 0.19978858350951373 0.08491228070175438
8 0.1569767441860465 0.4031578947368421 0.193446088794926 0.06666666666666667
8 0.15803382663847781 0.5992982456140351 0.193446088794926 0.06456140350877193
4 0.06923890063424948 0.5003508771929824 0.0919661733615222 0.05754385964912281
3 0.13002114164904863 0.74 0.1733615221987315 0.12140350877192982
5 0.4476744186046512 0.8326315789473684 0.12367864693446089 0.17473684210526316
3 0.596723044397463 0.8368421052631579 0.10887949260042283 0.07087719298245614
7 0.06712473572938689 0.9178947368421052 0.08562367864693446 0.10526315789473684
