1 0.61875 0.7319915254237288 0.033928571428571426 0.1408898305084746
1 0.5077380952380952 0.7807203389830508 0.030357142857142857 0.03919491525423729
1 0.4324404761904762 0.7478813559322034 0.02976190476190476 0.038135593220338986
1 0.26785714285714285 0.5757415254237288 0.03511904761904762 0.1440677966101695
1 0.33839285714285716 0.3188559322033898 0.022023809523809525 0.05826271186440678
1 0.4574404761904762 0.2367584745762712 0.07321428571428572 0.05508474576271186
1 0.6148809523809524 0.2770127118644068 0.03214285714285714 0.03919491525423729
0 0.6363095238095238 0.3453389830508475 0.029166666666666667 0.0614406779661017
0 0.6041666666666666 0.573093220338983 0.029166666666666667 0.0625
0 0.49166666666666664 0.586864406779661 0.03154761904761905 0.05614406779661017
0 0.4583333333333333 0.6875 0.022023809523809525 0.05402542372881356
0 0.4363095238095238 0.5625 0.03154761904761905 0.05190677966101695
0 0.38452380952380955 0.5407838983050848 0.030952380952380953 0.057203389830508475
0 0.44642857142857145 0.4496822033898305 0.027976190476190477 0.04343220338983051
0 0.3586309523809524 0.3792372881355932 0.02619047619047619 0.0413135593220339
0 0.3217261904761905 0.4231991525423729 0.03154761904761905 0.0858050847457627