1 0.40241666666666664 0.23867584745762713 0.07775595238095244 0.028040254237288165
1 0.3486964285714285 0.41908898305084746 0.015815476190476154 0.04909957627118647
1 0.3486369047619048 0.5566843220338983 0.015696428571428507 0.04802966101694907
1 0.4027261904761905 0.8823093220338983 0.07926785714285718 0.029290254237288232
1 0.5596428571428572 0.8229555084745763 0.030011904761904806 0.028072033898305086
1 0.6334166666666667 0.6370021186440679 0.013404761904761893 0.1277118644067796
1 0.649547619047619 0.35552966101694916 0.015339285714285703 0.0521822033898305
0 0.6171130952380952 0.3017478813559322 0.029863095238095282 0.03987288135593219
0 0.4853452380952381 0.3026694915254238 0.030398809523809484 0.04013771186440677
0 0.45057142857142857 0.49335805084745765 0.02597023809523816 0.04681144067796616
0 0.38792857142857146 0.5263347457627119 0.027375000000000007 0.028622881355932186
0 0.4505952380952381 0.5945656779661017 0.02334523809523811 0.047605932203389885
0 0.44969642857142855 0.6898199152542374 0.02690476190476193 0.044406779661017026
0 0.5145892857142857 0.6046504237288135 0.019303571428571465 0.04236228813559323
0 0.5314583333333334 0.7734216101694915 0.018250000000000047 0.04015889830508483
0 0.49878571428571433 0.826271186440678 0.04478571428571429 0.03788135593220338