1 0.15056944444444445 0.23897222222222222 0.07698611111111112 0.01459722222222221
1 0.22970833333333332 0.2388472222222222 0.07329166666666664 0.01811111111111114
1 0.4947638888888889 0.1769027777777778 0.07602777777777779 0.016666666666666666
1 0.5744444444444444 0.17606944444444445 0.07341666666666669 0.016875000000000008
1 0.7721944444444445 0.10962500000000001 0.0752500000000001 0.015819444444444424
1 0.8436805555555557 0.10943055555555556 0.05813888888888875 0.01733333333333332
0 0.3114722222222222 0.27381944444444445 0.07672222222222223 0.08429166666666667
0 0.4177361111111111 0.20990277777777777 0.07643055555555552 0.08643055555555558
0 0.7067916666666666 0.5436666666666666 0.08570833333333339 0.09848611111111107
0 0.7236527777777777 0.7260000000000001 0.098736111111111 0.08645833333333333
0 0.7090694444444444 0.87475 0.08651388888888883 0.09391666666666683
0 0.21231944444444445 0.7709722222222223 0.09124999999999998 0.09729166666666661