1 0.20347222222222222 0.1798611111111111 0.02361111111111111 0.07777777777777778
1 0.21180555555555555 0.25833333333333336 0.025 0.075
1 0.17847222222222223 0.5284722222222222 0.025 0.07777777777777778
1 0.18611111111111112 0.6076388888888888 0.02361111111111111 0.075
1 0.14027777777777778 0.8118055555555556 0.02361111111111111 0.0763888888888889
1 0.14791666666666667 0.8826388888888889 0.022222222222222223 0.059722222222222225
0 0.2548611111111111 0.3368055555555556 0.09166666666666666 0.08472222222222223
0 0.20277777777777778 0.4486111111111111 0.09305555555555556 0.08472222222222223
0 0.5652777777777778 0.7013888888888888 0.10694444444444444 0.09583333333333334
0 0.7479166666666667 0.6986111111111111 0.09583333333333334 0.10694444444444444
0 0.8951388888888889 0.66875 0.10277777777777777 0.09583333333333334
0 0.7395833333333334 0.18611111111111112 0.10694444444444444 0.10138888888888889