1 0.25763888888888886 0.8625 0.019444444444444445 0.07777777777777778
1 0.2534722222222222 0.7833333333333333 0.022222222222222223 0.075
1 0.17777777777777778 0.5222222222222223 0.020833333333333332 0.07777777777777778
1 0.17291666666666666 0.44305555555555554 0.020833333333333332 0.075
1 0.09583333333333334 0.24861111111111112 0.019444444444444445 0.0763888888888889
1 0.09236111111111112 0.17708333333333334 0.019444444444444445 0.059722222222222225
0 0.28402777777777777 0.7 0.08888888888888889 0.08055555555555556
0 0.21458333333333332 0.5972222222222222 0.09027777777777778 0.08055555555555556
0 0.5326388888888889 0.29097222222222224 0.10277777777777777 0.09166666666666666
0 0.7138888888888889 0.26458333333333334 0.09166666666666666 0.10277777777777777
0 0.8638888888888889 0.27152777777777776 0.09861111111111111 0.09027777777777778
0 0.7854166666666667 0.7729166666666667 0.10138888888888889 0.09722222222222222