0 0.39215116279069767 0.3687142857142857 0.02954651162790694 0.05257142857142857
0 0.5470581395348838 0.2619642857142857 0.023127906976744172 0.04971428571428567
0 0.3927441860465116 0.49857142857142855 0.02601162790697675 0.04560714285714279
0 0.5848023255813953 0.588375 0.02429069767441859 0.04773214285714289
0 0.5527325581395349 0.66075 0.03583720930232564 0.03480357142857145
0 0.36883720930232555 0.6989464285714286 0.02144186046511634 0.041624999999999905
0 0.43267441860465117 0.7216071428571429 0.032209302325581446 0.03403571428571419
0 0.5262209302325581 0.7906785714285713 0.02063953488372093 0.04249999999999992
1 0.33662790697674416 0.19719642857142858 0.06581395348837212 0.031214285714285694
1 0.4765348837209302 0.13053571428571428 0.10237209302325577 0.027607142857142872
1 0.28832558139534886 0.49230357142857145 0.021232558139534872 0.045500000000000033
1 0.33376744186046514 0.7335714285714285 0.030360465116279087 0.028910714285714383
1 0.5099767441860464 0.82575 0.02601162790697675 0.02857142857142857
1 0.5990465116279069 0.8252678571428571 0.08860465116279075 0.027607142857142924
1 0.6731511627906976 0.5133571428571428 0.017872093023255688 0.11666071428571435