0 0.5982558139534884 0.6491071428571429 0.037209302325581395 0.05
0 0.6482558139534884 0.3991071428571429 0.03488372093023256 0.04107142857142857
0 0.513953488372093 0.6625 0.03255813953488372 0.044642857142857144
0 0.4325581395348837 0.38125 0.03372093023255814 0.04285714285714286
0 0.38953488372093026 0.4392857142857143 0.026744186046511628 0.05892857142857143
0 0.3872093023255814 0.7241071428571428 0.029069767441860465 0.0375
0 0.36511627906976746 0.6294642857142857 0.02558139534883721 0.05357142857142857
0 0.30872093023255814 0.4955357142857143 0.030232558139534883 0.0375
1 0.7156976744186047 0.7125 0.027906976744186046 0.10535714285714286
1 0.7418604651162791 0.4901785714285714 0.030232558139534883 0.15892857142857142
1 0.5308139534883721 0.8214285714285714 0.031395348837209305 0.0375
1 0.3691860465116279 0.7821428571428571 0.022093023255813953 0.05
1 0.28837209302325584 0.525 0.022093023255813953 0.04285714285714286
1 0.2779069767441861 0.3892857142857143 0.027906976744186046 0.1375
1 0.4703488372093023 0.2375 0.07674418604651163 0.04107142857142857