0 0.6226744186046511 0.40267857142857144 0.03488372093023256 0.05892857142857143
0 0.4831395348837209 0.2517857142857143 0.029069767441860465 0.055357142857142855
0 0.6052325581395349 0.5294642857142857 0.031395348837209305 0.05357142857142857
0 0.40581395348837207 0.5616071428571429 0.030232558139534883 0.055357142857142855
0 0.42790697674418604 0.6419642857142858 0.03953488372093023 0.044642857142857144
0 0.6040697674418605 0.7339285714285714 0.02558139534883721 0.04642857142857143
0 0.538953488372093 0.7375 0.03604651162790698 0.04285714285714286
0 0.4383720930232558 0.7776785714285714 0.02558139534883721 0.048214285714285716
1 0.6982558139534883 0.25089285714285714 0.0686046511627907 0.05
1 0.5686046511627907 0.14375 0.10348837209302325 0.05714285714285714
1 0.7087209302325581 0.5544642857142857 0.02558139534883721 0.05
1 0.6343023255813953 0.7785714285714286 0.03372093023255814 0.0375
1 0.45 0.8169642857142857 0.029069767441860465 0.03571428571428571
1 0.3627906976744186 0.7901785714285714 0.08953488372093023 0.05178571428571429
1 0.32848837209302323 0.4625 0.031395348837209305 0.11964285714285715