0 0.24867441860465117 0.28535714285714286 0.024127906976744187 0.031125000000000014
0 0.35462790697674423 0.2848392857142857 0.024220930232558186 0.02791071428571428
0 0.2681162790697675 0.548625 0.021918604651162816 0.03653571428571435
0 0.31813953488372093 0.6243035714285714 0.017848837209302353 0.03994642857142858
0 0.20540697674418606 0.6260714285714286 0.01906976744186044 0.04237500000000003
0 0.2506860465116279 0.6706785714285713 0.023918604651162783 0.02717857142857148
1 0.3353023255813954 0.7824821428571429 0.06775581395348836 0.01794642857142849
1 0.2465 0.7816785714285714 0.02687209302325583 0.018535714285714277
1 0.7257558139534883 0.2835535714285714 0.057372093023255716 0.01771428571428574
1 0.7994767441860464 0.2832142857142857 0.05605813953488376 0.01812499999999996
0 0.7463255813953489 0.4841964285714285 0.026953488372093097 0.031714285714285695
0 0.776360465116279 0.48448214285714286 0.027534883720930308 0.027946428571428532
0 0.7264883720930232 0.5469107142857143 0.018453488372092895 0.034214285714285655
0 0.7632906976744186 0.5994642857142857 0.028313953488371988 0.02942857142857146
0 0.741686046511628 0.6448035714285714 0.018395348837209228 0.036339285714285754
0 0.7427790697674418 0.7388571428571429 0.021988372093023352 0.03733928571428566
1 0.7103255813953488 0.767 0.026499999999999958 0.023982142857142768
1 0.7952093023255814 0.7679464285714286 0.06523255813953478 0.025892857142857145
1 0.624453488372093 0.6278035714285715 0.015581395348837315 0.044767857142857234
1 0.6245930232558139 0.5349285714285714 0.01655813953488373 0.03958928571428564
1 0.8522325581395348 0.5459642857142857 0.016337209302325528 0.03992857142857145