0 0.22848837209302325 0.35625 0.027906976744186046 0.03571428571428571
0 0.3325581395348837 0.3267857142857143 0.026744186046511628 0.033928571428571426
0 0.27674418604651163 0.6089285714285714 0.02558139534883721 0.04107142857142857
0 0.33488372093023255 0.6705357142857142 0.022093023255813953 0.04285714285714286
0 0.2238372093023256 0.7026785714285714 0.023255813953488372 0.04642857142857143
0 0.2738372093023256 0.7348214285714286 0.026744186046511628 0.03214285714285714
1 0.3697674418604651 0.8214285714285714 0.0686046511627907 0.03571428571428571
1 0.2819767441860465 0.8446428571428571 0.027906976744186046 0.025
1 0.6976744186046512 0.22678571428571428 0.05813953488372093 0.03214285714285714
1 0.7703488372093024 0.20625 0.056976744186046514 0.03214285714285714
0 0.7406976744186047 0.41875 0.030232558139534883 0.039285714285714285
0 0.7703488372093024 0.41160714285714284 0.030232558139534883 0.03571428571428571
0 0.7284883720930233 0.4857142857142857 0.022093023255813953 0.0375
0 0.7703488372093024 0.5276785714285714 0.030232558139534883 0.03571428571428571
0 0.7546511627906977 0.5776785714285714 0.022093023255813953 0.039285714285714285
0 0.7662790697674419 0.6705357142857142 0.02558139534883721 0.04285714285714286
1 0.7372093023255814 0.7071428571428572 0.029069767441860465 0.030357142857142857
1 0.8209302325581396 0.6848214285714286 0.06744186046511629 0.04285714285714286
1 0.6372093023255814 0.5928571428571429 0.019767441860465116 0.048214285714285716
1 0.6267441860465116 0.5008928571428571 0.020930232558139535 0.04285714285714286
1 0.8523255813953489 0.45089285714285715 0.020930232558139535 0.04285714285714286