0 0.3040697674418605 0.8223214285714285 0.02558139534883721 0.04285714285714286
0 0.32906976744186045 0.6642857142857143 0.02441860465116279 0.04285714285714286
0 0.4744186046511628 0.8571428571428571 0.027906976744186046 0.04107142857142857
0 0.5343023255813953 0.8008928571428572 0.029069767441860465 0.03571428571428571
0 0.5081395348837209 0.9696428571428571 0.031395348837209305 0.0375
0 0.5476744186046512 0.9125 0.023255813953488372 0.04285714285714286
1 0.6383720930232558 0.8133928571428571 0.027906976744186046 0.10535714285714286
1 0.6162790697674418 0.9455357142857143 0.01744186046511628 0.044642857142857144
1 0.4180232558139535 0.11160714285714286 0.02558139534883721 0.08928571428571429
1 0.43430232558139537 0.02142857142857143 0.02441860465116279 0.04285714285714286
0 0.5494186046511628 0.12857142857142856 0.026744186046511628 0.048214285714285716
0 0.5569767441860465 0.08482142857142858 0.02441860465116279 0.048214285714285716
0 0.5848837209302326 0.1732142857142857 0.02558139534883721 0.03571428571428571
0 0.6261627906976744 0.13125 0.02441860465116279 0.048214285714285716
0 0.65 0.175 0.026744186046511628 0.03571428571428571
0 0.7098837209302326 0.19553571428571428 0.029069767441860465 0.04285714285714286
1 0.7197674418604652 0.25089285714285714 0.020930232558139535 0.044642857142857144
1 0.7406976744186047 0.12678571428571428 0.031395348837209305 0.1
1 0.611046511627907 0.3455357142857143 0.031395348837209305 0.033928571428571426
1 0.5523255813953488 0.32321428571428573 0.029069767441860465 0.033928571428571426