0 0.5321100917431193 0.14410480349344978 0.06116207951070336 0.09606986899563319
0 0.5305810397553516 0.24890829694323144 0.0581039755351682 0.08733624454148471
0 0.46636085626911317 0.1462882096069869 0.06422018348623854 0.10043668122270742
0 0.2691131498470948 0.24890829694323144 0.05198776758409786 0.09170305676855896
0 0.7247706422018348 0.8646288209606987 0.0672782874617737 0.09606986899563319
0 0.5443425076452599 0.8733624454148472 0.05198776758409786 0.07860262008733625
0 0.26299694189602446 0.7554585152838428 0.06116207951070336 0.08733624454148471
1 0.29357798165137616 0.9475982532751092 0.024464831804281346 0.10480349344978165
1 0.7828746177370031 0.29475982532751094 0.027522935779816515 0.2576419213973799
1 0.7813455657492355 0.013100436681222707 0.021406727828746176 0.026200873362445413
1 0.22782874617737003 0.0982532751091703 0.027522935779816515 0.1965065502183406
1 0.22782874617737003 0.3624454148471616 0.024464831804281346 0.14847161572052403