0 0.4541284403669725 0.1462882096069869 0.06422018348623854 0.10043668122270742
0 0.4602446483180428 0.25109170305676853 0.06116207951070336 0.09170305676855896
0 0.5198776758409785 0.14410480349344978 0.0672782874617737 0.10480349344978165
0 0.7217125382262997 0.2314410480349345 0.05504587155963303 0.09606986899563319
0 0.2889908256880734 0.8799126637554585 0.07033639143730887 0.10043668122270742
0 0.4694189602446483 0.8755458515283843 0.05504587155963303 0.08296943231441048
0 0.746177370030581 0.7379912663755459 0.06422018348623854 0.09170305676855896
1 0.7201834862385321 0.9323144104803494 0.027522935779816515 0.10480349344978165
1 0.20948012232415902 0.3165938864628821 0.03669724770642202 0.2576419213973799
1 0.19877675840978593 0.034934497816593885 0.021406727828746176 0.026200873362445413
1 0.7553516819571865 0.08733624454148471 0.03058103975535168 0.17467248908296942
1 0.7660550458715596 0.34279475982532753 0.03058103975535168 0.14847161572052403