0 0.25110091743119267 0.545589519650655 0.06798165137614676 0.08659388646288203
0 0.32339449541284404 0.5437991266375546 0.062201834862385334 0.08458515283842796
0 0.2520489296636086 0.45283842794759827 0.06987767584097858 0.09013100436681229
0 0.32486238532110095 0.17026200873362446 0.06287461773700306 0.07454148471615724
0 0.7551376146788991 0.8202183406113538 0.0672782874617737 0.09427947598253264
0 0.7616207951070336 0.5628384279475982 0.05556574923547388 0.07458515283842788
0 0.6783792048929664 0.16200873362445414 0.061896024464831834 0.08685589519650655
1 0.8349541284403669 0.2074235807860262 0.11360856269113143 0.0334934497816594
1 0.3563608562691132 0.9048471615720525 0.1808562691131498 0.03759825327510923
1 0.14 0.9042794759825328 0.054464831804281355 0.03165938864628821
1 0.20908256880733947 0.11148471615720525 0.16009174311926605 0.03711790393013101
1 0.4037920489296636 0.11235807860262009 0.10406727828746186 0.03401746724890829
1 0.10363914373088685 0.5003056768558952 0.028746177370030598 0.19943231441048043
1 0.9262079510703364 0.34655021834061134 0.019541284403669684 0.18895196506550221