6 0.15144230769230768 0.4014423076923077 0.0673076923076923 0.0625
6 0.18209134615384615 0.328125 0.07572115384615384 0.09375
6 0.24759615384615385 0.5588942307692307 0.08173076923076923 0.07932692307692307
6 0.29627403846153844 0.7578125 0.078125 0.10697115384615384
6 0.29507211538461536 0.8786057692307693 0.07091346153846154 0.09375
6 0.7193509615384616 0.5534855769230769 0.05889423076923077 0.0829326923076923
6 0.6490384615384616 0.5072115384615384 0.0673076923076923 0.0625
6 0.7073317307692307 0.4417067307692308 0.06850961538461539 0.08533653846153846
6 0.7722355769230769 0.4411057692307692 0.05889423076923077 0.07932692307692307
9 0.4657451923076923 0.3449519230769231 0.037259615384615384 0.13221153846153846
9 0.13401442307692307 0.7205528846153846 0.11899038461538461 0.037259615384615384
9 0.9368990384615384 0.3503605769230769 0.037259615384615384 0.14783653846153846
9 0.9326923076923077 0.5943509615384616 0.04326923076923077 0.0829326923076923
8 0.4110576923076923 0.5985576923076923 0.12980769230769232 0.27403846153846156
8 0.40444711538461536 0.9194711538461539 0.12620192307692307 0.09375
7 0.4765625 0.3828125 0.9387019230769231 0.7319711538461539
5 0.08834134615384616 0.42007211538461536 0.09975961538461539 0.1141826923076923
8 0.8792067307692307 0.6069711538461539 0.14302884615384615 0.27163461538461536