1 0.543918918918919 0.21329879101899826 0.10585585585585586 0.0846286701208981
0 0.6835585585585585 0.24265975820379965 0.15990990990990991 0.03626943005181347
1 0.3997747747747748 0.45768566493955093 0.11936936936936937 0.07944732297063903
0 0.12837837837837837 0.4913644214162349 0.09009009009009009 0.10880829015544041
2 0.47297297297297297 0.5345423143350605 0.7342342342342343 0.6200345423143351
1 0.46283783783783783 0.6010362694300518 0.09234234234234234 0.06217616580310881
0 0.12274774774774774 0.6200345423143351 0.07432432432432433 0.06563039723661486
0 0.12837837837837837 0.689119170984456 0.07207207207207207 0.06217616580310881
1 0.44481981981981983 0.6994818652849741 0.11036036036036036 0.07944732297063903
3 0.26914414414414417 0.7374784110535406 0.27702702702702703 0.17616580310880828
1 0.7533783783783784 0.8618307426597582 0.12837837837837837 0.09671848013816926
1 0.8795045045045045 0.8696027633851469 0.10135135135135136 0.09499136442141623