6 0.5456730769230769 0.2127403846153846 0.10576923076923077 0.08413461538461539
9 0.6832932692307693 0.2439903846153846 0.15985576923076922 0.036057692307692304
6 0.40084134615384615 0.4579326923076923 0.11899038461538461 0.07932692307692307
9 0.12920673076923078 0.4921875 0.09014423076923077 0.109375
7 0.4729567307692308 0.5360576923076923 0.734375 0.6201923076923077
6 0.4621394230769231 0.6009615384615384 0.09254807692307693 0.0625
9 0.12379807692307693 0.6195913461538461 0.07451923076923077 0.06610576923076923
9 0.12980769230769232 0.6899038461538461 0.07211538461538461 0.0625
6 0.44471153846153844 0.7007211538461539 0.11057692307692307 0.07932692307692307
5 0.2704326923076923 0.7373798076923077 0.2764423076923077 0.17668269230769232
6 0.7542067307692307 0.8629807692307693 0.12860576923076922 0.09615384615384616
6 0.8798076923076923 0.8695913461538461 0.10096153846153846 0.09495192307692307