1 0.38492274906766116 0.7121040723981901 0.14331379861481086 0.09200603318250378
1 0.5546084176877997 0.9466440422322775 0.16409163558870538 0.1033182503770739
2 0.5015982951518381 0.5627828054298643 0.996803409696324 0.7288838612368024
3 0.23441662226957913 0.8282428355957768 0.42141715503462973 0.18552036199095023
0 0.8042088438998402 0.9121417797888386 0.18913159296750134 0.04675716440422323
0 0.2959509856153436 0.9128959276018099 0.1342567927543953 0.0418552036199095
0 0.2424080980287693 0.21116138763197587 0.2189664358018114 0.048265460030165915
0 0.7482685135855088 0.21210407239819004 0.2690463505594033 0.03695324283559578
1 0.5522109749600426 0.7992081447963801 0.13692061800745872 0.10143288084464555
1 0.5570058604155568 0.17816742081447964 0.14597762386787427 0.10143288084464555
1 0.38945125199786895 0.4604072398190045 0.14331379861481086 0.08861236802413273