1 0.6350839198700595 0.2724324324324324 0.040606388738494856 0.07675675675675675
1 0.6442880346507851 0.5621621621621622 0.0384407146724418 0.06702702702702702
1 0.5611802923659989 0.4735135135135135 0.03735787763941527 0.07135135135135136
1 0.4361126150514348 0.8086486486486486 0.03898213318895506 0.0918918918918919
1 0.43746616134271793 0.7005405405405405 0.04006497022198159 0.08540540540540541
1 0.3938819707634001 0.6491891891891892 0.027612344342176503 0.06054054054054054
1 0.4894423389279913 0.267027027027027 0.040606388738494856 0.06594594594594595
1 0.2885760693015701 0.4416216216216216 0.03898213318895506 0.07783783783783783
1 0.11315646995127233 0.8264864864864865 0.09853817000541419 0.11675675675675676
1 0.13941526800216567 0.40540540540540543 0.040606388738494856 0.08
1 0.8611261505143476 0.5675675675675675 0.04006497022198159 0.06702702702702702
1 0.8278289117487818 0.7216216216216216 0.04439631835408771 0.08540540540540541
1 0.8267460747157552 0.812972972972973 0.042772062804547914 0.0972972972972973
0 0.08608554412560909 0.18864864864864864 0.04981050351922036 0.04432432432432432
0 0.038170005414185165 0.3075675675675676 0.026529507309149974 0.08
0 0.036816459122902004 0.4572972972972973 0.022198159177043854 0.08108108108108109
0 0.03871142393069843 0.6021621621621621 0.027612344342176503 0.09405405405405405
0 0.26962642122360586 0.7881081081081082 0.1413102328099621 0.04756756756756757
0 0.25446670276123445 0.18432432432432433 0.07200866269626421 0.04216216216216216
2 0.491878722252301 0.4843243243243243 0.9231185706551164 0.625945945945946
3 0.38494856524093124 0.7302702702702702 0.056307525717379535 0.12972972972972974
1 0.1413102328099621 0.16054054054054054 0.042772062804547914 0.08648648648648649
1 0.8632918245804007 0.5010810810810811 0.035733622089875475 0.05837837837837838
1 0.7141310232809962 0.3281081081081081 0.03735787763941527 0.08108108108108109
1 0.7206280454791554 0.16216216216216217 0.03627504060638874 0.09081081081081081
1 0.7003248511099079 0.25027027027027027 0.0384407146724418 0.07783783783783783
0 0.9458581483486735 0.47945945945945945 0.017866811044937737 0.08324324324324324
0 0.38440714672441795 0.7848648648648648 0.0460205739036275 0.04432432432432432
0 0.5151597184623714 0.7848648648648648 0.08175419599350298 0.055135135135135134
0 0.7598808879263671 0.7837837837837838 0.06497022198159177 0.04972972972972973
0 0.6423930698429886 0.7864864864864864 0.07038440714672442 0.04108108108108108
0 0.8884677855982674 0.7875675675675675 0.06821873308067136 0.046486486486486484
0 0.8565240931239848 0.1827027027027027 0.13752030319436925 0.03891891891891892
0 0.6478072550081213 0.1854054054054054 0.05251759610178668 0.04756756756756757
0 0.3419057931781267 0.1810810810810811 0.07092582566323768 0.04216216216216216
0 0.5289658906334597 0.18324324324324323 0.0752571737953438 0.055135135135135134
0 0.4271792095289659 0.1854054054054054 0.07471575527883054 0.04432432432432432