1 0.6555555555555556 0.24742268041237114 0.08333333333333333 0.08247422680412371
1 0.8379629629629629 0.5618556701030928 0.10555555555555556 0.09896907216494845
1 0.27685185185185185 0.6092783505154639 0.12222222222222222 0.10515463917525773
1 0.42407407407407405 0.2865979381443299 0.10925925925925926 0.12577319587628866
1 0.8268518518518518 0.6979381443298969 0.1037037037037037 0.21030927835051547
1 0.8333333333333334 0.23608247422680412 0.08148148148148149 0.10103092783505155
3 0.8740740740740741 0.3618556701030928 0.16296296296296298 0.3237113402061856
0 0.8518518518518519 0.042268041237113405 0.11296296296296296 0.06391752577319587
0 0.3175925925925926 0.8329896907216495 0.05740740740740741 0.16288659793814433
0 0.3175925925925926 0.47216494845360824 0.05185185185185185 0.2
0 0.4166666666666667 0.042268041237113405 0.1111111111111111 0.061855670103092786
2 0.6333333333333333 0.488659793814433 0.6611111111111111 0.9298969072164949