2 0.524 0.5550699300699301 0.9456 0.6486013986013986
3 0.1984 0.7167832167832168 0.2848 0.29895104895104896
1 0.4072 0.7159090909090909 0.0736 0.08391608391608392
0 0.9744 0.7307692307692307 0.0512 0.10314685314685315
1 0.264 0.4737762237762238 0.1184 0.0979020979020979
1 0.2032 0.7281468531468531 0.1264 0.0979020979020979
1 0.3848 0.2097902097902098 0.0864 0.10664335664335664
1 0.664 0.6302447552447552 0.0912 0.08916083916083917
0 0.972 0.40734265734265734 0.056 0.21503496503496503
0 0.8976 0.2403846153846154 0.0992 0.057692307692307696
0 0.5968 0.24213286713286714 0.1792 0.06818181818181818
0 0.2216 0.23863636363636365 0.0928 0.057692307692307696
1 0.3712 0.6835664335664335 0.0912 0.09090909090909091