7 0.5234375 0.5552884615384616 0.9459134615384616 0.6490384615384616
5 0.19771634615384615 0.7169471153846154 0.2848557692307692 0.29927884615384615
6 0.40685096153846156 0.7175480769230769 0.0733173076923077 0.08413461538461539
9 0.9741586538461539 0.7301682692307693 0.04927884615384615 0.1045673076923077
6 0.26382211538461536 0.47415865384615385 0.11899038461538461 0.09735576923076923
6 0.20252403846153846 0.7289663461538461 0.12620192307692307 0.09735576923076923
6 0.38461538461538464 0.20973557692307693 0.08653846153846154 0.10697115384615384
6 0.6634615384615384 0.6310096153846154 0.09134615384615384 0.0889423076923077
9 0.9717548076923077 0.40865384615384615 0.054086538461538464 0.21634615384615385
9 0.8984375 0.2403846153846154 0.09975961538461539 0.057692307692307696
9 0.5967548076923077 0.24098557692307693 0.17908653846153846 0.06850961538461539
9 0.22175480769230768 0.2403846153846154 0.09254807692307693 0.057692307692307696
6 0.37259615384615385 0.6850961538461539 0.09134615384615384 0.09134615384615384