6 0.7590144230769231 0.5066105769230769 0.07091346153846154 0.09495192307692307
9 0.1953125 0.045072115384615384 0.08774038461538461 0.06129807692307692
6 0.8840144230769231 0.6802884615384616 0.07091346153846154 0.10096153846153846
6 0.7776442307692307 0.6069711538461539 0.06971153846153846 0.10817307692307693
6 0.6045673076923077 0.2013221153846154 0.06971153846153846 0.1045673076923077
6 0.65625 0.6941105769230769 0.07211538461538461 0.1141826923076923
6 0.2980769230769231 0.84375 0.0673076923076923 0.125
6 0.3016826923076923 0.6899038461538461 0.07932692307692307 0.11538461538461539
6 0.22776442307692307 0.5432692307692307 0.08052884615384616 0.10096153846153846
6 0.2746394230769231 0.43209134615384615 0.0733173076923077 0.09495192307692307
6 0.2848557692307692 0.28966346153846156 0.06490384615384616 0.0985576923076923
6 0.12860576923076922 0.30288461538461536 0.055288461538461536 0.09134615384615384
9 0.46875 0.03665865384615385 0.16346153846153846 0.04927884615384615
9 0.7506009615384616 0.03786057692307692 0.10216346153846154 0.051682692307692304
9 0.8527644230769231 0.4873798076923077 0.03245192307692308 0.06129807692307692
9 0.7644230769230769 0.8082932692307693 0.08173076923076923 0.05889423076923077
9 0.49158653846153844 0.8070913461538461 0.12740384615384615 0.056490384615384616
9 0.15865384615384615 0.8125 0.08653846153846154 0.0625
7 0.46153846153846156 0.421875 0.8221153846153846 0.8004807692307693
5 0.20192307692307693 0.4128605769230769 0.10576923076923077 0.16706730769230768