3 0.42266536964980544 0.6797687861271676 0.10019455252918288 0.18497109826589594
2 0.4965953307392996 0.45664739884393063 0.8287937743190662 0.8774566473988439
3 0.42461089494163423 0.5421965317919075 0.09922178988326848 0.09017341040462427
1 0.7178988326848249 0.26242774566473986 0.07198443579766536 0.08554913294797688
1 0.19601167315175097 0.4531791907514451 0.08463035019455253 0.08439306358381503
1 0.6172178988326849 0.5341040462427745 0.07198443579766536 0.08092485549132948
1 0.7115758754863813 0.5901734104046242 0.07101167315175097 0.06820809248554913
1 0.49319066147859925 0.5635838150289018 0.057392996108949414 0.06936416184971098
1 0.49270428015564205 0.6647398843930635 0.07198443579766536 0.07052023121387284
1 0.4567120622568093 0.7468208092485549 0.054474708171206226 0.057803468208092484
1 0.5272373540856031 0.7393063583815029 0.07587548638132295 0.08901734104046242
1 0.521887159533074 0.923699421965318 0.07587548638132295 0.08208092485549133
0 0.377431906614786 0.20404624277456648 0.16731517509727625 0.11791907514450867
0 0.5982490272373541 0.09190751445086705 0.12062256809338522 0.09710982658959537
0 0.9012645914396887 0.35722543352601155 0.04182879377431906 0.12716763005780346
0 0.9036964980544747 0.5387283236994219 0.038910505836575876 0.12947976878612716
0 0.6994163424124513 0.14277456647398845 0.037937743190661476 0.13410404624277455
0 0.2198443579766537 0.35722543352601155 0.038910505836575876 0.09826589595375723