6 0.4483173076923077 0.6598557692307693 0.09375 0.06009615384615385
6 0.4675480769230769 0.9260817307692307 0.11298076923076923 0.078125
6 0.8100961538461539 0.5787259615384616 0.19230769230769232 0.056490384615384616
6 0.46274038461538464 0.8449519230769231 0.10817307692307693 0.06490384615384616
6 0.44471153846153844 0.5721153846153846 0.08653846153846154 0.0625
6 0.38341346153846156 0.71875 0.0985576923076923 0.0625
6 0.46875 0.2542067307692308 0.09615384615384616 0.11899038461538461
9 0.6376201923076923 0.2530048076923077 0.23677884615384615 0.03485576923076923
9 0.24278846153846154 0.9014423076923077 0.1971153846153846 0.038461538461538464
9 0.6905048076923077 0.8990384615384616 0.17427884615384615 0.04326923076923077
9 0.8082932692307693 0.6526442307692307 0.05889423076923077 0.10817307692307693
7 0.44711538461538464 0.5775240384615384 0.7932692307692307 0.6550480769230769
6 0.20673076923076922 0.5685096153846154 0.09134615384615384 0.06009615384615385
9 0.2620192307692308 0.25841346153846156 0.20673076923076922 0.040865384615384616
5 0.3359375 0.6484375 0.16706730769230768 0.07572115384615384