6 0.5216346153846154 0.765625 0.08173076923076923 0.13221153846153846
6 0.6622596153846154 0.4561298076923077 0.06971153846153846 0.1045673076923077
7 0.5114182692307693 0.4879807692307692 0.9603365384615384 0.875
6 0.42908653846153844 0.671875 0.09375 0.13701923076923078
6 0.5174278846153846 0.9459134615384616 0.0829326923076923 0.10817307692307693
6 0.19891826923076922 0.2692307692307692 0.08533653846153846 0.125
5 0.6292067307692307 0.25961538461538464 0.12860576923076922 0.3317307692307692
9 0.047475961538461536 0.7403846153846154 0.056490384615384616 0.2644230769230769
9 0.9663461538461539 0.3467548076923077 0.057692307692307696 0.41947115384615385
9 0.6105769230769231 0.06009615384615385 0.10096153846153846 0.08653846153846154
9 0.4338942307692308 0.06971153846153846 0.2620192307692308 0.08653846153846154
6 0.7259615384615384 0.5432692307692307 0.09134615384615384 0.1201923076923077
6 0.13040865384615385 0.6502403846153846 0.0733173076923077 0.11298076923076923
6 0.11778846153846154 0.26802884615384615 0.08653846153846154 0.13221153846153846
9 0.9675480769230769 0.7662259615384616 0.055288461538461536 0.19110576923076922