1 0.5200633579725449 0.7639593908629442 0.08130939809926083 0.1319796954314721
1 0.660506863780359 0.45685279187817257 0.06969376979936642 0.10490693739424704
2 0.5116156282998944 0.4873096446700508 0.9598732840549102 0.8747884940778342
1 0.4276663146779303 0.6708967851099831 0.09398099260823653 0.13705583756345177
1 0.5168954593453009 0.9450084602368867 0.08130939809926083 0.10998307952622674
1 0.19904963041182683 0.26818950930626057 0.08553326293558607 0.12521150592216582
3 0.6282998944033791 0.25972927241962773 0.12882787750791974 0.3316412859560068
0 0.046462513199577615 0.739424703891709 0.057022175290390706 0.2639593908629442
0 0.9662090813093981 0.3460236886632826 0.05807814149947202 0.4196277495769882
0 0.6098204857444561 0.06006768189509306 0.10137275607180571 0.08629441624365482
0 0.4334741288278775 0.06937394247038917 0.26187961985216474 0.08629441624365482
1 0.7249208025343189 0.5423011844331641 0.0908130939809926 0.12013536379018612
1 0.12988384371700107 0.649746192893401 0.07286166842661035 0.11336717428087986
1 0.11826821541710665 0.26649746192893403 0.08658922914466737 0.1319796954314721
0 0.96779303062302 0.7673434856175972 0.054910242872228086 0.19120135363790186