6 0.5348557692307693 0.8786057692307693 0.10817307692307693 0.12740384615384615
6 0.6237980769230769 0.7680288461538461 0.0985576923076923 0.12259615384615384
6 0.8125 0.7469951923076923 0.09134615384615384 0.1045673076923077
9 0.21754807692307693 0.39783653846153844 0.1658653846153846 0.06971153846153846
9 0.5625 0.11298076923076923 0.16826923076923078 0.0673076923076923
9 0.8227163461538461 0.10757211538461539 0.17427884615384615 0.06610576923076923
6 0.34615384615384615 0.328125 0.08653846153846154 0.13701923076923078
6 0.4375 0.31971153846153844 0.09615384615384616 0.12980769230769232
6 0.3641826923076923 0.6412259615384616 0.10817307692307693 0.13341346153846154
6 0.39302884615384615 0.3125 0.19951923076923078 0.1346153846153846
7 0.5102163461538461 0.5180288461538461 0.9627403846153846 0.8870192307692307
5 0.8227163461538461 0.8221153846153846 0.3137019230769231 0.23557692307692307