0 0.731006160164271 0.10512820512820513 0.09034907597535935 0.05897435897435897
0 0.7915811088295688 0.5461538461538461 0.057494866529774126 0.15384615384615385
0 0.2433264887063655 0.10256410256410256 0.0944558521560575 0.06153846153846154
1 0.8172484599589322 0.4423076923076923 0.09240246406570841 0.09743589743589744
1 0.19815195071868583 0.6294871794871795 0.061601642710472276 0.07948717948717948
1 0.3193018480492813 0.8423076923076923 0.07186858316221766 0.09743589743589744
1 0.3059548254620123 0.5666666666666667 0.061601642710472276 0.07692307692307693
1 0.24127310061601642 0.4512820512820513 0.07186858316221766 0.07435897435897436
2 0.4527720739219713 0.4564102564102564 0.7125256673511293 0.7205128205128205
3 0.1540041067761807 0.4423076923076923 0.12320328542094455 0.10512820512820513
3 0.19096509240246407 0.5769230769230769 0.18275154004106775 0.1641025641025641
0 0.3624229979466119 0.10384615384615385 0.08829568788501027 0.05897435897435897
0 0.7987679671457906 0.2692307692307692 0.0513347022587269 0.23333333333333334
1 0.24743326488706366 0.35512820512820514 0.06570841889117043 0.07179487179487179