9 0.7301682692307693 0.10396634615384616 0.09014423076923077 0.05889423076923077
9 0.7932692307692307 0.5456730769230769 0.057692307692307696 0.15384615384615385
9 0.2421875 0.10276442307692307 0.09495192307692307 0.06129807692307692
6 0.8179086538461539 0.44290865384615385 0.09254807692307693 0.09735576923076923
6 0.19891826923076922 0.6310096153846154 0.06129807692307692 0.07932692307692307
6 0.31971153846153844 0.8419471153846154 0.07211538461538461 0.09735576923076923
6 0.30709134615384615 0.5673076923076923 0.06129807692307692 0.07692307692307693
6 0.24278846153846154 0.45072115384615385 0.07211538461538461 0.07451923076923077
7 0.45252403846153844 0.4561298076923077 0.7127403846153846 0.7199519230769231
5 0.15324519230769232 0.4417067307692308 0.12379807692307693 0.1045673076923077
5 0.19230769230769232 0.5775240384615384 0.18269230769230768 0.16466346153846154
9 0.3635817307692308 0.10396634615384616 0.08774038461538461 0.05889423076923077
9 0.7998798076923077 0.2704326923076923 0.051682692307692304 0.23317307692307693
6 0.24699519230769232 0.3557692307692308 0.06610576923076923 0.07211538461538461