5 0.3782124542124542 0.28096435546875 0.1488791208791209 0.2139208984375
7 0.4381501831501831 0.42013916015624997 0.8004542124542123 0.5231982421875
6 0.8568699633699632 0.4373486328125 0.07094871794871795 0.07927734375
9 0.04408608058608059 0.3149560546875 0.020868131868131867 0.1794140625
9 0.04565201465201465 0.489501953125 0.019824175824175824 0.175244140625
9 0.8328736263736265 0.29757080078125 0.020868131868131867 0.2030615234375
6 0.27310439560439564 0.48532958984374996 0.07616483516483517 0.0973583984375
6 0.378485347985348 0.4185693359375 0.06155677655677656 0.089013671875
6 0.46612820512820513 0.5124536132812499 0.061560439560439564 0.0876220703125
6 0.3450970695970696 0.6397119140624999 0.06364468864468864 0.08623046875
9 0.8328736263736265 0.5569580078124999 0.018780219780219782 0.1655078125
6 0.3497912087912088 0.71690185546875 0.06468864468864469 0.0848388671875