9 0.14894505494505494 0.59450927734375 0.019824175824175824 0.1627294921875
9 0.7149725274725275 0.369892578125 0.031300366300366304 0.022255859375
9 0.14894505494505494 0.21342529296874999 0.017736263736263736 0.0625830078125
7 0.5551227106227107 0.457509765625 0.8313882783882784 0.55927734375
5 0.6155439560439561 0.3479736328125 0.22524908424908424 0.32216796875
9 0.14946520146520148 0.7002124023437499 0.014608058608058609 0.0598095703125
9 0.14946520146520148 0.3385986328125 0.016695970695970695 0.204453125
6 0.6523699633699633 0.7002124023437499 0.06677655677655678 0.0931884765625
6 0.6675 0.5945092773437499 0.06364468864468864 0.0737158203125
6 0.6690641025641025 0.303134765625 0.05425274725274726 0.0667578125
6 0.5511648351648352 0.44499755859375 0.06468864468864469 0.0751025390625
6 0.17502930402930406 0.47976806640625 0.0699047619047619 0.0806689453125
6 0.11973076923076924 0.47837646484375 0.06782051282051282 0.0834521484375
9 0.9638168498168499 0.3712841796875 0.017736263736263736 0.19193359375
9 0.9648608058608059 0.59590087890625 0.017736263736263736 0.1933251953125