8 0.34848467862481314 0.7081059782608695 0.060250373692077724 0.14046195652173912
9 0.924626307922272 0.17935869565217394 0.06120328849028401 0.019467391304347825
9 0.9145833333333332 0.783671195652174 0.06789611360239163 0.02364673913043478
9 0.8012593423019432 0.7850597826086957 0.06120328849028401 0.023641304347826086
9 0.6262537369207772 0.17588315217391304 0.09754484304932734 0.020864130434782607
9 0.4225579222720478 0.17796739130434786 0.09563153961136024 0.02225
9 0.3149719730941704 0.17796739130434786 0.0985014947683109 0.02225
9 0.1471375186846039 0.17796739130434786 0.09372197309417041 0.02225
6 0.23511958146487294 0.8170489130434784 0.05737668161434977 0.09040217391304348
6 0.21647047832585947 0.5833913043478262 0.05451046337817638 0.06815217391304348
5 0.5775355007473842 0.5431603260869565 0.12316517189835574 0.1121141304347826
6 0.179652466367713 0.6821385869565217 0.06120328849028401 0.0764945652173913
6 0.24133594917787746 0.1494538043478261 0.05259715994020927 0.08205978260869566
6 0.8375990284005979 0.14875815217391306 0.057380418535127056 0.08066847826086956
6 0.8280362481315398 0.4457010869565217 0.053553811659192825 0.08483695652173913
6 0.728101644245142 0.44778532608695654 0.056420029895366215 0.08066847826086956
6 0.6563770553064275 0.5555760869565217 0.04877055306427503 0.0653695652173913
6 0.6798075485799701 0.6272038043478261 0.051640508221225706 0.08345108695652174
6 0.4115601644245142 0.6244211956521739 0.05068385650224215 0.0778858695652174
6 0.36374439461883407 0.5847826086956521 0.058333333333333334 0.07371739130434782
7 0.2576625560538117 0.48130163043478263 0.4563266068759343 0.6146902173913044
7 0.7379147982062779 0.48130163043478263 0.4598729446935725 0.617266304347826
9 0.6090414798206277 0.7829728260869564 0.09563153961136024 0.027815217391304346
9 0.4383370702541106 0.7843641304347826 0.058333333333333334 0.025032608695652176
9 0.10505979073243647 0.783671195652174 0.04590433482810165 0.02364673913043478
9 0.7926532137518686 0.18144565217391306 0.04399103139013453 0.029206521739130437
5 0.15886584454409566 0.563133152173913 0.07442825112107623 0.15463586956521738
8 0.8327242152466369 0.7087527173913044 0.05405082212257099 0.14433152173913044
8 0.7786733931240658 0.7010217391304349 0.05582212257100149 0.1623695652173913
8 0.324118086696562 0.7441902173913043 0.10721225710014946 0.0786086956521739