8 0.3685732600732601 0.44569091796875 0.10850915750915752 0.0737158203125
8 0.41239560439560435 0.52705322265625 0.1418974358974359 0.0778857421875
8 0.8673040293040294 0.44569091796875 0.08972893772893774 0.0737158203125
8 0.8839981684981685 0.52705322265625 0.047996336996337 0.0778857421875
5 0.1698113553113553 0.73567626953125 0.06782051282051282 0.0778857421875
5 0.8610439560439561 0.677958984375 0.21076190476190476 0.204453125
7 0.26267032967032966 0.4213525390625 0.4643003663003663 0.7426953125
7 0.7447087912087912 0.42065673828125 0.4684725274725275 0.7468701171875
9 0.8047014652014652 0.78157470703125 0.0626043956043956 0.0250341796875
6 0.17607142857142855 0.20716796875000001 0.06573260073260073 0.105703125
6 0.6648919413919414 0.205078125 0.07094871794871795 0.095966796875
6 0.788529304029304 0.3712841796875 0.06155677655677656 0.089013671875
6 0.7718369963369962 0.5326171875 0.06364468864468864 0.083447265625
6 0.8365238095238096 0.5437451171875001 0.05738461538461538 0.083447265625
6 0.32475091575091575 0.52983642578125 0.06260073260073261 0.0723193359375
6 0.2146776556776557 0.7461083984375 0.05738461538461538 0.062587890625
6 0.23606593406593404 0.8114794921875 0.06468864468864469 0.095966796875
9 0.2746684981684982 0.054873046875 0.09807692307692308 0.023642578125
9 0.22823992673992674 0.114677734375 0.01565201465201465 0.11265625
9 0.09834065934065933 0.17169921875000002 0.10433699633699632 0.029208984375
9 0.5819413919413919 0.17169921875 0.10955311355311355 0.02642578125
9 0.7066263736263737 0.1132861328125 0.014608058608058609 0.123779296875
9 0.3336208791208791 0.7850537109375001 0.12207692307692307 0.029208984375
9 0.10407875457875458 0.7822705078125 0.07616483516483517 0.02642578125
9 0.7530549450549451 0.056262207031250004 0.09912087912087914 0.0236474609375
9 0.9450347985347985 0.78087890625 0.06155677655677656 0.023642578125
9 0.579857142857143 0.7822705078125 0.12207326007326007 0.02642578125