9 0.73153 0.17106166666666664 0.062585 0.027816666666666667
9 0.7727337500000001 0.17036666666666667 0.0260775 0.02086
9 0.76960375 0.7635500000000001 0.0281625 0.022253333333333337
9 0.7310075 0.7607700000000002 0.06363 0.02503333333333333
9 0.6136575000000001 0.7600750000000002 0.062585 0.023643333333333336
9 0.57402 0.761465 0.027120000000000002 0.020863333333333334
9 0.43841375 0.7621600000000001 0.0458975 0.019473333333333336
9 0.25065375 0.761465 0.0584125 0.020863333333333334
6 0.2835125 0.5702283333333333 0.055284999999999994 0.06119666666666667
9 0.21049375 0.761465 0.0302525 0.020863333333333334
6 0.30437375 0.13837833333333333 0.053197499999999995 0.07649666666666667
6 0.6705075 0.14046333333333333 0.051115 0.06954
6 0.7403975 0.4756516666666667 0.055284999999999994 0.05285
6 0.72162125 0.5653583333333333 0.0511125 0.07927666666666668
6 0.66581375 0.566055 0.047982500000000004 0.08345
6 0.37165499999999996 0.45896166666666666 0.052155 0.06397666666666667
6 0.37113375 0.5653583333333333 0.0573725 0.06815
6 0.42172375 0.6216883333333334 0.047982500000000004 0.07510333333333333
6 0.36331 0.7927583333333332 0.058415 0.08623
6 0.36226749999999996 0.6397683333333334 0.058415 0.07510333333333333
9 0.19536875 0.16689 0.0584125 0.022253333333333337
9 0.24283000000000002 0.16549833333333333 0.046939999999999996 0.030596666666666668
9 0.3758275 0.17245333333333335 0.058415 0.02503333333333333
9 0.411815 0.16967 0.028165 0.022253333333333337
9 0.5531575000000001 0.16549833333333333 0.0605 0.027816666666666667
9 0.6053125 0.17036666666666667 0.0605 0.02086
7 0.31897875 0.46521999999999997 0.34735750000000004 0.6133533333333333
7 0.67989625 0.4666116666666667 0.3452725 0.61335
5 0.44154375 0.5737066666666667 0.0897075 0.14881333333333333
5 0.800375 0.4707833333333333 0.08762 0.121
8 0.2167525 0.4415766666666667 0.122045 0.06258666666666667
8 0.197455 0.5020766666666667 0.08345 0.05841333333333334
8 0.58132125 0.44088166666666667 0.1251725 0.06397666666666667
8 0.5781925 0.5034683333333333 0.118915 0.06397666666666667