9 0.80507 0.7844216666666666 0.08658 0.03895666666666667
9 0.56202375 0.5709216666666667 0.0260775 0.05424333333333333
9 0.63765 0.6286416666666667 0.08762 0.033376666666666666
9 0.42954749999999997 0.787195 0.08866500000000001 0.03616333333333333
9 0.34662 0.7885866666666665 0.075105 0.036160000000000005
8 0.41911624999999997 0.4673066666666667 0.1199575 0.11682666666666668
9 0.16616124999999998 0.6293366666666667 0.0667575 0.026426666666666668
8 0.87652375 0.46104833333333334 0.1210025 0.11543666666666667
6 0.7956825 0.33726500000000004 0.046939999999999996 0.06815
6 0.716405 0.33796 0.044855 0.06676
6 0.2151875 0.16341166666666668 0.052155 0.09040333333333332
6 0.20892875 0.34839166666666666 0.047982500000000004 0.05702333333333333
6 0.2167525 0.3970683333333333 0.046939999999999996 0.06815
6 0.16459625 0.34074166666666666 0.0448525 0.06675666666666667
6 0.20892874999999997 0.4860833333333333 0.052157499999999996 0.05980666666666666
6 0.230835 0.6592399999999999 0.05007 0.08623333333333333
6 0.70440875 0.16202 0.052157499999999996 0.08484
6 0.81132875 0.161325 0.053197499999999995 0.08345
6 0.70128 0.4207133333333334 0.05007 0.05146
6 0.7075375 0.4833016666666667 0.05007 0.06815
6 0.5917525 0.4805183333333334 0.03964 0.05424333333333333
9 0.10253125 0.4833 0.0250325 0.05146
9 0.10357374999999999 0.35186833333333334 0.022947500000000003 0.05285
9 0.31271875 0.19261833333333334 0.0594575 0.03477
9 0.1479075 0.19192499999999998 0.055284999999999994 0.03894333333333333
9 0.56463125 0.2600733333333333 0.027122499999999997 0.07788666666666666
9 0.63817125 0.19262 0.08866249999999999 0.037553333333333334
8 0.20162625 0.83657 0.11474250000000001 0.07371333333333333
5 0.6527737499999999 0.41306333333333334 0.0594575 0.08901333333333335
5 0.14842875 0.4784333333333334 0.0792775 0.11126666666666667
7 0.7523925 0.4909516666666667 0.40473000000000003 0.62865
7 0.2939425 0.48955999999999994 0.403685 0.6258666666666667
9 0.877045 0.19262 0.08866500000000001 0.037553333333333334
9 0.88904125 0.7830233333333332 0.08136249999999999 0.036160000000000005