7 0.49795054945054945 0.43874023437500004 0.6364578754578755 0.80806640625
6 0.46352014652014645 0.512451171875 0.05008058608058608 0.0598046875
9 0.7963553113553112 0.317041015625 0.05425641025641026 0.267041015625
9 0.7963553113553115 0.51314697265625 0.043824175824175825 0.0723193359375
9 0.6534120879120879 0.479765625 0.07094871794871795 0.03337890625
6 0.4374358974358974 0.4477783203125 0.07095238095238095 0.102919921875
6 0.5939395604395604 0.45403564453125 0.05842857142857143 0.0848388671875
6 0.7713150183150184 0.12580322265625 0.06886446886446887 0.0709326171875
6 0.46404212454212446 0.56947509765625 0.0553003663003663 0.0625830078125
5 0.2418040293040293 0.71551025390625 0.09494871794871794 0.1571630859375
6 0.461956043956044 0.64944580078125 0.0699047619047619 0.0778857421875
6 0.5115146520146521 0.6730908203125 0.047996336996337 0.075107421875
6 0.37483333333333335 0.8295581054687501 0.10225274725274724 0.1182177734375
6 0.3132747252747253 0.6821337890625 0.06260073260073261 0.062587890625