6 0.38521634615384615 0.7043269230769231 0.11177884615384616 0.052884615384615384
6 0.5697115384615384 0.7698317307692307 0.10576923076923077 0.0829326923076923
9 0.3058894230769231 0.27584134615384615 0.15504807692307693 0.06610576923076923
9 0.78125 0.28365384615384615 0.1875 0.04807692307692308
9 0.8936298076923077 0.6298076923076923 0.07572115384615384 0.11057692307692307
9 0.8936298076923077 0.3551682692307692 0.07572115384615384 0.12379807692307693
6 0.41165865384615385 0.9393028846153846 0.13581730769230768 0.09014423076923077
6 0.40084134615384615 0.8683894230769231 0.109375 0.078125
6 0.4074519230769231 0.9086538461538461 0.10336538461538461 0.15384615384615385
6 0.6592548076923077 0.2548076923076923 0.12139423076923077 0.11057692307692307
9 0.8960336538461539 0.8028846153846154 0.07572115384615384 0.11057692307692307
5 0.26322115384615385 0.7007211538461539 0.17548076923076922 0.27163461538461536
7 0.5438701923076923 0.5835336538461539 0.7608173076923077 0.6622596153846154