1 0.38636363636363635 0.7034482758620689 0.11212121212121212 0.052873563218390804
1 0.5681818181818182 0.7689655172413793 0.10606060606060606 0.08275862068965517
0 0.30606060606060603 0.2770114942528736 0.15454545454545454 0.06666666666666667
0 0.7818181818181819 0.28390804597701147 0.18787878787878787 0.04827586206896552
0 0.8939393939393939 0.6298850574712643 0.07575757575757576 0.1103448275862069
0 0.8939393939393939 0.35517241379310344 0.07575757575757576 0.12413793103448276
1 0.4106060606060606 0.9402298850574713 0.13636363636363635 0.0896551724137931
1 0.4015151515151515 0.8689655172413793 0.10909090909090909 0.07816091954022988
1 0.4075757575757576 0.9080459770114943 0.10303030303030303 0.15402298850574714
1 0.6590909090909091 0.2540229885057471 0.12121212121212122 0.1103448275862069
0 0.8954545454545455 0.8022988505747126 0.07575757575757576 0.1103448275862069
3 0.2636363636363636 0.7011494252873564 0.17575757575757575 0.271264367816092
2 0.543939393939394 0.5839080459770115 0.7606060606060606 0.6620689655172414