2 0.4905797101449275 0.5268886043533931 0.5652173913043478 0.5083226632522407
3 0.6514492753623189 0.5953905249679897 0.23043478260869565 0.11267605633802817
0 0.6166666666666667 0.27848911651728553 0.11304347826086956 0.04353393085787452
0 0.377536231884058 0.28040973111395645 0.14202898550724638 0.03841229193341869
0 0.3463768115942029 0.7701664532650448 0.11739130434782609 0.030729833546734954
0 0.6021739130434782 0.7733674775928298 0.043478260869565216 0.030729833546734954
0 0.686231884057971 0.7733674775928298 0.11014492753623188 0.03713188220230474
1 0.4811594202898551 0.2612035851472471 0.08260869565217391 0.08066581306017925
1 0.3869565217391304 0.6062740076824584 0.09565217391304348 0.06145966709346991
1 0.5108695652173914 0.6094750320102432 0.07971014492753623 0.07426376440460948
1 0.4956521739130435 0.795774647887324 0.08550724637681159 0.08194622279129321
1 0.5043478260869565 0.6843790012804097 0.08260869565217391 0.07298335467349552
1 0.5195652173913043 0.6837387964148528 0.06811594202898551 0.04225352112676056
1 0.6536231884057971 0.6338028169014085 0.06956521739130435 0.05761843790012804