7 0.49158653846153844 0.5258413461538461 0.5649038461538461 0.5084134615384616
5 0.6514423076923077 0.5949519230769231 0.23076923076923078 0.11298076923076923
9 0.6165865384615384 0.27884615384615385 0.11298076923076923 0.04326923076923077
9 0.3786057692307692 0.28125 0.14182692307692307 0.038461538461538464
9 0.3473557692307692 0.7704326923076923 0.11778846153846154 0.03125
9 0.6033653846153846 0.7728365384615384 0.04326923076923077 0.03125
9 0.6875 0.7734375 0.11057692307692307 0.037259615384615384
6 0.4813701923076923 0.2614182692307692 0.0829326923076923 0.08052884615384616
6 0.3870192307692308 0.6051682692307693 0.09615384615384616 0.06129807692307692
6 0.5108173076923077 0.609375 0.07932692307692307 0.07451923076923077
6 0.49459134615384615 0.7956730769230769 0.08533653846153846 0.08173076923076923
6 0.5054086538461539 0.6832932692307693 0.0829326923076923 0.0733173076923077
6 0.5198317307692307 0.6844951923076923 0.06850961538461539 0.042067307692307696
6 0.6550480769230769 0.6346153846153846 0.06971153846153846 0.057692307692307696