2 0.4932270916334661 0.388250319284802 0.5099601593625498 0.5849297573435505
0 0.5195219123505976 0.12196679438058748 0.08924302788844622 0.06896551724137931
0 0.24780876494023904 0.2950191570881226 0.03745019920318725 0.15197956577266922
0 0.7458167330677291 0.5153256704980843 0.03745019920318725 0.1698595146871009
0 0.7458167330677291 0.24521072796934865 0.04143426294820717 0.1673052362707535
2 0.12470119521912351 0.8697318007662835 0.17131474103585656 0.14814814814814814
1 0.2302788844621514 0.8716475095785441 0.06055776892430279 0.0983397190293742
3 0.503585657370518 0.5849297573435505 0.149800796812749 0.17879948914431673
1 0.7673306772908367 0.35887611749680715 0.07569721115537849 0.10472541507024266
1 0.4641434262948207 0.45338441890166026 0.0653386454183267 0.10600255427841634
1 0.349402390438247 0.5587484035759898 0.07330677290836653 0.08556832694763729
1 0.2844621513944223 0.6602809706257982 0.08446215139442231 0.10472541507024266
1 0.4243027888446215 0.35312899106002554 0.06613545816733067 0.1123882503192848