1 0.16606822262118492 0.31221719457013575 0.09694793536804308 0.10180995475113122
3 0.8114901256732495 0.8235294117647058 0.19030520646319568 0.2398190045248869
3 0.8626570915619389 0.6628959276018099 0.10053859964093358 0.10407239819004525
2 0.5601436265709157 0.5316742081447964 0.7342908438061041 0.834841628959276
1 0.7378815080789947 0.29751131221719457 0.07719928186714542 0.07918552036199095
1 0.7369838420107719 0.5237556561085973 0.07360861759425494 0.08144796380090498
1 0.6669658886894075 0.748868778280543 0.06283662477558348 0.10180995475113122
1 0.7863554757630161 0.6753393665158371 0.0718132854578097 0.07918552036199095
1 0.8447037701974865 0.8042986425339367 0.07540394973070018 0.08144796380090498
0 0.921903052064632 0.27262443438914025 0.0466786355475763 0.1493212669683258
0 0.20107719928186715 0.20927601809954752 0.05206463195691203 0.13574660633484162
0 0.2001795332136445 0.39705882352941174 0.06104129263913824 0.06787330316742081
0 0.914721723518851 0.8710407239819005 0.04847396768402154 0.06787330316742081
0 0.914721723518851 0.6527149321266968 0.05385996409335727 0.06334841628959276
0 0.9201077199281867 0.5101809954751131 0.05206463195691203 0.12669683257918551