6 0.16646634615384615 0.31310096153846156 0.09735576923076923 0.10216346153846154
5 0.8112980769230769 0.8245192307692307 0.18990384615384615 0.2403846153846154
5 0.8629807692307693 0.6628605769230769 0.10096153846153846 0.1045673076923077
7 0.5594951923076923 0.5306490384615384 0.734375 0.8353365384615384
6 0.7379807692307693 0.29927884615384615 0.07692307692307693 0.07932692307692307
6 0.7361778846153846 0.5240384615384616 0.0733173076923077 0.08173076923076923
6 0.6682692307692307 0.7481971153846154 0.0625 0.10216346153846154
6 0.7860576923076923 0.6766826923076923 0.07211538461538461 0.07932692307692307
6 0.8455528846153846 0.8052884615384616 0.07572115384615384 0.08173076923076923
9 0.9224759615384616 0.27403846153846156 0.046875 0.14903846153846154
9 0.2013221153846154 0.20973557692307693 0.051682692307692304 0.13581730769230768
9 0.2013221153846154 0.39663461538461536 0.06129807692307692 0.0673076923076923
9 0.9158653846153846 0.8725961538461539 0.04807692307692308 0.0673076923076923
9 0.9140625 0.6520432692307693 0.054086538461538464 0.06370192307692307
9 0.9200721153846154 0.5102163461538461 0.051682692307692304 0.12620192307692307