9 0.06971153846153846 0.47115384615384615 0.0625 0.07692307692307693
9 0.15324519230769232 0.9050480769230769 0.1045673076923077 0.03125
9 0.07632211538461539 0.23377403846153846 0.08052884615384616 0.06850961538461539
9 0.9314903846153846 0.21814903846153846 0.08413461538461539 0.14783653846153846
9 0.3473557692307692 0.04807692307692308 0.21394230769230768 0.057692307692307696
9 0.6826923076923077 0.7403846153846154 0.2980769230769231 0.038461538461538464
9 0.9381009615384616 0.6075721153846154 0.08774038461538461 0.14783653846153846
6 0.1875 0.7469951923076923 0.12980769230769232 0.1141826923076923
7 0.5060096153846154 0.47716346153846156 0.9014423076923077 0.8774038461538461
5 0.15745192307692307 0.8299278846153846 0.17067307692307693 0.17427884615384615
6 0.29447115384615385 0.7710336538461539 0.14182692307692307 0.07572115384615384
6 0.43149038461538464 0.7758413461538461 0.11298076923076923 0.09495192307692307
6 0.5979567307692307 0.2614182692307692 0.12379807692307693 0.09014423076923077