0 0.3137715179968701 0.24445617740232312 0.2112676056338028 0.0454065469904963
1 0.5117370892018779 0.899155227032735 0.19092331768388107 0.18585005279831046
1 0.8599374021909233 0.5279831045406547 0.11737089201877934 0.07602956705385427
1 0.5046948356807511 0.851636747624076 0.18153364632237873 0.1003167898627244
1 0.513302034428795 0.9445617740232313 0.1564945226917058 0.09609292502639916
1 0.5391236306729265 0.791974656810982 0.15336463223787167 0.08553326293558607
1 0.7519561815336463 0.735480464625132 0.107981220657277 0.08025343189017951
0 0.7331768388106417 0.24076029567053855 0.17214397496087636 0.044350580781414996
1 0.6338028169014085 0.5163674762407603 0.13928012519561817 0.09398099260823653
1 0.4726134585289515 0.21119324181626187 0.13615023474178403 0.1003167898627244
2 0.5289514866979655 0.5702217529039071 0.9233176838810642 0.6821541710665259
3 0.7918622848200313 0.8078141499472017 0.3395931142410016 0.19957761351636746