2 0.5169421487603306 0.5829493087557603 0.8454545454545455 0.6762672811059908
3 0.4975206611570248 0.6491935483870968 0.17107438016528925 0.20852534562211983
1 0.3367768595041322 0.6998847926267281 0.10413223140495868 0.12903225806451613
0 0.22644628099173553 0.25921658986175117 0.1975206611570248 0.06912442396313365
0 0.4809917355371901 0.26440092165898615 0.11900826446280992 0.055299539170506916
0 0.8037190082644629 0.2620967741935484 0.1884297520661157 0.06336405529953917
1 0.1628099173553719 0.7137096774193549 0.08181818181818182 0.10483870967741936
1 0.44958677685950416 0.8525345622119815 0.10495867768595041 0.1497695852534562
1 0.6198347107438017 0.39919354838709675 0.10082644628099173 0.12788018433179724
1 0.6702479338842975 0.2638248847926267 0.08760330578512397 0.24308755760368664
1 0.6706611570247933 0.20506912442396313 0.08429752066115702 0.11635944700460829
1 0.6652892561983471 0.32027649769585254 0.09917355371900827 0.1175115207373272