7 0.5162259615384616 0.5835336538461539 0.8449519230769231 0.6766826923076923
5 0.4987980769230769 0.6496394230769231 0.17067307692307693 0.20793269230769232
6 0.3359375 0.6989182692307693 0.1045673076923077 0.12860576923076922
9 0.22596153846153846 0.2608173076923077 0.1971153846153846 0.06971153846153846
9 0.4801682692307692 0.265625 0.11899038461538461 0.055288461538461536
9 0.8034855769230769 0.2626201923076923 0.18870192307692307 0.06370192307692307
6 0.16346153846153846 0.7133413461538461 0.08173076923076923 0.1045673076923077
6 0.4489182692307692 0.8515625 0.1045673076923077 0.1502403846153846
6 0.6201923076923077 0.40024038461538464 0.10096153846153846 0.12740384615384615
6 0.6712740384615384 0.265625 0.08774038461538461 0.24278846153846154
6 0.671875 0.2049278846153846 0.08413461538461539 0.11658653846153846
6 0.6652644230769231 0.32091346153846156 0.09975961538461539 0.11778846153846154