6 0.4483173076923077 0.7199519230769231 0.09375 0.07932692307692307
6 0.3088942307692308 0.2265625 0.09375 0.14543269230769232
6 0.45132211538461536 0.7644230769230769 0.09014423076923077 0.15384615384615385
6 0.3082932692307692 0.18990384615384615 0.08774038461538461 0.07692307692307693
6 0.3094951923076923 0.25600961538461536 0.09014423076923077 0.07932692307692307
6 0.7722355769230769 0.6123798076923077 0.078125 0.06129807692307692
9 0.16045673076923078 0.9621394230769231 0.15745192307692307 0.06850961538461539
6 0.7854567307692307 0.5210336538461539 0.08052884615384616 0.07572115384615384
7 0.5012019230769231 0.5931490384615384 0.8918269230769231 0.7487980769230769
5 0.8816105769230769 0.59375 0.1141826923076923 0.08653846153846154
5 0.7397836538461539 0.7013221153846154 0.39783653846153844 0.12860576923076922
6 0.6977163461538461 0.5204326923076923 0.08774038461538461 0.07932692307692307
6 0.8058894230769231 0.5763221153846154 0.06850961538461539 0.051682692307692304
6 0.7139423076923077 0.6670673076923077 0.07211538461538461 0.05048076923076923
9 0.06850961538461539 0.5276442307692307 0.07451923076923077 0.06971153846153846
9 0.06670673076923077 0.6790865384615384 0.08052884615384616 0.12740384615384615
9 0.1736778846153846 0.22115384615384615 0.13581730769230768 0.04326923076923077
9 0.42908653846153844 0.2205528846153846 0.1658653846153846 0.046875
9 0.6328125 0.2205528846153846 0.14543269230769232 0.051682692307692304
9 0.8341346153846154 0.21814903846153846 0.14423076923076922 0.046875
6 0.4483173076923077 0.7986778846153846 0.0985576923076923 0.0733173076923077