9 0.1258625 0.08235905044510386 0.03338 0.04457566765578635
9 0.08691875 0.0815341246290801 0.0319875 0.03631454005934718
9 0.4234975 0.6279584569732937 0.03338 0.03632047477744807
9 0.38316374999999997 0.6287833827893176 0.0319875 0.03797032640949555
9 0.33935249999999995 0.62713353115727 0.03477 0.03797032640949555
9 0.2878925 0.6527210682492581 0.03338 0.033014836795252224
9 0.03024375 0.3242047477744807 0.0201675 0.07593471810089021
9 0.03824 0.23671216617210683 0.023645 0.08254005934718102
9 0.046237499999999994 0.1492166172106825 0.018775 0.07924035608308606
6 0.21696124999999997 0.292839762611276 0.023642499999999997 0.04952522255192879
6 0.21730875 0.3341097922848665 0.022947500000000003 0.05282492581602374
6 0.3122325 0.20121958456973293 0.01808 0.047875370919881303
9 0.38073 0.07410385756676559 0.034075 0.047875370919881303
6 0.35882374999999994 0.39684272997032644 0.0208625 0.046219584569732935
6 0.25034125 0.39849258160237383 0.0278175 0.04291988130563798
6 0.16202374999999997 0.3828100890207715 0.023642499999999997 0.051175074183976266
6 0.14881125 0.3984925816023739 0.0278175 0.05283086053412463
6 0.482955 0.3927151335311572 0.022949999999999998 0.04457566765578635
6 0.5709249999999999 0.3918902077151335 0.01808 0.04292581602373887
6 0.6359450000000001 0.28953709198813055 0.017385 0.046219584569732935
6 0.6807987499999999 0.332459940652819 0.0125175 0.04292581602373887
6 0.6922737499999999 0.3357626112759644 0.0146025 0.04291988130563798
6 0.7176575000000001 0.4612255192878339 0.01669 0.033014836795252224
6 0.71869875 0.5247833827893175 0.0201675 0.04127002967359051
6 0.78093875 0.590813056379822 0.0208625 0.054480712166172104
6 0.7791999999999999 0.7311335311572701 0.020165 0.06108011869436202
6 0.47495750000000003 0.6213560830860534 0.01669 0.04952522255192879
6 0.46105 0.6205281899109791 0.01669 0.04786943620178041
6 0.3237075 0.35227002967359045 0.017385 0.04292581602373887
9 0.3386575 0.07328189910979228 0.03199 0.04291988130563798
9 0.55493 0.07328189910979228 0.03616 0.03632047477744807
9 0.51216375 0.07410682492581602 0.038247500000000004 0.04127002967359051
9 0.469395 0.07328189910979228 0.03199 0.03962017804154303
9 0.42488875 0.07328189910979228 0.0319875 0.03632047477744807
9 0.278505 0.07988427299703266 0.032685000000000006 0.03631454005934718
9 0.24199625 0.07905637982195846 0.0319875 0.03797032640949555
9 0.2037475 0.08070919881305638 0.03477 0.0346646884272997
9 0.1644575 0.07988427299703266 0.031295 0.03631454005934718
9 0.5963062499999999 0.07328189910979228 0.0299025 0.03632047477744807
9 0.64011875 0.07327893175074184 0.0285125 0.033014836795252224
9 0.69888 0.0815341246290801 0.03477 0.03631454005934718
9 0.73747625 0.08235905044510386 0.0285125 0.03796439169139466
9 0.7743325 0.0815341246290801 0.031295 0.04292581602373887
9 0.8153625 0.08318694362017805 0.032685000000000006 0.03962017804154303
9 0.85360875 0.08401186943620179 0.0312925 0.03467062314540059
9 0.893595 0.0831839762611276 0.03616 0.03631454005934718
9 0.9224549999999999 0.15994955489614243 0.015995 0.07428486646884273
9 0.92315 0.2631246290801187 0.015995 0.07593471810089021
9 0.92315 0.36052225519287834 0.014605 0.07924035608308606
9 0.9234975 0.45792284866468846 0.015300000000000001 0.07264094955489614
9 0.92315 0.5495430267062315 0.014605 0.07759050445103859
9 0.9234975000000001 0.6494183976261129 0.01669 0.06602967359050445
9 0.9241937499999999 0.7484658753709199 0.015297499999999999 0.07263501483679526
9 0.6721075 0.8087240356083085 0.017385 0.07759050445103859
9 0.6728025 0.700593471810089 0.014605 0.07924035608308606
9 0.64150875 0.6312611275964392 0.0354675 0.033014836795252224
9 0.5976975 0.6312581602373887 0.034075 0.03632047477744807
9 0.55354 0.630433234421365 0.03338 0.03797032640949555
9 0.51112 0.630433234421365 0.03477 0.03467062314540059
7 0.47287250000000003 0.47855786350148366 0.9054249999999999 0.8254124629080118
5 0.32266374999999997 0.4397626112759644 0.0264275 0.05778041543026706
5 0.6842775 0.4711275964391691 0.015300000000000001 0.06108011869436202
5 0.684625 0.538813056379822 0.015995 0.07099109792284866
5 0.70201 0.5379881305637982 0.017385 0.06602967359050445
5 0.7023575 0.4760830860534125 0.019469999999999998 0.06108011869436202