0 0.17983870967741936 0.4965782720273738 0.09919354838709678 0.017964071856287425
1 0.3469758064516129 0.6856287425149701 0.0375 0.02879954376960365
1 0.22600806451612904 0.6775021385799829 0.04153225806451613 0.027088679783290562
1 0.26733870967741935 0.7065868263473054 0.039919354838709675 0.03022526375819789
1 0.2794354838709677 0.6645280866837753 0.04395161290322581 0.025092671799258625
1 0.2852822580645161 0.6241802110065583 0.031048387096774193 0.021100655831194755
0 0.1028225806451613 0.6142001710863987 0.021774193548387097 0.045337895637296836
1 0.36693548387096775 0.5865412033076703 0.03064516129032258 0.021670943826632448
1 0.3106854838709677 0.580695751354434 0.039919354838709675 0.025092671799258625
0 0.33669354838709675 0.4958654120330767 0.06693548387096775 0.01853435985172512
0 0.175 0.7436555460507557 0.06411290322580646 0.018819503849443968
0 0.34536290322580643 0.7446535500427716 0.03064516129032258 0.015397775876817793
1 0.26491935483870965 0.7560593099515255 0.042741935483870966 0.031936127744510975
1 0.26995967741935484 0.4875962360992301 0.04516129032258064 0.03051040775591674
2 0.25040322580645163 0.6199030510407756 0.3024193548387097 0.2537781579697747
3 0.34939516129032255 0.6648132306814941 0.09838709677419355 0.06159110350727117
3 0.32137096774193546 0.621043627031651 0.05040322580645161 0.03136583974907328