9 0.1796875 0.4969951923076923 0.09975961538461539 0.018028846153846152
6 0.3479567307692308 0.6850961538461539 0.037259615384615384 0.028846153846153848
6 0.22536057692307693 0.6772836538461539 0.042067307692307696 0.027644230769230768
6 0.26742788461538464 0.7073317307692307 0.039663461538461536 0.030048076923076924
6 0.27944711538461536 0.6640625 0.04447115384615385 0.025240384615384616
6 0.2848557692307692 0.6237980769230769 0.03125 0.021634615384615384
9 0.1045673076923077 0.6141826923076923 0.021634615384615384 0.04567307692307692
6 0.3659855769230769 0.5877403846153846 0.030048076923076924 0.021634615384615384
6 0.31069711538461536 0.5799278846153846 0.039663461538461536 0.025240384615384616
9 0.33653846153846156 0.4969951923076923 0.0673076923076923 0.018028846153846152
9 0.17608173076923078 0.7451923076923077 0.06370192307692307 0.019230769230769232
9 0.34435096153846156 0.7457932692307693 0.030048076923076924 0.015625
6 0.2644230769230769 0.7566105769230769 0.04326923076923077 0.03245192307692308
6 0.2704326923076923 0.4885817307692308 0.04567307692307692 0.030048076923076924
7 0.25 0.6195913461538461 0.30288461538461536 0.2536057692307692
5 0.34975961538461536 0.6652644230769231 0.0985576923076923 0.06129807692307692
5 0.32091346153846156 0.6213942307692307 0.05048076923076923 0.03125