3 0.6990740740740741 0.46742957746478875 0.11904761904761904 0.15492957746478872
3 0.23941798941798942 0.28433098591549294 0.15211640211640212 0.14964788732394366
2 0.5026455026455027 0.46919014084507044 0.876984126984127 0.8873239436619719
0 0.5132275132275133 0.8397887323943662 0.0873015873015873 0.03345070422535211
1 0.13293650793650794 0.43045774647887325 0.06084656084656084 0.08098591549295775
1 0.2585978835978836 0.6778169014084507 0.05291005291005291 0.0721830985915493
1 0.25992063492063494 0.5492957746478874 0.0582010582010582 0.0721830985915493
1 0.2943121693121693 0.426056338028169 0.05291005291005291 0.07042253521126761
1 0.3498677248677249 0.3908450704225352 0.0582010582010582 0.07570422535211267
1 0.3611111111111111 0.8617957746478874 0.05952380952380952 0.07922535211267606
1 0.7513227513227513 0.24911971830985916 0.06613756613756613 0.06866197183098592
1 0.753968253968254 0.323943661971831 0.05952380952380952 0.07042253521126761
1 0.6587301587301587 0.49383802816901406 0.05555555555555555 0.0897887323943662
1 0.7056878306878307 0.590669014084507 0.07671957671957672 0.07042253521126761
0 0.25925925925925924 0.21654929577464788 0.042328042328042326 0.040492957746478875
0 0.17923280423280424 0.9110915492957746 0.1111111111111111 0.045774647887323945
0 0.6435185185185185 0.8169014084507042 0.08068783068783068 0.08274647887323944
0 0.8650793650793651 0.5528169014084507 0.08994708994708994 0.03873239436619718
0 0.9378306878306878 0.43661971830985913 0.02513227513227513 0.1056338028169014
0 0.9345238095238095 0.16725352112676056 0.03968253968253968 0.1056338028169014
0 0.7347883597883598 0.5501760563380281 0.03968253968253968 0.035211267605633804
0 0.832010582010582 0.032570422535211266 0.06084656084656084 0.045774647887323945
0 0.3445767195767196 0.21742957746478872 0.04894179894179894 0.04401408450704225