5 0.6989182692307693 0.46694711538461536 0.11899038461538461 0.15504807692307693
5 0.23978365384615385 0.2842548076923077 0.15264423076923078 0.1502403846153846
7 0.5036057692307693 0.4699519230769231 0.8774038461538461 0.8870192307692307
9 0.5126201923076923 0.8413461538461539 0.08774038461538461 0.03365384615384615
6 0.13401442307692307 0.4296875 0.06129807692307692 0.08052884615384616
6 0.25961538461538464 0.6778846153846154 0.052884615384615384 0.07211538461538461
6 0.25961538461538464 0.5504807692307693 0.057692307692307696 0.07211538461538461
6 0.2956730769230769 0.4248798076923077 0.052884615384615384 0.07091346153846154
6 0.35096153846153844 0.39122596153846156 0.057692307692307696 0.07572115384615384
6 0.36177884615384615 0.8617788461538461 0.06009615384615385 0.07932692307692307
6 0.7518028846153846 0.2481971153846154 0.06610576923076923 0.06850961538461539
6 0.7536057692307693 0.3239182692307692 0.06009615384615385 0.07091346153846154
6 0.6598557692307693 0.49459134615384615 0.055288461538461536 0.09014423076923077
6 0.7067307692307693 0.5907451923076923 0.07692307692307693 0.07091346153846154
9 0.2590144230769231 0.21754807692307693 0.042067307692307696 0.040865384615384616
9 0.18028846153846154 0.9122596153846154 0.11057692307692307 0.04567307692307692
9 0.6436298076923077 0.8179086538461539 0.08052884615384616 0.0829326923076923
9 0.8647836538461539 0.5528846153846154 0.09014423076923077 0.038461538461538464
9 0.9381009615384616 0.4375 0.025240384615384616 0.10576923076923077
9 0.9356971153846154 0.16826923076923078 0.039663461538461536 0.10576923076923077
9 0.7337740384615384 0.5510817307692307 0.039663461538461536 0.03485576923076923
9 0.8311298076923077 0.03245192307692308 0.06129807692307692 0.04567307692307692
9 0.34435096153846156 0.2169471153846154 0.04927884615384615 0.04447115384615385