1 0.40861344537815125 0.6147540983606558 0.10084033613445378 0.08378870673952642
1 0.27941176470588236 0.7304189435336976 0.12815126050420167 0.122040072859745
0 0.6859243697478992 0.08743169398907104 0.20798319327731093 0.056466302367941715
0 0.6974789915966386 0.6867030965391621 0.3277310924369748 0.056466302367941715
0 0.2972689075630252 0.08378870673952642 0.17436974789915966 0.051001821493624776
1 0.21533613445378152 0.505464480874317 0.09663865546218488 0.07650273224043716
1 0.4632352941176471 0.7304189435336976 0.1323529411764706 0.12568306010928962
4 0.25840336134453784 0.3879781420765027 0.25630252100840334 0.17304189435336975
3 0.25 0.5837887067395264 0.24789915966386555 0.2058287795992714
2 0.509453781512605 0.3861566484517304 0.7710084033613446 0.6083788706739527
0 0.11764705882352941 0.42896174863387976 0.0546218487394958 0.08014571948998178
0 0.8907563025210085 0.529143897996357 0.052521008403361345 0.11293260473588343