6 0.40865384615384615 0.6141826923076923 0.10096153846153846 0.08413461538461539
6 0.2782451923076923 0.7319711538461539 0.12860576923076922 0.12259615384615384
9 0.6856971153846154 0.08834134615384616 0.20793269230769232 0.056490384615384616
9 0.6977163461538461 0.6868990384615384 0.328125 0.056490384615384616
9 0.29627403846153844 0.08533653846153846 0.17427884615384615 0.05048076923076923
6 0.21634615384615385 0.5072115384615384 0.09615384615384616 0.07692307692307693
6 0.46274038461538464 0.7313701923076923 0.13221153846153846 0.12620192307692307
8 0.2578125 0.3894230769230769 0.25600961538461536 0.17307692307692307
5 0.2512019230769231 0.5835336538461539 0.24759615384615385 0.20552884615384615
7 0.5102163461538461 0.3858173076923077 0.7704326923076923 0.6081730769230769
9 0.11838942307692307 0.4296875 0.054086538461538464 0.08052884615384616
9 0.8918269230769231 0.5300480769230769 0.052884615384615384 0.11298076923076923