1 0.5142597087378641 0.14124100102845388 0.16565533980582525 0.09838875557079191
0 0.7627427184466019 0.18220774768597875 0.2512135922330097 0.057936235858759
1 0.5970873786407767 0.6138155639355503 0.17111650485436894 0.082276311278711
0 0.21298543689320387 0.8282482002056908 0.12257281553398058 0.04353788138498457
0 0.7011529126213593 0.8297908810421666 0.25970873786407767 0.04353788138498457
1 0.5257888349514563 0.17980802194034967 0.1595873786407767 0.16935207404868016
1 0.22299757281553398 0.9233801851217004 0.14259708737864077 0.07919094960575934
1 0.3586165048543689 0.8604730887898526 0.14563106796116504 0.09838875557079191
1 0.35436893203883496 0.7202605416523826 0.1486650485436893 0.08536167295166266
1 0.47269417475728154 0.5363387041480974 0.12257281553398058 0.05965032567706548
1 0.5242718446601942 0.21768940692492286 0.15109223300970873 0.08399040109701748
1 0.820995145631068 0.5959890298251629 0.14016990291262135 0.07919094960575934
1 0.32008495145631066 0.6112444292080905 0.14259708737864077 0.06787795680493658
0 0.2973300970873786 0.17672266026739802 0.2967233009708738 0.046623243057936234
3 0.6225728155339806 0.5234830305107988 0.18264563106796117 0.09838875557079191
2 0.4899878640776699 0.5056564964004113 0.933252427184466 0.6630099417209462