1 0.32947976878612717 0.9047244094488189 0.06936416184971098 0.048818897637795275
1 0.348747591522158 0.7559055118110236 0.07321772639691715 0.05984251968503937
1 0.2909441233140655 0.715748031496063 0.05973025048169557 0.048818897637795275
1 0.34585741811175336 0.6724409448818898 0.055876685934489405 0.048818897637795275
1 0.3853564547206166 0.28503937007874014 0.08285163776493257 0.06929133858267716
1 0.3420038535645472 0.594488188976378 0.055876685934489405 0.047244094488188976
1 0.6464354527938343 0.6039370078740157 0.06358381502890173 0.050393700787401574
1 0.5308285163776493 0.5661417322834645 0.06551059730250482 0.05196850393700787
0 0.6868978805394991 0.8307086614173228 0.1329479768786127 0.04251968503937008
0 0.49229287090558765 0.8291338582677166 0.15028901734104047 0.03622047244094488
0 0.6955684007707129 0.25826771653543307 0.1464354527938343 0.03622047244094488
0 0.5086705202312138 0.2574803149606299 0.1252408477842004 0.047244094488188976
0 0.2813102119460501 0.25826771653543307 0.1579961464354528 0.04251968503937008
1 0.6358381502890174 0.5307086614173229 0.0789980732177264 0.05196850393700787
1 0.6368015414258189 0.6598425196850394 0.08092485549132948 0.06456692913385827
1 0.4489402697495183 0.7015748031496063 0.08670520231213873 0.06141732283464567
1 0.3516377649325626 0.8598425196850393 0.0789980732177264 0.05826771653543307
2 0.4932562620423892 0.547244094488189 0.6840077071290944 0.5826771653543307
3 0.2398843930635838 0.7291338582677165 0.15414258188824662 0.2125984251968504
3 0.24084778420038536 0.5787401574803149 0.1599229287090559 0.06456692913385827