9 0.6442307692307693 0.3010817307692308 0.35096153846153844 0.03485576923076923
6 0.5649038461538461 0.8245192307692307 0.09134615384615384 0.052884615384615384
6 0.6478365384615384 0.6977163461538461 0.0889423076923077 0.05889423076923077
6 0.5558894230769231 0.7698317307692307 0.078125 0.04927884615384615
6 0.6490384615384616 0.6045673076923077 0.09615384615384616 0.06009615384615385
6 0.46694711538461536 0.5949519230769231 0.078125 0.055288461538461536
6 0.3641826923076923 0.6802884615384616 0.0889423076923077 0.07692307692307693
6 0.36117788461538464 0.6424278846153846 0.078125 0.05889423076923077
6 0.3112980769230769 0.5697115384615384 0.09375 0.052884615384615384
6 0.4170673076923077 0.28185096153846156 0.14182692307692307 0.0733173076923077
9 0.8221153846153846 0.59375 0.04326923076923077 0.10096153846153846
9 0.8269230769230769 0.7367788461538461 0.04326923076923077 0.0985576923076923
9 0.8269230769230769 0.9224759615384616 0.04807692307692308 0.051682692307692304
9 0.8233173076923077 0.453125 0.040865384615384616 0.0985576923076923
9 0.8257211538461539 0.34975961538461536 0.040865384615384616 0.10817307692307693
9 0.8269230769230769 0.3942307692307692 0.04807692307692308 0.22115384615384615
9 0.7602163461538461 0.29747596153846156 0.12620192307692307 0.03245192307692308
9 0.6436298076923077 0.29747596153846156 0.1141826923076923 0.027644230769230768
9 0.5282451923076923 0.29867788461538464 0.11899038461538461 0.020432692307692308
9 0.28064903846153844 0.15925480769230768 0.1141826923076923 0.03485576923076923
9 0.1640625 0.16286057692307693 0.12620192307692307 0.03245192307692308
9 0.22235576923076922 0.16105769230769232 0.25240384615384615 0.04807692307692308
5 0.47055288461538464 0.5372596153846154 0.12860576923076922 0.07932692307692307
5 0.46694711538461536 0.8245192307692307 0.13581730769230768 0.3173076923076923
7 0.4609375 0.5709134615384616 0.7247596153846154 0.84375