1 0.3524229074889868 0.585499316005472 0.09030837004405286 0.046511627906976744
1 0.501101321585903 0.5930232558139535 0.07268722466960352 0.03967168262653899
1 0.6806167400881057 0.5526675786593708 0.0947136563876652 0.03419972640218878
1 0.5682819383259912 0.640218878248974 0.09251101321585903 0.046511627906976744
0 0.30837004405286345 0.7428180574555403 0.14537444933920704 0.027359781121751026
1 0.2621145374449339 0.7975376196990424 0.09251101321585903 0.046511627906976744
1 0.4834801762114537 0.7633378932968536 0.0881057268722467 0.0533515731874145
2 0.4592511013215859 0.5143638850889193 0.7400881057268722 0.454172366621067
3 0.5903083700440529 0.4952120383036936 0.11894273127753303 0.06429548563611491
3 0.6740088105726872 0.5389876880984952 0.2907488986784141 0.1545827633378933
1 0.47687224669603523 0.6778385772913816 0.0947136563876652 0.047879616963064295
1 0.5726872246696035 0.2708618331053352 0.09030837004405286 0.058823529411764705
1 0.5066079295154186 0.512311901504788 0.08149779735682819 0.04377564979480164
0 0.8270925110132159 0.5766073871409029 0.05066079295154185 0.05198358413132695
0 0.6762114537444934 0.286593707250342 0.13656387665198239 0.027359781121751026
0 0.30616740088105726 0.28796169630642954 0.16299559471365638 0.028727770177838577
0 0.7125550660792952 0.7421340629274966 0.15418502202643172 0.027359781121751026
0 0.8303964757709251 0.5020519835841313 0.048458149779735685 0.047879616963064295