6 0.49459134615384615 0.19110576923076922 0.11899038461538461 0.12259615384615384
6 0.5042067307692307 0.15564903846153846 0.11899038461538461 0.06129807692307692
6 0.5 0.21394230769230768 0.12980769230769232 0.0673076923076923
6 0.5745192307692307 0.5925480769230769 0.11538461538461539 0.06490384615384616
6 0.43569711538461536 0.5805288461538461 0.140625 0.07451923076923077
9 0.8545673076923077 0.21875 0.0889423076923077 0.038461538461538464
9 0.109375 0.5534855769230769 0.07451923076923077 0.10216346153846154
9 0.11899038461538461 0.7818509615384616 0.07932692307692307 0.09735576923076923
6 0.5823317307692307 0.8966346153846154 0.12139423076923077 0.11538461538461539
6 0.5973557692307693 0.8641826923076923 0.13221153846153846 0.06490384615384616
6 0.5853365384615384 0.9230769230769231 0.11298076923076923 0.0625
9 0.3058894230769231 0.1875 0.23677884615384615 0.04807692307692308
6 0.6231971153846154 0.7998798076923077 0.10697115384615384 0.06610576923076923
6 0.43930288461538464 0.7686298076923077 0.14302884615384615 0.07091346153846154
6 0.4362980769230769 0.7061298076923077 0.13221153846153846 0.06610576923076923
9 0.1123798076923077 0.6862980769230769 0.06610576923076923 0.0985576923076923
9 0.1219951923076923 0.23737980769230768 0.06129807692307692 0.06610576923076923
5 0.7235576923076923 0.6394230769230769 0.20192307692307693 0.21634615384615385
5 0.7493990384615384 0.7890625 0.17668269230769232 0.0733173076923077
7 0.4735576923076923 0.5348557692307693 0.7259615384615384 0.7139423076923077
9 0.7277644230769231 0.18689903846153846 0.19110576923076922 0.046875