1 0.4956359102244389 0.19009468317552805 0.11845386533665836 0.12235979606700656
1 0.5043640897755611 0.15477057538237438 0.11845386533665836 0.06117989803350328
1 0.49875311720698257 0.21267297887836853 0.12967581047381546 0.06773488710852149
1 0.5748129675810474 0.5917698470502549 0.11596009975062344 0.06482155863073562
1 0.43516209476309226 0.5804806991988347 0.14089775561097256 0.07428987618353969
0 0.8534912718204489 0.2177713037144938 0.0885286783042394 0.03860160233066278
0 0.10910224438902744 0.5524399126001457 0.07481296758104738 0.10196649672250546
0 0.11783042394014963 0.7822286962855062 0.0798004987531172 0.0968681718863802
1 0.5829177057356608 0.8951201747997086 0.12094763092269327 0.11580480699198835
1 0.5966334164588528 0.864530225782957 0.13216957605985039 0.06482155863073562
1 0.5841645885286783 0.9217042971595047 0.11346633416458853 0.06263656227239621
0 0.30673316708229426 0.18718135469774216 0.23690773067331672 0.04806991988346686
1 0.6228179551122195 0.798980335032775 0.10723192019950124 0.06627822286962855
1 0.4395261845386534 0.7694828841951931 0.1433915211970075 0.07064821558630735
1 0.43640897755610975 0.705753823743627 0.13216957605985039 0.06627822286962855
0 0.11346633416458853 0.6846321922796795 0.06608478802992519 0.09832483612527312
0 0.121571072319202 0.23780043699927167 0.06109725685785536 0.06627822286962855
3 0.722568578553616 0.6387472687545521 0.20199501246882792 0.21631463947560087
3 0.7487531172069826 0.7895120174799709 0.1770573566084788 0.07283321194464676
2 0.47381546134663344 0.5331391114348143 0.7256857855361596 0.7144938091769847
0 0.7275561097256857 0.18790968681718864 0.19077306733167082 0.04661325564457393