1 0.8391959798994975 0.6528545119705341 0.08040201005025126 0.058931860036832415
1 0.6293969849246231 0.21086556169429096 0.09296482412060302 0.11786372007366483
1 0.792713567839196 0.9208103130755064 0.09296482412060302 0.06077348066298342
1 0.6118090452261307 0.6077348066298343 0.08793969849246232 0.04788213627992634
1 0.6080402010050251 0.5248618784530387 0.09296482412060302 0.053406998158379376
1 0.5942211055276382 0.8710865561694291 0.10552763819095477 0.08103130755064457
1 0.6017587939698492 0.7532228360957642 0.09798994974874371 0.07734806629834254
1 0.4723618090452261 0.6372007366482505 0.09045226130653267 0.06445672191528545
0 0.7462311557788944 0.8499079189686924 0.1457286432160804 0.029465930018416207
0 0.4271356783919598 0.8471454880294659 0.1457286432160804 0.03130755064456722
0 0.7512562814070352 0.20718232044198895 0.1507537688442211 0.03314917127071823
0 0.43467336683417085 0.20534069981583794 0.1457286432160804 0.02578268876611418
3 0.7688442211055276 0.5966850828729282 0.27386934673366836 0.09392265193370165
3 0.7701005025125628 0.4972375690607735 0.2638190954773869 0.1141804788213628
2 0.6030150753768844 0.5239410681399632 0.6155778894472361 0.6427255985267035
1 0.678391959798995 0.6703499079189686 0.09296482412060302 0.058931860036832415
1 0.7550251256281407 0.5220994475138122 0.09798994974874371 0.04788213627992634
1 0.6293969849246231 0.17863720073664824 0.08040201005025126 0.06445672191528545
1 0.6306532663316583 0.23941068139963168 0.09547738693467336 0.06629834254143646