6 0.7145432692307693 0.21213942307692307 0.10697115384615384 0.06850961538461539
6 0.7884615384615384 0.28365384615384615 0.09134615384615384 0.08173076923076923
7 0.5006009615384616 0.48677884615384615 0.8810096153846154 0.8245192307692307
5 0.19831730769230768 0.5540865384615384 0.24759615384615385 0.10336538461538461
9 0.25060096153846156 0.8942307692307693 0.203125 0.052884615384615384
9 0.2734375 0.15324519230769232 0.21995192307692307 0.056490384615384616
6 0.453125 0.8689903846153846 0.12740384615384615 0.07932692307692307
6 0.6231971153846154 0.7055288461538461 0.11177884615384616 0.07932692307692307
9 0.8125 0.078125 0.125 0.040865384615384616
9 0.6394230769230769 0.07932692307692307 0.1875 0.04326923076923077
9 0.6796875 0.8461538461538461 0.20552884615384615 0.04326923076923077
6 0.625 0.5300480769230769 0.10576923076923077 0.06971153846153846
6 0.6033653846153846 0.4675480769230769 0.12980769230769232 0.08413461538461539
6 0.7938701923076923 0.39663461538461536 0.10697115384615384 0.07211538461538461
6 0.23497596153846154 0.6147836538461539 0.09495192307692307 0.06610576923076923
6 0.4501201923076923 0.7728365384615384 0.10697115384615384 0.07932692307692307
6 0.42127403846153844 0.15384615384615385 0.11658653846153846 0.1346153846153846