1 0.7136953955135773 0.2113857016769638 0.10743801652892562 0.06796116504854369
1 0.7868949232585596 0.2828773168578994 0.09090909090909091 0.0820829655781112
2 0.5017709563164109 0.48631950573698146 0.8807556080283353 0.824360105913504
3 0.19657615112160567 0.5533980582524272 0.24793388429752067 0.10326566637246248
0 0.24970484061393153 0.8945278022947926 0.20306965761511217 0.0529567519858782
0 0.2733175914994097 0.15401588702559577 0.21959858323494688 0.05648720211827008
1 0.45159386068476975 0.8684907325684025 0.12750885478158205 0.0794351279788173
1 0.6227863046044865 0.705648720211827 0.11216056670602124 0.0794351279788173
0 0.8128689492325856 0.07811120917917035 0.12514757969303425 0.04060017652250662
0 0.6393152302243211 0.07987643424536628 0.18772136953955135 0.04324801412180053
0 0.680047225501771 0.8459841129744042 0.20543093270365997 0.04324801412180053
1 0.6239669421487604 0.530008826125331 0.10625737898465171 0.06972639011473963
1 0.6033057851239669 0.4677846425419241 0.12987012987012986 0.08384819064430715
1 0.7933884297520661 0.39585172109443956 0.10743801652892562 0.07237422771403354
1 0.23435655253837073 0.6138570167696381 0.09445100354191263 0.06619593998234775
1 0.45041322314049587 0.7718446601941747 0.10743801652892562 0.0794351279788173
1 0.42207792207792205 0.15401588702559577 0.11688311688311688 0.13415710503089143