0 0.8075539568345323 0.2436281859070465 0.13069544364508393 0.050974512743628186
0 0.6366906474820144 0.24512743628185907 0.14388489208633093 0.050974512743628186
0 0.47422062350119903 0.24287856071964017 0.1211031175059952 0.049475262368815595
0 0.23081534772182255 0.24437781109445278 0.06594724220623502 0.046476761619190406
3 0.8315347721822542 0.6596701649175413 0.2038369304556355 0.10944527736131934
3 0.19844124700239807 0.5637181409295352 0.14148681055155876 0.3118440779610195
1 0.8315347721822542 0.5734632683658171 0.07434052757793765 0.08845577211394302
1 0.29556354916067146 0.5809595202398801 0.07913669064748201 0.08695652173913043
1 0.3471223021582734 0.20089955022488756 0.08633093525179857 0.11094452773613193
1 0.4136690647482014 0.767616191904048 0.08992805755395683 0.12593703148425786
1 0.41786570743405277 0.6776611694152923 0.10431654676258993 0.12293853073463268
1 0.4172661870503597 0.7256371814092953 0.08992805755395683 0.22638680659670166