9 0.07572115384615384 0.26021634615384615 0.055288461538461536 0.17427884615384615
9 0.07091346153846154 0.4855769230769231 0.06009615384615385 0.10096153846153846
9 0.07391826923076923 0.7506009615384616 0.056490384615384616 0.10697115384615384
9 0.7794471153846154 0.16766826923076922 0.12620192307692307 0.07091346153846154
9 0.9447115384615384 0.390625 0.052884615384615384 0.27163461538461536
6 0.17247596153846154 0.3503605769230769 0.07091346153846154 0.07091346153846154
9 0.9387019230769231 0.7860576923076923 0.055288461538461536 0.2403846153846154
6 0.36959134615384615 0.6171875 0.07091346153846154 0.06610576923076923
6 0.359375 0.8996394230769231 0.0889423076923077 0.0829326923076923
6 0.5649038461538461 0.32752403846153844 0.04807692307692308 0.11177884615384616
7 0.5108173076923077 0.5084134615384616 0.8677884615384616 0.7668269230769231
5 0.15324519230769232 0.7608173076923077 0.15264423076923078 0.2091346153846154
6 0.2403846153846154 0.7980769230769231 0.04326923076923077 0.09615384615384616
9 0.4128605769230769 0.12259615384615384 0.21514423076923078 0.08173076923076923