0 0.07446808510638298 0.2602131438721137 0.05506883604505632 0.17406749555950266
0 0.06946182728410513 0.4849023090586146 0.060075093867334166 0.10124333925399645
0 0.07509386733416772 0.7513321492007105 0.056320400500625784 0.10657193605683836
0 0.77909887359199 0.1669626998223801 0.12640801001251564 0.07104795737122557
0 0.9443053817271589 0.3907637655417407 0.052565707133917394 0.27175843694493784
1 0.17271589486858574 0.35079928952042627 0.07133917396745933 0.07104795737122557
0 0.9392991239048811 0.7850799289520426 0.05506883604505632 0.23978685612788633
1 0.3692115143929912 0.6163410301953819 0.07133917396745933 0.06571936056838366
1 0.3579474342928661 0.8987566607460036 0.08886107634543179 0.08348134991119005
1 0.5638297872340425 0.3268206039076377 0.04755944931163955 0.11190053285968028
2 0.5112640801001251 0.5088809946714032 0.867334167709637 0.7673179396092362
3 0.1539424280350438 0.7602131438721137 0.15269086357947434 0.20959147424511546
1 0.2409261576971214 0.7984014209591475 0.04380475594493116 0.09591474245115453
0 0.4117647058823529 0.1216696269982238 0.21526908635794745 0.08170515097690942