5 0.5715144230769231 0.17127403846153846 0.109375 0.23677884615384615
7 0.5432692307692307 0.5060096153846154 0.8461538461538461 0.9783653846153846
6 0.6358173076923077 0.5060096153846154 0.055288461538461536 0.0985576923076923
6 0.6875 0.24579326923076922 0.07211538461538461 0.11177884615384616
6 0.7463942307692307 0.7506009615384616 0.07451923076923077 0.12620192307692307
9 0.953125 0.8257211538461539 0.04567307692307692 0.15625
6 0.5456730769230769 0.32271634615384615 0.0625 0.11658653846153846
6 0.10817307692307693 0.3864182692307692 0.07211538461538461 0.09975961538461539
9 0.13161057692307693 0.21033653846153846 0.046875 0.2860576923076923
9 0.9513221153846154 0.48978365384615385 0.051682692307692304 0.234375
9 0.9567307692307693 0.15685096153846154 0.04326923076923077 0.17427884615384615
6 0.7463942307692307 0.4140625 0.07451923076923077 0.11658653846153846
6 0.6682692307692307 0.8605769230769231 0.0673076923076923 0.1201923076923077