2 0.48545454545454547 0.5614849187935035 0.8109090909090909 0.6357308584686775
3 0.30727272727272725 0.6194895591647331 0.14181818181818182 0.08352668213457076
3 0.7127272727272728 0.6183294663573086 0.34545454545454546 0.14617169373549885
1 0.32727272727272727 0.23201856148491878 0.12 0.07192575406032482
1 0.6745454545454546 0.4408352668213457 0.10545454545454545 0.06496519721577726
0 0.7127272727272728 0.8723897911832946 0.19636363636363635 0.03248259860788863
0 0.2381818181818182 0.87122969837587 0.1709090909090909 0.030162412993039442
0 0.7672727272727272 0.25754060324825984 0.1781818181818182 0.03480278422273782
0 0.5054545454545455 0.2529002320185615 0.26181818181818184 0.030162412993039442
0 0.19636363636363635 0.2552204176334107 0.1781818181818182 0.030162412993039442
1 0.7163636363636363 0.6020881670533643 0.12727272727272726 0.06960556844547564
1 0.5745454545454546 0.7215777262180975 0.10909090909090909 0.060324825986078884
1 0.48363636363636364 0.9013921113689095 0.12363636363636364 0.08120649651972157
1 0.48363636363636364 0.7726218097447796 0.10909090909090909 0.06728538283062645
1 0.32181818181818184 0.6925754060324826 0.11272727272727273 0.060324825986078884
1 0.18363636363636363 0.6763341067285383 0.08727272727272728 0.060324825986078884
1 0.5018181818181818 0.6194895591647331 0.10545454545454545 0.058004640371229696
1 0.3981818181818182 0.6125290023201856 0.08 0.05568445475638051