9 0.8599759615384616 0.35096153846153844 0.018028846153846152 0.1346153846153846
9 0.8635817307692307 0.5336538461538461 0.015625 0.04807692307692308
9 0.640625 0.19591346153846154 0.09375 0.036057692307692304
6 0.26502403846153844 0.40024038461538464 0.0829326923076923 0.06490384615384616
6 0.6628605769230769 0.33653846153846156 0.046875 0.0625
6 0.5048076923076923 0.4579326923076923 0.04807692307692308 0.05048076923076923
6 0.7007211538461539 0.3954326923076923 0.055288461538461536 0.06009615384615385
6 0.5516826923076923 0.4609375 0.05048076923076923 0.056490384615384616
6 0.7037259615384616 0.45252403846153844 0.046875 0.054086538461538464
6 0.6772836538461539 0.5420673076923077 0.037259615384615384 0.05048076923076923
6 0.6881009615384616 0.625 0.04927884615384615 0.0625
6 0.7758413461538461 0.4933894230769231 0.042067307692307696 0.054086538461538464
6 0.6887019230769231 0.5072115384615384 0.06009615384615385 0.0625
7 0.5582932692307693 0.3984375 0.5925480769230769 0.421875
9 0.2626201923076923 0.5120192307692307 0.020432692307692308 0.11538461538461539
9 0.2644230769230769 0.29507211538461536 0.019230769230769232 0.13822115384615385
5 0.5450721153846154 0.5390625 0.051682692307692304 0.10697115384615384
5 0.7554086538461539 0.5150240384615384 0.078125 0.18870192307692307