2 0.5208613728129206 0.4837037037037037 0.7483176312247645 0.5748148148148148
1 0.38896366083445494 0.7725925925925926 0.07806191117092867 0.08
3 0.5349932705248991 0.7066666666666667 0.11440107671601615 0.1288888888888889
1 0.33176312247644685 0.5059259259259259 0.09152086137281291 0.08592592592592592
4 0.23822341857335128 0.6644444444444444 0.17092866756393002 0.12296296296296297
1 0.629878869448183 0.5814814814814815 0.09286675639300135 0.08592592592592592
0 0.15679676985195154 0.8348148148148148 0.052489905787348586 0.05333333333333334
1 0.4327052489905787 0.8474074074074074 0.1117092866756393 0.17925925925925926
0 0.775235531628533 0.20592592592592593 0.1224764468371467 0.06222222222222222
0 0.8835800807537012 0.38814814814814813 0.052489905787348586 0.13037037037037036
0 0.15746971736204576 0.6622222222222223 0.05114401076716016 0.06222222222222222
0 0.8896366083445492 0.5940740740740741 0.06191117092866756 0.10222222222222223
0 0.522207267833109 0.2111111111111111 0.13728129205921938 0.05185185185185185
0 0.2510094212651413 0.2037037037037037 0.0847913862718708 0.05333333333333334
0 0.1601615074024226 0.4185185185185185 0.059219380888290714 0.12148148148148148
1 0.6197846567967699 0.21333333333333335 0.07671601615074024 0.15703703703703703
1 0.45020188425302826 0.6837037037037037 0.09690444145356662 0.08