0 0.9583333333333334 0.2986798679867987 0.031007751937984496 0.1848184818481848
1 0.6773255813953488 0.933993399339934 0.07364341085271318 0.10231023102310231
0 0.187984496124031 0.24257425742574257 0.029069767441860465 0.24752475247524752
0 0.9573643410852714 0.6105610561056105 0.027131782945736434 0.18811881188118812
1 0.187984496124031 0.4174917491749175 0.1298449612403101 0.11221122112211221
1 0.5397286821705426 0.3976897689768977 0.07364341085271318 0.11221122112211221
1 0.6317829457364341 0.33828382838283827 0.06395348837209303 0.10891089108910891
1 0.7461240310077519 0.35148514851485146 0.0755813953488372 0.1188118811881188
1 0.747093023255814 0.5313531353135313 0.07945736434108527 0.1188118811881188
2 0.5755813953488372 0.4752475247524752 0.7713178294573644 0.8250825082508251
3 0.6327519379844961 0.17326732673267325 0.13953488372093023 0.23102310231023102