3 0.8348082595870207 0.28945745992601724 0.2728613569321534 0.06720098643649815
3 0.834070796460177 0.4220098643649815 0.2713864306784661 0.19235511713933415
2 0.5014749262536873 0.3024044389642417 0.9601769911504425 0.4401972872996301
1 0.6578171091445427 0.3797780517879161 0.12684365781710916 0.0530209617755857
1 0.5486725663716814 0.5453144266337855 0.12979351032448377 0.06843403205918619
1 0.81047197640118 0.6199136868064118 0.13716814159292035 0.056103575832305796
1 0.8303834808259587 0.4309494451294698 0.10176991150442478 0.04808877928483354
1 0.6607669616519174 0.3039457459926017 0.10176991150442478 0.04130702836004932
1 0.8805309734513275 0.2435265104808878 0.09144542772861357 0.043773119605425403
1 0.6415929203539823 0.23951911220715166 0.10766961651917405 0.0468557336621455
1 0.5221238938053098 0.23951911220715166 0.11209439528023599 0.0468557336621455
1 0.17256637168141592 0.06319358816276202 0.13716814159292035 0.06843403205918619
0 0.497787610619469 0.08353884093711467 0.15634218289085547 0.02281134401972873
0 0.6777286135693216 0.08353884093711467 0.17699115044247787 0.02096177558569667
0 0.27654867256637167 0.5262022194821209 0.2640117994100295 0.02404438964241677
0 0.8348082595870207 0.5265104808877928 0.16371681415929204 0.02651048088779285