5 0.8359375 0.29086538461538464 0.27283653846153844 0.0673076923076923
5 0.8353365384615384 0.4230769230769231 0.27163461538461536 0.19230769230769232
7 0.5018028846153846 0.30408653846153844 0.9603365384615384 0.43990384615384615
6 0.6574519230769231 0.3798076923076923 0.12740384615384615 0.052884615384615384
6 0.5480769230769231 0.5462740384615384 0.12980769230769232 0.06850961538461539
6 0.8112980769230769 0.6195913461538461 0.13701923076923078 0.056490384615384616
6 0.8299278846153846 0.4326923076923077 0.10216346153846154 0.04807692307692308
6 0.6616586538461539 0.30408653846153844 0.10216346153846154 0.040865384615384616
6 0.8822115384615384 0.24519230769230768 0.09134615384615384 0.04326923076923077
6 0.6430288461538461 0.23978365384615385 0.10817307692307693 0.046875
6 0.5222355769230769 0.23978365384615385 0.11177884615384616 0.046875
6 0.17427884615384615 0.06310096153846154 0.13701923076923078 0.06850961538461539
9 0.4987980769230769 0.08353365384615384 0.15625 0.02283653846153846
9 0.6772836538461539 0.08473557692307693 0.17668269230769232 0.020432692307692308
9 0.2764423076923077 0.5264423076923077 0.2644230769230769 0.02403846153846154
9 0.8365384615384616 0.5276442307692307 0.16346153846153846 0.026442307692307692