3 0.825 0.6792452830188679 0.275 0.21320754716981133
2 0.5170454545454546 0.42547169811320756 0.8931818181818182 0.7339622641509433
1 0.625 0.7028301886792453 0.11818181818181818 0.10377358490566038
1 0.6431818181818182 0.9235849056603773 0.11136363636363636 0.1018867924528302
1 0.625 0.8254716981132075 0.12272727272727273 0.10566037735849057
0 0.32954545454545453 0.7905660377358491 0.22727272727272727 0.02830188679245283
1 0.6386363636363637 0.09433962264150944 0.10227272727272728 0.0830188679245283
1 0.6238636363636364 0.35471698113207545 0.12727272727272726 0.10377358490566038
1 0.2840909090909091 0.5433962264150943 0.11363636363636363 0.0830188679245283
1 0.4431818181818182 0.6113207547169811 0.125 0.08679245283018867
1 0.7431818181818182 0.5330188679245284 0.12727272727272726 0.09433962264150944
1 0.7329545454545454 0.6160377358490566 0.11363636363636363 0.07169811320754717
0 0.8 0.05566037735849057 0.2159090909090909 0.03773584905660377
0 0.4022727272727273 0.06132075471698113 0.38181818181818183 0.035849056603773584