5 0.8251201923076923 0.6784855769230769 0.27524038461538464 0.2127403846153846
7 0.5162259615384616 0.4248798076923077 0.8930288461538461 0.734375
6 0.6262019230769231 0.703125 0.11778846153846154 0.10336538461538461
6 0.6424278846153846 0.9236778846153846 0.11177884615384616 0.10216346153846154
6 0.6262019230769231 0.8269230769230769 0.12259615384615384 0.10576923076923077
9 0.32992788461538464 0.7908653846153846 0.22716346153846154 0.028846153846153848
6 0.6376201923076923 0.09435096153846154 0.10216346153846154 0.0829326923076923
6 0.6237980769230769 0.3545673076923077 0.12740384615384615 0.10336538461538461
6 0.28305288461538464 0.5438701923076923 0.1141826923076923 0.0829326923076923
6 0.44471153846153844 0.6129807692307693 0.125 0.08653846153846154
6 0.7439903846153846 0.5324519230769231 0.12740384615384615 0.09375
6 0.7325721153846154 0.6177884615384616 0.1141826923076923 0.07211538461538461
9 0.8004807692307693 0.0546875 0.21634615384615385 0.037259615384615384
9 0.4026442307692308 0.06129807692307692 0.38221153846153844 0.036057692307692304