0 0.21701030927835052 0.8308823529411765 0.050515463917525774 0.04144385026737968
0 0.5108247422680412 0.8308823529411765 0.07835051546391752 0.03208556149732621
0 0.6118556701030928 0.8322192513368984 0.07731958762886598 0.029411764705882353
0 0.8572164948453608 0.55548128342246 0.03711340206185567 0.02807486631016043
0 0.711340206185567 0.48061497326203206 0.02268041237113402 0.045454545454545456
1 0.334020618556701 0.7179144385026738 0.03608247422680412 0.045454545454545456
1 0.55 0.5815508021390374 0.04020618556701031 0.04679144385026738
1 0.42216494845360825 0.5808823529411765 0.03814432989690722 0.05213903743315508
1 0.6164948453608248 0.41310160427807485 0.05567010309278351 0.06149732620320856
1 0.5752577319587628 0.38235294117647056 0.041237113402061855 0.05748663101604278
1 0.5747422680412371 0.26136363636363635 0.04020618556701031 0.05481283422459893
1 0.4041237113402062 0.33288770053475936 0.04742268041237113 0.05614973262032086
1 0.33298969072164947 0.2807486631016043 0.08350515463917525 0.05481283422459893
1 0.1695876288659794 0.44585561497326204 0.04639175257731959 0.07620320855614973
1 0.7530927835051546 0.8502673796791443 0.03814432989690722 0.06417112299465241
1 0.6118556701030928 0.6163101604278075 0.04742268041237113 0.06149732620320856
1 0.5891752577319588 0.6717914438502673 0.058762886597938144 0.06016042780748663
1 0.5350515463917526 0.6758021390374331 0.049484536082474224 0.06417112299465241
1 0.3731958762886598 0.8482620320855615 0.04020618556701031 0.06818181818181818
1 0.3752577319587629 0.7586898395721925 0.04329896907216495 0.06283422459893048
1 0.8752577319587629 0.929144385026738 0.1134020618556701 0.08689839572192513
1 0.46443298969072166 0.42513368983957217 0.03814432989690722 0.04946524064171123
0 0.959278350515464 0.6590909090909091 0.027835051546391754 0.04946524064171123
0 0.9577319587628866 0.7934491978609626 0.01958762886597938 0.0481283422459893
0 0.3422680412371134 0.1143048128342246 0.04020618556701031 0.03208556149732621
0 0.5984536082474227 0.19117647058823528 0.02268041237113402 0.04411764705882353
0 0.6020618556701031 0.3409090909090909 0.024742268041237112 0.0374331550802139
0 0.26237113402061857 0.2018716577540107 0.02268041237113402 0.06417112299465241
0 0.16443298969072165 0.7653743315508021 0.024742268041237112 0.06283422459893048
3 0.42371134020618556 0.40641711229946526 0.058762886597938144 0.08422459893048129
3 0.4902061855670103 0.4298128342245989 0.07938144329896907 0.1270053475935829
3 0.3247422680412371 0.7840909090909091 0.05670103092783505 0.09358288770053476
2 0.5592783505154639 0.4699197860962567 0.8 0.7245989304812834