1 0.7883165829145728 0.5284403669724771 0.059045226130653265 0.11376146788990826
1 0.7650753768844221 0.3293577981651376 0.05527638190954774 0.07889908256880734
1 0.7619346733668342 0.19541284403669726 0.052763819095477386 0.07155963302752294
1 0.696608040201005 0.39724770642201834 0.07537688442211055 0.06972477064220184
1 0.3687185929648241 0.4908256880733945 0.06407035175879397 0.07889908256880734
1 0.36746231155778897 0.1908256880733945 0.06155778894472362 0.08256880733944955
1 0.15452261306532664 0.18623853211009175 0.0728643216080402 0.08623853211009175
0 0.5263819095477387 0.09174311926605505 0.08793969849246232 0.045871559633027525
0 0.8241206030150754 0.09724770642201835 0.08668341708542714 0.044036697247706424
0 0.8159547738693468 0.7330275229357798 0.08793969849246232 0.03302752293577982
0 0.9133165829145728 0.5623853211009174 0.022613065326633167 0.060550458715596334
0 0.9164572864321608 0.26880733944954127 0.02386934673366834 0.060550458715596334
0 0.4510050251256281 0.7256880733944954 0.08542713567839195 0.03486238532110092
0 0.5483668341708543 0.7229357798165138 0.08793969849246232 0.03669724770642202
0 0.2795226130653266 0.7229357798165138 0.09170854271356783 0.03302752293577982
0 0.17336683417085427 0.5165137614678899 0.02763819095477387 0.05871559633027523
0 0.17399497487437185 0.3192660550458716 0.02386934673366834 0.060550458715596334
0 0.30967336683417085 0.08990825688073395 0.08919597989949749 0.04036697247706422
1 0.710427135678392 0.7642201834862385 0.06532663316582915 0.09724770642201835
2 0.5471105527638191 0.4091743119266055 0.7386934673366834 0.6477064220183486
3 0.2814070351758794 0.3376146788990826 0.21482412060301506 0.22385321100917432
3 0.6940954773869347 0.23211009174311928 0.08793969849246232 0.27339449541284405