3 0.873015873015873 0.3702290076335878 0.2290249433106576 0.3702290076335878
3 0.6893424036281179 0.491412213740458 0.14512471655328799 0.10877862595419847
2 0.5215419501133787 0.5162213740458015 0.9229024943310657 0.6622137404580153
0 0.2528344671201814 0.7519083969465649 0.21768707482993196 0.04580152671755725
0 0.6678004535147393 0.18606870229007633 0.07029478458049887 0.04389312977099236
0 0.8639455782312925 0.19083969465648856 0.08163265306122448 0.04389312977099236
0 0.7789115646258503 0.8454198473282443 0.1473922902494331 0.04198473282442748
0 0.4603174603174603 0.8101145038167938 0.05668934240362812 0.0648854961832061
1 0.5714285714285714 0.7748091603053435 0.10430839002267574 0.09541984732824428
1 0.572562358276644 0.8740458015267175 0.09977324263038549 0.09351145038167939
1 0.6598639455782312 0.5896946564885496 0.10430839002267574 0.07633587786259542
1 0.5714285714285714 0.3244274809160305 0.11337868480725624 0.07824427480916031
1 0.6609977324263039 0.41030534351145037 0.07936507936507936 0.06679389312977099
1 0.8117913832199547 0.3845419847328244 0.07936507936507936 0.06679389312977099
1 0.7290249433106576 0.39408396946564883 0.09297052154195011 0.08587786259541985
1 0.23696145124716553 0.191793893129771 0.17006802721088435 0.14122137404580154
1 0.18820861678004536 0.19274809160305342 0.09297052154195011 0.1297709923664122
1 0.2732426303854875 0.1898854961832061 0.08616780045351474 0.13931297709923665