5 0.5258413461538461 0.4375 0.109375 0.1778846153846154
7 0.5498798076923077 0.34314903846153844 0.8257211538461539 0.609375
9 0.14182692307692307 0.5324519230769231 0.03365384615384615 0.1466346153846154
9 0.13942307692307693 0.359375 0.03365384615384615 0.13221153846153846
9 0.140625 0.18209134615384615 0.03125 0.13341346153846154
6 0.8707932692307693 0.3167067307692308 0.12139423076923077 0.07091346153846154
6 0.4182692307692308 0.6081730769230769 0.0625 0.0673076923076923
6 0.4639423076923077 0.43990384615384615 0.052884615384615384 0.057692307692307696
6 0.36177884615384615 0.41466346153846156 0.07451923076923077 0.06971153846153846
6 0.44711538461538464 0.19471153846153846 0.057692307692307696 0.07692307692307693
6 0.3563701923076923 0.21334134615384615 0.06850961538461539 0.07572115384615384
6 0.4188701923076923 0.6502403846153846 0.0733173076923077 0.1658653846153846
6 0.359375 0.4879807692307692 0.06490384615384616 0.07211538461538461