6 0.6868990384615384 0.6550480769230769 0.03245192307692308 0.06009615384615385
5 0.6039663461538461 0.7157451923076923 0.10216346153846154 0.12860576923076922
7 0.7289663461538461 0.4308894230769231 0.48197115384615385 0.7271634615384616
6 0.5973557692307693 0.32091346153846156 0.06971153846153846 0.07451923076923077
6 0.2578125 0.6231971153846154 0.03485576923076923 0.06370192307692307
6 0.25721153846153844 0.8299278846153846 0.03365384615384615 0.06850961538461539
6 0.48978365384615385 0.6087740384615384 0.07091346153846154 0.06850961538461539
6 0.6412259615384616 0.5048076923076923 0.042067307692307696 0.07692307692307693
6 0.5859375 0.6875 0.042067307692307696 0.07692307692307693
6 0.6430288461538461 0.6099759615384616 0.036057692307692304 0.06610576923076923
5 0.7103365384615384 0.7331730769230769 0.10817307692307693 0.1201923076923077
9 0.5390625 0.7842548076923077 0.020432692307692308 0.03485576923076923
9 0.5799278846153846 0.78125 0.025240384615384616 0.028846153846153848
9 0.7758413461538461 0.0829326923076923 0.051682692307692304 0.04567307692307692
9 0.5979567307692307 0.20673076923076922 0.02283653846153846 0.17307692307692307
9 0.5552884615384616 0.36177884615384615 0.07692307692307693 0.040865384615384616
9 0.6057692307692307 0.7848557692307693 0.02403846153846154 0.03125
9 0.6676682692307693 0.7842548076923077 0.027644230769230768 0.025240384615384616
9 0.9008413461538461 0.7902644230769231 0.07091346153846154 0.037259615384615384
9 0.8257211538461539 0.7908653846153846 0.06009615384615385 0.04326923076923077
9 0.890625 0.08473557692307693 0.07932692307692307 0.03485576923076923
6 0.8864182692307693 0.453125 0.037259615384615384 0.055288461538461536
6 0.8810096153846154 0.5102163461538461 0.036057692307692304 0.078125
6 0.8701923076923077 0.3473557692307692 0.04326923076923077 0.07451923076923077
6 0.7866586538461539 0.4579326923076923 0.039663461538461536 0.06971153846153846
6 0.7265625 0.6977163461538461 0.03485576923076923 0.078125
6 0.7253605769230769 0.8100961538461539 0.037259615384615384 0.07692307692307693