6 0.32572115384615385 0.6826923076923077 0.055288461538461536 0.07211538461538461
9 0.15264423076923078 0.1971153846153846 0.11778846153846154 0.04326923076923077
9 0.3671875 0.2049278846153846 0.09975961538461539 0.039663461538461536
9 0.6466346153846154 0.20673076923076922 0.1778846153846154 0.038461538461538464
9 0.8635817307692307 0.20733173076923078 0.10216346153846154 0.04447115384615385
9 0.8900240384615384 0.7944711538461539 0.10697115384615384 0.05048076923076923
9 0.5895432692307693 0.7902644230769231 0.09254807692307693 0.037259615384615384
9 0.40084134615384615 0.7956730769230769 0.09495192307692307 0.04326923076923077
6 0.2283653846153846 0.4561298076923077 0.057692307692307696 0.07572115384615384
6 0.25240384615384615 0.6893028846153846 0.0625 0.06610576923076923
6 0.4441105769230769 0.3311298076923077 0.056490384615384616 0.07091346153846154
6 0.45913461538461536 0.6911057692307693 0.057692307692307696 0.06971153846153846
6 0.5330528846153846 0.18389423076923078 0.06610576923076923 0.0889423076923077
6 0.7872596153846154 0.4326923076923077 0.055288461538461536 0.07692307692307693
6 0.7956730769230769 0.5222355769230769 0.057692307692307696 0.06850961538461539
6 0.9338942307692307 0.43810096153846156 0.040865384615384616 0.05889423076923077
6 0.84375 0.5991586538461539 0.052884615384615384 0.06370192307692307
6 0.7548076923076923 0.6971153846153846 0.057692307692307696 0.07692307692307693
6 0.7548076923076923 0.828125 0.057692307692307696 0.08413461538461539
5 0.8587740384615384 0.5120192307692307 0.078125 0.10576923076923077
5 0.32632211538461536 0.5528846153846154 0.09975961538461539 0.1971153846153846
6 0.35997596153846156 0.4855769230769231 0.046875 0.057692307692307696
7 0.6189903846153846 0.49819711538461536 0.6947115384615384 0.5925480769230769
7 0.6189903846153846 0.4987980769230769 0.6947115384615384 0.5985576923076923