1 0.5986784140969162 0.67734375 0.06079295154185022 0.1046875
2 0.5171806167400881 0.54375 0.7947136563876652 0.703125
3 0.5973568281938326 0.31484375 0.14889867841409693 0.215625
0 0.13171806167400882 0.3578125 0.05462555066079295 0.2671875
0 0.12511013215859032 0.790625 0.050220264317180616 0.284375
0 0.9096916299559471 0.425 0.03700440528634361 0.215625
0 0.9105726872246696 0.71328125 0.04140969162995595 0.21875
1 0.12070484581497798 0.5359375 0.12246696035242291 0.1046875
1 0.6312775330396476 0.45703125 0.050220264317180616 0.096875
1 0.6911894273127753 0.47578125 0.06079295154185022 0.115625
1 0.690748898678414 0.58515625 0.05991189427312775 0.10625