6 0.5979567307692307 0.6772836538461539 0.06129807692307692 0.1045673076923077
7 0.5174278846153846 0.5438701923076923 0.7944711538461539 0.703125
5 0.5985576923076923 0.31430288461538464 0.14903846153846154 0.21514423076923078
9 0.1328125 0.359375 0.054086538461538464 0.2668269230769231
9 0.12620192307692307 0.7914663461538461 0.05048076923076923 0.2848557692307692
9 0.9104567307692307 0.4248798076923077 0.037259615384615384 0.21514423076923078
9 0.9122596153846154 0.7127403846153846 0.040865384615384616 0.21875
6 0.12139423076923077 0.5354567307692307 0.12259615384615384 0.1045673076923077
6 0.6310096153846154 0.4573317307692308 0.05048076923076923 0.09735576923076923
6 0.6917067307692307 0.47596153846153844 0.06129807692307692 0.11538461538461539
6 0.6911057692307693 0.5865384615384616 0.06009615384615385 0.10576923076923077