1 0.6230385164051355 0.9018105849582173 0.05420827389443652 0.11281337047353761
0 0.11947218259629101 0.5571030640668524 0.03851640513552068 0.22841225626740946
0 0.3509272467902996 0.2667130919220056 0.08202567760342368 0.07520891364902507
0 0.5249643366619116 0.27019498607242337 0.06562054208273894 0.07103064066852367
0 0.7614122681883024 0.27019498607242337 0.09486447931526391 0.06824512534818941
0 0.8512838801711841 0.5466573816155988 0.03637660485021398 0.18384401114206128
0 0.8519971469329529 0.7896935933147632 0.03637660485021398 0.17688022284122562
1 0.1355206847360913 0.7151810584958217 0.06847360912981455 0.09331476323119778
1 0.30563480741797433 0.7089136490250696 0.06419400855920114 0.10584958217270195
1 0.369472182596291 0.6232590529247911 0.05706134094151213 0.11420612813370473
1 0.4218972895863053 0.7026462395543176 0.05706134094151213 0.10724233983286909
1 0.5167617689015692 0.9178272980501393 0.06062767475035663 0.13231197771587744
2 0.4871611982881598 0.5981894150417827 0.7503566333808844 0.692200557103064
1 0.6943651925820257 0.2318941504178273 0.05349500713266762 0.14345403899721448
3 0.42653352353780316 0.5605849582172702 0.07132667617689016 0.2075208913649025
3 0.42582025677603424 0.3774373259052925 0.07061340941512126 0.16434540389972144