0 0.7164351851851852 0.7227564102564102 0.16435185185185186 0.03205128205128205
2 0.5028935185185185 0.4577991452991453 0.7465277777777778 0.7158119658119658
3 0.7760416666666666 0.4465811965811966 0.1886574074074074 0.12286324786324786
1 0.2193287037037037 0.452991452991453 0.08564814814814815 0.07371794871794872
1 0.41377314814814814 0.6025641025641025 0.09259259259259259 0.07905982905982906
1 0.3715277777777778 0.5908119658119658 0.07175925925925926 0.06944444444444445
1 0.6163194444444444 0.5918803418803419 0.08912037037037036 0.07692307692307693
1 0.4947916666666667 0.6800213675213675 0.12268518518518519 0.08226495726495726
1 0.5098379629629629 0.7596153846153846 0.09606481481481481 0.09081196581196581
1 0.7754629629629629 0.39850427350427353 0.0787037037037037 0.09081196581196581
1 0.43344907407407407 0.15331196581196582 0.14699074074074073 0.07692307692307693
0 0.640625 0.09829059829059829 0.39351851851851855 0.035256410256410256
0 0.27662037037037035 0.19017094017094016 0.2650462962962963 0.03205128205128205
0 0.2974537037037037 0.8162393162393162 0.15393518518518517 0.028846153846153848