9 0.7169471153846154 0.7229567307692307 0.16466346153846154 0.03245192307692308
7 0.5030048076923077 0.45913461538461536 0.7463942307692307 0.7163461538461539
5 0.7770432692307693 0.4483173076923077 0.18870192307692307 0.12259615384615384
6 0.21814903846153846 0.45252403846153844 0.08533653846153846 0.0733173076923077
6 0.4140625 0.6021634615384616 0.09254807692307693 0.07932692307692307
6 0.37259615384615385 0.5925480769230769 0.07211538461538461 0.06971153846153846
6 0.6165865384615384 0.5913461538461539 0.0889423076923077 0.07692307692307693
6 0.4963942307692308 0.6802884615384616 0.12259615384615384 0.08173076923076923
6 0.5096153846153846 0.7596153846153846 0.09615384615384616 0.09134615384615384
6 0.7746394230769231 0.39903846153846156 0.078125 0.09134615384615384
6 0.4338942307692308 0.15384615384615385 0.1466346153846154 0.07692307692307693
9 0.6412259615384616 0.09915865384615384 0.39302884615384615 0.03485576923076923
9 0.2770432692307692 0.1893028846153846 0.265625 0.03245192307692308
9 0.2980769230769231 0.8173076923076923 0.15384615384615385 0.028846153846153848