0 0.44148936170212766 0.20125786163522014 0.16888297872340424 0.050314465408805034
0 0.644281914893617 0.20545073375262055 0.11702127659574468 0.05870020964360587
0 0.10638297872340426 0.3480083857442348 0.03723404255319149 0.2138364779874214
2 0.44813829787234044 0.5241090146750524 0.7021276595744681 0.6834381551362684
3 0.5771276595744681 0.7463312368972747 0.2765957446808511 0.22012578616352202
1 0.6409574468085106 0.7914046121593291 0.08643617021276596 0.10272536687631027
1 0.4109042553191489 0.7693920335429769 0.07712765957446809 0.1090146750524109
1 0.5738031914893617 0.559748427672956 0.07579787234042554 0.11530398322851153
1 0.3171542553191489 0.15723270440251572 0.07180851063829788 0.13417190775681342
0 0.1875 0.8542976939203354 0.08244680851063829 0.04821802935010482
0 0.3836436170212766 0.8563941299790356 0.04521276595744681 0.05241090146750524
0 0.519281914893617 0.8584905660377359 0.13829787234042554 0.05241090146750524
0 0.19946808510638298 0.1970649895178197 0.1502659574468085 0.04821802935010482