1 0.8730314960629921 0.7717976318622174 0.06791338582677166 0.04951560818083961
1 0.5684055118110236 0.4343379978471475 0.06594488188976377 0.08503767491926803
1 0.6683070866141733 0.34768568353067814 0.08267716535433071 0.07534983853606028
1 0.5979330708661418 0.2723358449946179 0.06594488188976377 0.08396124865446716
1 0.35187007874015747 0.2782561894510226 0.06299212598425197 0.09149623250807319
0 0.8420275590551181 0.9757804090419806 0.08562992125984252 0.04843918191603875
0 0.6535433070866141 0.9757804090419806 0.08562992125984252 0.04843918191603875
0 0.7662401574803149 0.038751345532831 0.08070866141732283 0.0581270182992465
0 0.6673228346456693 0.043595263724434875 0.09251968503937008 0.05489773950484392
1 0.8164370078740157 0.5629709364908504 0.05708661417322835 0.061356297093649086
1 0.4778543307086614 0.5683530678148547 0.06791338582677166 0.06566200215285253
1 0.6894685039370079 0.7303552206673842 0.0688976377952756 0.08073196986006459
1 0.7947834645669292 0.7255113024757804 0.06496062992125984 0.06458557588805167
2 0.48031496062992124 0.5032292787944026 0.9025590551181102 0.9504843918191603
3 0.750492125984252 0.4133476856835307 0.08661417322834646 0.08503767491926803
3 0.8307086614173228 0.5527448869752422 0.2440944881889764 0.17007534983853606
0 0.4970472440944882 0.04090419806243272 0.08858267716535433 0.062432723358449946
0 0.4005905511811024 0.04198062432723358 0.08956692913385826 0.0581270182992465
1 0.7928149606299213 0.658772874058127 0.060039370078740155 0.0721205597416577
0 0.13041338582677164 0.04897739504843918 0.08366141732283465 0.0721205597416577
0 0.22933070866141733 0.04736275565123789 0.07775590551181102 0.06566200215285253