0 0.7774869109947644 0.9314946619217082 0.2181500872600349 0.037366548042704624
1 0.5401396160558464 0.17348754448398576 0.09947643979057591 0.11803084223013048
1 0.1156195462478185 0.27580071174377224 0.08551483420593368 0.054567022538552785
1 0.268760907504363 0.4314946619217082 0.10645724258289703 0.066429418742586
1 0.3411867364746946 0.49110320284697506 0.09947643979057591 0.059905100830367736
1 0.4393542757417103 0.6814946619217082 0.11169284467713787 0.066429418742586
1 0.6042757417102966 0.5999406880189798 0.08551483420593368 0.051601423487544484
1 0.6745200698080279 0.6880189798339265 0.11605584642233857 0.06583629893238434
1 0.8298429319371727 0.6725978647686833 0.08027923211169284 0.05812574139976275
1 0.7369109947643979 0.7594899169632265 0.5261780104712042 0.3096085409252669
1 0.5344677137870855 0.9587781731909846 0.11605584642233857 0.08244365361803084
0 0.2696335078534031 0.08481613285883749 0.21378708551483422 0.04033214709371293
0 0.293630017452007 0.9297153024911032 0.2181500872600349 0.033807829181494664
0 0.039703315881326355 0.6322657176749703 0.056719022687609075 0.0937129300118624
0 0.7220767888307156 0.17111506524317913 0.2582897033158813 0.03558718861209965
2 0.4917102966841187 0.5080071174377224 0.9275741710296684 0.8546856465005931
3 0.787085514834206 0.5975682087781732 0.31326352530541013 0.11447212336892053
3 0.3551483420593368 0.3807829181494662 0.23298429319371727 0.1708185053380783