1 0.3508137432188065 0.7435287902799789 0.12115732368896925 0.05810882197569995
1 0.3535262206148282 0.8531431590068674 0.11573236889692586 0.05810882197569995
1 0.4407775768535262 0.9144215530903328 0.162748643761302 0.06444796619123085
1 0.2527124773960217 0.6386687797147385 0.11844484629294756 0.07395668251452721
2 0.5 0.48705758055995774 0.7676311030741411 0.8964606444796619
3 0.2088607594936709 0.7266244057052298 0.20162748643761302 0.4178552562070787
0 0.25994575045207957 0.04754358161648178 0.27034358047016277 0.04331748547279451
0 0.4349005424954792 0.12916006339144215 0.09132007233273057 0.11938721605916534
0 0.6971066907775768 0.37427363972530375 0.10216998191681737 0.08082408874801902
0 0.7884267631103075 0.5243000528262018 0.1518987341772152 0.11938721605916534
0 0.8476491862567812 0.6571579503433703 0.12115732368896925 0.07606973058637084
1 0.3603074141048825 0.297675647120972 0.1301989150090416 0.06920232435287903
1 0.523508137432188 0.28631801373481247 0.14647377938517178 0.08874801901743265
1 0.6075949367088608 0.8079767564712097 0.1437613019891501 0.07078711040676175