0 0.8408662900188324 0.2294642857142857 0.096045197740113 0.0375
2 0.524482109227872 0.4232142857142857 0.8662900188323918 0.7375
0 0.09698681732580038 0.1875 0.03766478342749529 0.06785714285714285
0 0.0951035781544256 0.3455357142857143 0.04331450094161959 0.0875
0 0.3465160075329567 0.4705357142857143 0.06591337099811675 0.030357142857142857
0 0.571563088512241 0.22857142857142856 0.1016949152542373 0.03214285714285714
0 0.9529190207156308 0.35535714285714287 0.03389830508474576 0.08214285714285714
0 0.9274952919020716 0.7214285714285714 0.032015065913371 0.0625
0 0.4651600753295669 0.14375 0.02824858757062147 0.044642857142857144
1 0.2693032015065913 0.2544642857142857 0.06591337099811675 0.06785714285714285
1 0.4030131826741996 0.2580357142857143 0.07156308851224105 0.060714285714285714
1 0.8436911487758946 0.5321428571428571 0.08097928436911488 0.03571428571428571
1 0.7146892655367232 0.5616071428571429 0.03766478342749529 0.06428571428571428
1 0.6252354048964218 0.7214285714285714 0.06591337099811675 0.033928571428571426
1 0.8060263653483992 0.6883928571428571 0.030131826741996232 0.06428571428571428
1 0.8380414312617702 0.6455357142857143 0.06591337099811675 0.04107142857142857
1 0.667608286252354 0.7607142857142857 0.035781544256120526 0.0625
1 0.7947269303201506 0.7991071428571429 0.07721280602636535 0.04107142857142857