9 0.8413461538461539 0.23016826923076922 0.09615384615384616 0.037259615384615384
7 0.5246394230769231 0.42427884615384615 0.8665865384615384 0.7379807692307693
9 0.09795673076923077 0.1875 0.037259615384615384 0.0673076923076923
9 0.09615384615384616 0.34435096153846156 0.04326923076923077 0.08774038461538461
9 0.34555288461538464 0.46935096153846156 0.06610576923076923 0.030048076923076924
9 0.5727163461538461 0.22776442307692307 0.10216346153846154 0.03245192307692308
9 0.9543269230769231 0.3557692307692308 0.03365384615384615 0.08173076923076923
9 0.9272836538461539 0.7211538461538461 0.03245192307692308 0.0625
9 0.46634615384615385 0.14483173076923078 0.028846153846153848 0.04447115384615385
6 0.2686298076923077 0.2548076923076923 0.06610576923076923 0.0673076923076923
6 0.40384615384615385 0.2590144230769231 0.07211538461538461 0.06129807692307692
6 0.8431490384615384 0.5324519230769231 0.08052884615384616 0.036057692307692304
6 0.7157451923076923 0.5606971153846154 0.037259615384615384 0.06370192307692307
6 0.6243990384615384 0.7211538461538461 0.06610576923076923 0.03365384615384615
6 0.8058894230769231 0.6881009615384616 0.030048076923076924 0.06370192307692307
6 0.8383413461538461 0.6454326923076923 0.06610576923076923 0.040865384615384616
6 0.6670673076923077 0.7620192307692307 0.036057692307692304 0.0625
6 0.7956730769230769 0.7992788461538461 0.07692307692307693 0.040865384615384616