0 0.7480181200453001 0.3598993288590604 0.028312570781426953 0.1644295302013423
1 0.19195922989807473 0.4354026845637584 0.0985277463193658 0.07718120805369127
1 0.39580973952434884 0.4110738255033557 0.053227633069082674 0.06375838926174497
1 0.4331823329558324 0.39093959731543626 0.04077010192525481 0.05704697986577181
1 0.5050962627406569 0.3959731543624161 0.04190260475651189 0.06040268456375839
1 0.5815402038505096 0.44043624161073824 0.056625141562853906 0.07046979865771812
1 0.579841449603624 0.5176174496644296 0.05549263873159683 0.07046979865771812
1 0.5186862967157417 0.7197986577181208 0.061155152887882216 0.15604026845637584
1 0.21404303510758776 0.43288590604026844 0.04869762174405436 0.08221476510067115
1 0.5186862967157417 0.7768456375838926 0.06342015855039637 0.07885906040268456
0 0.18856172140430352 0.32550335570469796 0.026047565118912798 0.1610738255033557
0 0.7480181200453001 0.5939597315436241 0.026047565118912798 0.1593959731543624
2 0.47168742921857304 0.4773489932885906 0.5639864099660249 0.5134228187919463
3 0.522083805209513 0.2961409395973154 0.07927519818799547 0.15268456375838926