9 0.7475961538461539 0.35877403846153844 0.028846153846153848 0.16466346153846154
6 0.1935096153846154 0.43509615384615385 0.0985576923076923 0.07692307692307693
6 0.39663461538461536 0.41165865384615385 0.052884615384615384 0.06370192307692307
6 0.4338942307692308 0.39122596153846156 0.040865384615384616 0.056490384615384616
6 0.5042067307692307 0.3954326923076923 0.042067307692307696 0.06009615384615385
6 0.5811298076923077 0.43930288461538464 0.056490384615384616 0.07091346153846154
6 0.5805288461538461 0.5186298076923077 0.055288461538461536 0.07091346153846154
6 0.5186298076923077 0.7199519230769231 0.06129807692307692 0.15625
6 0.21454326923076922 0.4326923076923077 0.04927884615384615 0.08173076923076923
6 0.5198317307692307 0.7776442307692307 0.06370192307692307 0.07932692307692307
9 0.18870192307692307 0.32572115384615385 0.026442307692307692 0.16105769230769232
9 0.7487980769230769 0.5943509615384616 0.026442307692307692 0.15985576923076922
7 0.4717548076923077 0.4777644230769231 0.5637019230769231 0.5132211538461539
5 0.5228365384615384 0.29507211538461536 0.07932692307692307 0.15264423076923078