6 0.26502403846153844 0.7908653846153846 0.09254807692307693 0.1201923076923077
5 0.1063701923076923 0.5805288461538461 0.1502403846153846 0.19471153846153846
7 0.40805288461538464 0.5865384615384616 0.7680288461538461 0.41346153846153844
6 0.4098557692307692 0.5643028846153846 0.0985576923076923 0.06129807692307692
6 0.8155048076923077 0.6201923076923077 0.11177884615384616 0.0673076923076923
6 0.14302884615384615 0.5072115384615384 0.07932692307692307 0.057692307692307696
9 0.28966346153846156 0.38521634615384615 0.15144230769230768 0.030048076923076924
9 0.11117788461538461 0.38822115384615385 0.11177884615384616 0.026442307692307692
9 0.7253605769230769 0.3840144230769231 0.046875 0.027644230769230768
9 0.7866586538461539 0.5276442307692307 0.054086538461538464 0.10336538461538461
9 0.7866586538461539 0.7175480769230769 0.05889423076923077 0.0985576923076923
6 0.2205528846153846 0.6237980769230769 0.09495192307692307 0.06490384615384616