1 0.26448170731707316 0.7911574406901509 0.09247967479674797 0.12041696621135874
3 0.10746951219512195 0.5790797987059669 0.15040650406504066 0.19482386772106397
2 0.40853658536585363 0.5851905104241553 0.7677845528455285 0.41337167505391803
1 0.4090447154471545 0.5634435657800144 0.09908536585365854 0.06074766355140187
1 0.8155487804878049 0.6198777857656362 0.11229674796747967 0.06721782890007189
1 0.14176829268292682 0.5070093457943925 0.07926829268292683 0.05787203450754853
0 0.2891260162601626 0.38461538461538464 0.15193089430894308 0.029834651329978434
0 0.11229674796747967 0.38695183321351545 0.11229674796747967 0.02695902228612509
0 0.7251016260162602 0.38461538461538464 0.04725609756097561 0.028037383177570093
0 0.7878556910569106 0.526060388209921 0.05386178861788618 0.10352264557872035
0 0.7863313008130082 0.7169302659956865 0.05945121951219512 0.09884974838245866
1 0.22103658536585366 0.6231128684399713 0.09502032520325203 0.06434219985621854