5 0.7602163461538461 0.42427884615384615 0.10697115384615384 0.19471153846153846
9 0.6694711538461539 0.71875 0.1466346153846154 0.04326923076923077
9 0.14002403846153846 0.6808894230769231 0.039663461538461536 0.0829326923076923
9 0.21334134615384615 0.7211538461538461 0.13822115384615385 0.038461538461538464
9 0.6682692307692307 0.1171875 0.1346153846153846 0.046875
9 0.21634615384615385 0.12139423076923077 0.13942307692307693 0.05048076923076923
6 0.7662259615384616 0.39783653846153844 0.037259615384615384 0.036057692307692304
6 0.3942307692307692 0.6454326923076923 0.057692307692307696 0.05048076923076923
6 0.6868990384615384 0.42427884615384615 0.056490384615384616 0.06009615384615385
6 0.6802884615384616 0.4909855769230769 0.052884615384615384 0.06850961538461539
6 0.7752403846153846 0.7049278846153846 0.06490384615384616 0.0829326923076923
6 0.3233173076923077 0.7385817307692307 0.055288461538461536 0.0829326923076923
9 0.5961538461538461 0.22596153846153846 0.03365384615384615 0.09615384615384616
9 0.59375 0.5919471153846154 0.03365384615384615 0.0829326923076923
7 0.703125 0.4182692307692308 0.23317307692307693 0.5961538461538461
7 0.2530048076923077 0.41586538461538464 0.23197115384615385 0.5961538461538461
5 0.3996394230769231 0.7145432692307693 0.0733173076923077 0.10216346153846154