3 0.7591424968474149 0.4246353322528363 0.10718789407313997 0.19448946515397084
0 0.6689785624211854 0.7188006482982172 0.14627994955863807 0.04376012965964344
0 0.13934426229508196 0.679902755267423 0.03909205548549811 0.08265802269043761
0 0.21311475409836064 0.7196110210696921 0.13871374527112232 0.03889789303079417
0 0.6683480453972257 0.1166936790923825 0.13493064312736444 0.04700162074554295
0 0.2150063051702396 0.12155591572123177 0.13997477931904162 0.050243111831442464
1 0.7673392181588903 0.39708265802269044 0.03783102143757881 0.03565640194489465
1 0.39470365699873894 0.6442463533225283 0.058007566204287514 0.050243111831442464
1 0.6866330390920555 0.42301458670988656 0.05674653215636822 0.059967585089141004
1 0.6796973518284993 0.49189627228525123 0.05296343001261034 0.06807131280388978
1 0.7742749054224464 0.7042139384116693 0.06431273644388398 0.08265802269043761
1 0.32156368221941994 0.7374392220421394 0.05548549810844893 0.08265802269043761
0 0.5958385876418664 0.2252836304700162 0.034047919293820936 0.09562398703403566
0 0.5920554854981085 0.5923824959481362 0.034047919293820936 0.08265802269043761
2 0.701765447667087 0.4173419773095624 0.23329129886506936 0.5964343598055105
2 0.25220680958385877 0.41572123176661263 0.23203026481715006 0.5964343598055105
3 0.39848675914249687 0.7155591572123177 0.07313997477931904 0.10210696920583469