3 0.15547263681592038 0.4974137931034483 0.13930348258706468 0.09482758620689655
3 0.14614427860696516 0.728448275862069 0.1256218905472637 0.33793103448275863
4 0.14614427860696516 0.1629310344827586 0.11194029850746269 0.1103448275862069
4 0.7425373134328358 0.49051724137931035 0.08084577114427861 0.08793103448275862
2 0.4993781094527363 0.4982758620689655 0.8383084577114428 0.803448275862069
0 0.572139303482587 0.10344827586206896 0.13681592039800994 0.04827586206896552
0 0.3208955223880597 0.10258620689655172 0.06965174129353234 0.04310344827586207
4 0.4048507462686567 0.49051724137931035 0.07960199004975124 0.0896551724137931
1 0.35199004975124376 0.6732758620689655 0.04228855721393035 0.08620689655172414
0 0.9222636815920398 0.27844827586206894 0.029850746268656716 0.14655172413793102
0 0.9210199004975125 0.7051724137931035 0.03233830845771144 0.29310344827586204
0 0.8090796019900498 0.9086206896551724 0.10074626865671642 0.05
1 0.40298507462686567 0.7836206896551724 0.07587064676616916 0.05517241379310345
0 0.568407960199005 0.9025862068965518 0.10696517412935323 0.039655172413793106
0 0.15485074626865672 0.9025862068965518 0.06592039800995025 0.039655172413793106
0 0.2860696517412935 0.9051724137931034 0.1044776119402985 0.032758620689655175
0 0.08208955223880597 0.39482758620689656 0.029850746268656716 0.09310344827586207
0 0.07960199004975124 0.5137931034482759 0.03109452736318408 0.06206896551724138
0 0.08022388059701492 0.5905172413793104 0.03731343283582089 0.06724137931034482
1 0.40049751243781095 0.9224137931034483 0.07587064676616916 0.06724137931034482
1 0.23134328358208955 0.48879310344827587 0.04477611940298507 0.10344827586206896
1 0.17848258706467662 0.7301724137931035 0.06343283582089553 0.056896551724137934
1 0.21455223880597016 0.8482758620689655 0.03855721393034826 0.08448275862068966