1 0.6624015748031497 0.46915584415584416 0.07283464566929133 0.10714285714285714
1 0.7145669291338582 0.3003246753246753 0.0688976377952756 0.11363636363636363
1 0.8238188976377953 0.4935064935064935 0.10236220472440945 0.10714285714285714
1 0.7509842519685039 0.6672077922077922 0.06692913385826772 0.09740259740259741
0 0.1889763779527559 0.2824675324675325 0.03543307086614173 0.2012987012987013
0 0.9311023622047244 0.2224025974025974 0.02952755905511811 0.17532467532467533
0 0.9301181102362205 0.7386363636363636 0.03346456692913386 0.20454545454545456
0 0.9301181102362205 0.46266233766233766 0.02952755905511811 0.14285714285714285
3 0.8110236220472441 0.4788961038961039 0.2440944881889764 0.2662337662337662
1 0.1889763779527559 0.42694805194805197 0.1377952755905512 0.10714285714285714
1 0.6358267716535433 0.8831168831168831 0.0688976377952756 0.21753246753246752