3 0.8016 0.5252263906856404 0.2592 0.11513583441138421
0 0.7344 0.21410090556274256 0.1568 0.03234152652005175
0 0.4112 0.21410090556274256 0.1648 0.029754204398447608
0 0.2288 0.2147477360931436 0.1568 0.031047865459249677
0 0.1296 0.26196636481241914 0.048 0.08408796895213454
0 0.1344 0.5310478654592496 0.0528 0.09184993531694696
0 0.3712 0.7632600258732212 0.168 0.0258732212160414
0 0.7192 0.7658473479948253 0.0864 0.03363518758085381
1 0.7008 0.61254851228978 0.0832 0.06338939197930142
1 0.6392 0.5349288486416559 0.0928 0.06338939197930142
1 0.5528 0.536869340232859 0.08 0.059508408796895215
1 0.3072 0.5595084087968952 0.0832 0.06985769728331177
1 0.4896 0.61254851228978 0.0864 0.06597671410090557
1 0.5792 0.7917205692108668 0.096 0.08408796895213454
1 0.5704 0.1908150064683053 0.0912 0.07373868046571798
1 0.7576 0.9113842173350583 0.096 0.05821474773609314
1 0.8296 0.43790426908150065 0.0816 0.06080206985769728
1 0.34 0.26196636481241914 0.0864 0.06597671410090557
3 0.3248 0.5258732212160414 0.3984 0.11642949547218628
2 0.5304 0.49029754204398446 0.8016 0.5510996119016818