1 0.4379746835443038 0.6517128874388255 0.10886075949367088 0.0636215334420881
1 0.6708860759493671 0.6443719412724307 0.10379746835443038 0.06688417618270799
1 0.5481012658227848 0.7218597063621534 0.10886075949367088 0.0701468189233279
0 0.27848101265822783 0.2724306688417618 0.19746835443037974 0.02936378466557912
3 0.8037974683544303 0.5171288743882545 0.34177215189873417 0.1598694942903752
3 0.289873417721519 0.5269168026101142 0.1189873417721519 0.10114192495921696
2 0.5164556962025316 0.4893964110929853 0.9443037974683545 0.5758564437194127
0 0.7518987341772152 0.20146818923327894 0.13164556962025317 0.037520391517128875
0 0.5772151898734177 0.2030995106035889 0.23037974683544304 0.03262642740619902
0 0.053164556962025315 0.3442088091353997 0.04810126582278481 0.0701468189233279
1 0.7759493670886076 0.5122349102773246 0.11645569620253164 0.06199021207177814
1 0.5468354430379747 0.8034257748776509 0.1240506329113924 0.07504078303425775
1 0.5911392405063292 0.5040783034257749 0.10126582278481013 0.06035889070146819
1 0.39367088607594936 0.5473083197389886 0.10379746835443038 0.06688417618270799
0 0.7924050632911392 0.7781402936378466 0.20253164556962025 0.02773246329526917
0 0.2430379746835443 0.7756933115823818 0.21265822784810126 0.03099510603588907