1 0.5982783357245337 0.5643939393939394 0.035868005738880916 0.07323232323232323
2 0.4928263988522238 0.48863636363636365 0.9469153515064562 0.8409090909090909
3 0.6527977044476327 0.5277777777777778 0.09038737446197992 0.13636363636363635
1 0.2417503586800574 0.7853535353535354 0.040172166427546625 0.07828282828282829
1 0.6147776183644189 0.6502525252525253 0.03443328550932568 0.09090909090909091
1 0.5982783357245337 0.30303030303030304 0.040172166427546625 0.09343434343434344
1 0.9677187948350072 0.2702020202020202 0.04878048780487805 0.09848484848484848
1 0.539454806312769 0.9255050505050505 0.05738880918220947 0.09090909090909091
1 0.5401721664275466 0.7916666666666666 0.06025824964131994 0.07323232323232323
0 0.14131994261119082 0.06691919191919192 0.09325681492109039 0.05555555555555555
0 0.6886657101865137 0.06313131313131314 0.0975609756097561 0.05555555555555555
0 0.8988522238163558 0.06944444444444445 0.06456241032998565 0.05808080808080808
0 0.9619799139167863 0.5808080808080808 0.028694404591104734 0.21212121212121213
1 0.23672883787661406 0.1527777777777778 0.04591104734576758 0.11616161616161616
1 0.13486370157819225 0.5050505050505051 0.03873744619799139 0.08333333333333333
1 0.05667144906743185 0.6944444444444444 0.05738880918220947 0.05303030303030303
1 0.03084648493543759 0.7828282828282829 0.06169296987087518 0.08333333333333333
0 0.14777618364418937 0.9128787878787878 0.09469153515064563 0.050505050505050504
0 0.3680057388809182 0.9090909090909091 0.09469153515064563 0.05555555555555555
1 0.2783357245337159 0.06818181818181818 0.047345767575322814 0.11363636363636363
0 0.3981348637015782 0.06313131313131314 0.18651362984218078 0.05303030303030303
0 0.02582496413199426 0.51010101010101 0.028694404591104734 0.10858585858585859
0 0.6929698708751794 0.9053030303030303 0.10760401721664276 0.04292929292929293