2 0.49885057471264366 0.5847639484978541 0.8942528735632184 0.6337625178826896
3 0.7614942528735632 0.7314020028612304 0.3057471264367816 0.30472103004291845
1 0.603448275862069 0.48068669527896996 0.15517241379310345 0.09370529327610873
1 0.49367816091954025 0.9363376251788269 0.16896551724137931 0.11444921316165951
1 0.49367816091954025 0.719241773962804 0.1632183908045977 0.09656652360515021
1 0.735632183908046 0.7339055793991416 0.12413793103448276 0.07081545064377683
1 0.6672413793103448 0.721030042918455 0.13793103448275862 0.09370529327610873
0 0.9419540229885057 0.2017167381974249 0.04942528735632184 0.05793991416309013
0 0.20689655172413793 0.2757510729613734 0.22298850574712645 0.045064377682403435
0 0.6591954022988505 0.2782546494992847 0.2045977011494253 0.05007153075822604
0 0.23160919540229885 0.9009298998569385 0.1632183908045977 0.04363376251788269
0 0.7603448275862069 0.8966380543633763 0.16896551724137931 0.03862660944206009
1 0.44310344827586207 0.24284692417739628 0.14482758620689656 0.11158798283261803
1 0.7344827586206897 0.21030042918454936 0.1482758620689655 0.07868383404864092