2 0.728143213988343 0.5054121565362198 0.4079933388842631 0.5953372189841799
3 0.2960033305578684 0.6094920899250624 0.09492089925062448 0.08742714404662781
3 0.6074104912572856 0.7452123230641132 0.16319733555370525 0.11323896752706078
4 0.12239800166527894 0.6353039134054954 0.09658617818484597 0.17735220649458786
2 0.28059950041631976 0.5054121565362198 0.4163197335553705 0.5986677768526228
0 0.4121565362198168 0.21107410491257286 0.1273938384679434 0.025811823480432972
0 0.19691923397169026 0.2119067443796836 0.14154870940882597 0.027477102414654453
1 0.6461282264779351 0.6702747710241466 0.05995004163197336 0.05328892589508743
1 0.79766860949209 0.5911740216486261 0.07577019150707744 0.06910907577019151
1 0.6711074104912573 0.5320566194837635 0.07743547044129892 0.051623646960865945
1 0.8209825145711906 0.4829308909242298 0.07077435470441298 0.05661948376353039
1 0.7635303913405496 0.4283930058284763 0.07243963363863447 0.07243963363863447
1 0.6877601998334721 0.43047460449625313 0.0791007493755204 0.07410491257285595
1 0.17568692756036636 0.9129891756869276 0.06744379683597003 0.06744379683597003
1 0.2073272273105745 0.8226477935054122 0.08576186511240633 0.07743547044129892
1 0.18609492089925062 0.7485428809325562 0.06328059950041633 0.061615320566194835
1 0.20233139050791007 0.6990008326394671 0.07577019150707744 0.07577019150707744
1 0.27893422148209823 0.6852622814321399 0.07743547044129892 0.06744379683597003
1 0.23397169025811823 0.6248959200666112 0.06744379683597003 0.05661948376353039
1 0.1806827643630308 0.5120732722731057 0.058284762697751874 0.06577851790174855
0 0.6419650291423813 0.8030807660283097 0.07743547044129892 0.03913405495420483
0 0.8255620316402997 0.8030807660283097 0.1357202331390508 0.029142381348875937
0 0.6336386344712739 0.21107410491257286 0.13238967527060783 0.025811823480432972
0 0.3855120732722731 0.8005828476269775 0.15154038301415487 0.03746877601998335
0 0.8522064945878435 0.21107410491257286 0.12073272273105745 0.025811823480432972
1 0.7747710241465445 0.7468776019983348 0.05995004163197336 0.054954204829308906