1 0.24983432736911862 0.31679819616685456 0.051027170311464545 0.07553551296505073
1 0.355533465871438 0.2502818489289741 0.04440026507620941 0.07102593010146561
1 0.3273691186216037 0.423337091319053 0.04903909874088801 0.08229988726042842
1 0.5172299536116634 0.35343855693348364 0.041749502982107355 0.0777903043968433
1 0.7279655400927767 0.3551296505073281 0.054340622929092114 0.08117249154453213
1 0.7763419483101391 0.35400225479143177 0.04638833664678595 0.07553551296505073
1 0.4638833664678595 0.5259301014656145 0.053015241882041084 0.07440811724915446
1 0.3194168323392976 0.528184892897407 0.05964214711729622 0.07215332581736189
0 0.3164347249834327 0.47801578354002255 0.04108681245858184 0.046223224351747465
0 0.27335984095427435 0.4813979706877114 0.03578528827037773 0.040586245772266064
0 0.9234592445328031 0.19222096956031567 0.031146454605699137 0.09019165727170236
0 0.8127899271040424 0.12683201803833147 0.04903909874088801 0.043968432919954906
0 0.7730284956925116 0.12175873731679819 0.03777335984095427 0.05636978579481398
0 0.7312789927104042 0.1273957158962796 0.030483764082173626 0.05186020293122886
0 0.6915175612988734 0.12344983089064261 0.05500331345261763 0.046223224351747465
0 0.5228628230616302 0.12570462232243518 0.03777335984095427 0.048478015783540024
0 0.4403578528827038 0.12683201803833147 0.09476474486414845 0.0496054114994363
0 0.3611663353214049 0.12401352874859076 0.04108681245858184 0.058624577226606536
1 0.4615639496355202 0.7395715896279594 0.05036447978793903 0.07553551296505073
1 0.5072895957587806 0.8151071025930101 0.05036447978793903 0.09244644870349493
0 0.07024519549370443 0.1984216459977452 0.0291583830351226 0.0777903043968433
0 0.07090788601722996 0.3579481397970688 0.02584493041749503 0.0834272829763247
0 0.07157057654075547 0.28241262683201807 0.030483764082173626 0.06426155580608793
0 0.8409542743538767 0.7886133032694476 0.04440026507620941 0.05186020293122886
0 0.7846255798542081 0.7897406989853438 0.07024519549370443 0.05298759864712514
0 0.7104042412193505 0.7824126268320181 0.07952286282306163 0.048478015783540024
0 0.6398277004638834 0.7846674182638106 0.07687210072895957 0.040586245772266064
0 0.39993373094764745 0.7790304396843292 0.04837640821736249 0.04509582863585118
2 0.49768058316766073 0.45659526493799324 0.8561961563949636 0.6583990980834273
3 0.26308813783962887 0.29255918827508454 0.15705765407554673 0.34949267192784667
3 0.2292909211398277 0.21025930101465615 0.09211398277004638 0.15332581736189402
3 0.3091451292246521 0.24859075535512964 0.06759443339960239 0.2480270574971815
0 0.9227965540092776 0.6634723788049606 0.02253147779986746 0.06313416009019165
0 0.9224652087475149 0.5744081172491544 0.031146454605699137 0.1262683201803833
0 0.9247846255798542 0.45152198421646 0.026507620941020542 0.11950394588500564