0 0.5583058305830583 0.9048027444253859 0.0594059405940594 0.032590051457975985
0 0.3833883388338834 0.9013722126929674 0.056105610561056105 0.03945111492281304
0 0.3272827282728273 0.9005145797598628 0.056105610561056105 0.0274442538593482
0 0.1331133113311331 0.7641509433962265 0.0781078107810781 0.0411663807890223
0 0.054455445544554455 0.5240137221269296 0.025302530253025302 0.044596912521440824
0 0.05665566556655666 0.39879931389365353 0.019801980198019802 0.04631217838765009
0 0.356985698569857 0.2358490566037736 0.11661166116611661 0.036020583190394515
0 0.21342134213421343 0.2358490566037736 0.0748074807480748 0.0411663807890223
0 0.13146314631463146 0.2367066895368782 0.07590759075907591 0.032590051457975985
1 0.841034103410341 0.6466552315608919 0.1188118811881188 0.1097770154373928
1 0.5511551155115512 0.28730703259005147 0.0484048404840484 0.07375643224699828
1 0.5913091309130913 0.37221269296740994 0.04950495049504951 0.06518010291595197
1 0.5632563256325632 0.42452830188679247 0.045104510451045104 0.06518010291595197
1 0.5104510451045104 0.8284734133790738 0.0539053905390539 0.0686106346483705
1 0.27282728272827284 0.7941680960548885 0.050605060506050605 0.08576329331046312
1 0.2717271727172717 0.6775300171526587 0.05500550055005501 0.12521440823327615
1 0.19141914191419143 0.611492281303602 0.0462046204620462 0.07718696397941681
1 0.13256325632563257 0.5343053173241853 0.0484048404840484 0.05660377358490566
1 0.19471947194719472 0.45454545454545453 0.047304730473047306 0.07718696397941681
1 0.14631463146314633 0.451114922813036 0.045104510451045104 0.07204116638078903
0 0.682068206820682 0.7641509433962265 0.04950495049504951 0.044596912521440824
0 0.9471947194719472 0.5214408233276158 0.0231023102310231 0.07547169811320754
0 0.9493949394939494 0.3361921097770154 0.027502750275027504 0.0823327615780446
0 0.6639163916391639 0.23842195540308747 0.052805280528052806 0.0411663807890223
0 0.6028602860286029 0.2890222984562607 0.0429042904290429 0.06518010291595197
0 0.5016501650165016 0.31989708404802747 0.0484048404840484 0.03773584905660377
0 0.45324532453245325 0.2864493996569468 0.034103410341034104 0.07547169811320754
0 0.4647964796479648 0.902229845626072 0.06050605060506051 0.0411663807890223
2 0.5 0.5668953687821612 0.8932893289328933 0.6826758147512865
3 0.6072607260726073 0.5728987993138936 0.06490649064906491 0.09090909090909091
3 0.08745874587458746 0.5214408233276158 0.061606160616061605 0.07890222984562607
1 0.6551155115511551 0.8284734133790738 0.0539053905390539 0.0686106346483705
1 0.5847084708470847 0.6415094339622641 0.0374037403740374 0.058319039451114926
1 0.643014301430143 0.6423670668953688 0.047304730473047306 0.05317324185248713