9 0.5582932692307693 0.9056490384615384 0.05889423076923077 0.03245192307692308
9 0.3840144230769231 0.9020432692307693 0.056490384615384616 0.039663461538461536
9 0.32632211538461536 0.9008413461538461 0.056490384615384616 0.027644230769230768
9 0.1328125 0.765625 0.078125 0.040865384615384616
9 0.05348557692307692 0.5246394230769231 0.025240384615384616 0.04447115384615385
9 0.057692307692307696 0.3984375 0.019230769230769232 0.046875
9 0.3563701923076923 0.23677884615384615 0.11658653846153846 0.036057692307692304
9 0.21514423076923078 0.23677884615384615 0.07451923076923077 0.040865384615384616
9 0.13161057692307693 0.23737980769230768 0.07572115384615384 0.03245192307692308
6 0.8407451923076923 0.6460336538461539 0.11899038461538461 0.109375
6 0.5528846153846154 0.28665865384615385 0.04807692307692308 0.0733173076923077
6 0.5919471153846154 0.3737980769230769 0.04927884615384615 0.06490384615384616
6 0.5637019230769231 0.42427884615384615 0.04567307692307692 0.06490384615384616
6 0.5102163461538461 0.8275240384615384 0.054086538461538464 0.06850961538461539
6 0.27283653846153844 0.7950721153846154 0.05048076923076923 0.08533653846153846
6 0.27283653846153844 0.6778846153846154 0.055288461538461536 0.125
6 0.19110576923076922 0.6129807692307693 0.04567307692307692 0.07692307692307693
6 0.13221153846153846 0.5354567307692307 0.04807692307692308 0.056490384615384616
6 0.19411057692307693 0.4543269230769231 0.046875 0.07692307692307693
6 0.14783653846153846 0.4519230769230769 0.04567307692307692 0.07211538461538461
9 0.6808894230769231 0.7650240384615384 0.04927884615384615 0.04447115384615385
9 0.9465144230769231 0.5210336538461539 0.02283653846153846 0.07572115384615384
9 0.9489182692307693 0.3371394230769231 0.027644230769230768 0.0829326923076923
9 0.6634615384615384 0.23918269230769232 0.052884615384615384 0.040865384615384616
9 0.6033653846153846 0.28966346153846156 0.04326923076923077 0.06490384615384616
9 0.5024038461538461 0.3191105769230769 0.04807692307692308 0.037259615384615384
9 0.4543269230769231 0.2854567307692308 0.03365384615384615 0.07572115384615384
9 0.4651442307692308 0.9026442307692307 0.06009615384615385 0.040865384615384616
7 0.49939903846153844 0.5673076923076923 0.8930288461538461 0.6826923076923077
5 0.6069711538461539 0.5745192307692307 0.06490384615384616 0.09134615384615384
5 0.08834134615384616 0.5228365384615384 0.06129807692307692 0.07932692307692307
6 0.6544471153846154 0.8275240384615384 0.054086538461538464 0.06850961538461539
6 0.5835336538461539 0.6424278846153846 0.037259615384615384 0.05889423076923077
6 0.6436298076923077 0.6418269230769231 0.046875 0.052884615384615384