6 0.5865384615384616 0.3167067307692308 0.0673076923076923 0.08533653846153846
9 0.9194711538461539 0.8149038461538461 0.040865384615384616 0.14903846153846154
9 0.9116586538461539 0.24459134615384615 0.039663461538461536 0.15264423076923078
9 0.14423076923076922 0.3010817307692308 0.04326923076923077 0.16947115384615385
6 0.6658653846153846 0.3371394230769231 0.07692307692307693 0.09735576923076923
6 0.6646634615384616 0.7301682692307693 0.08413461538461539 0.09014423076923077
6 0.5048076923076923 0.4441105769230769 0.08173076923076923 0.09495192307692307
9 0.9158653846153846 0.5396634615384616 0.03365384615384615 0.1466346153846154
5 0.5913461538461539 0.18870192307692307 0.125 0.19471153846153846
7 0.5306490384615384 0.5144230769230769 0.7824519230769231 0.8653846153846154
6 0.5907451923076923 0.9008413461538461 0.07091346153846154 0.09975961538461539
6 0.6646634615384616 0.6268028846153846 0.08413461538461539 0.09495192307692307
6 0.1658653846153846 0.4260817307692308 0.09134615384615384 0.10216346153846154