0 0.7251984126984127 0.2441860465116279 0.061507936507936505 0.07906976744186046
0 0.5466269841269841 0.2837209302325581 0.05952380952380952 0.07674418604651163
0 0.5337301587301587 0.19767441860465115 0.06547619047619048 0.07441860465116279
1 0.19642857142857142 0.11627906976744186 0.027777777777777776 0.08837209302325581
0 0.46726190476190477 0.3302325581395349 0.06349206349206349 0.06976744186046512
0 0.5436507936507936 0.05581395348837209 0.057539682539682536 0.08139534883720931
0 0.22123015873015872 0.8744186046511628 0.06547619047619048 0.07906976744186046
0 0.5972222222222222 0.7116279069767442 0.051587301587301584 0.07209302325581396
0 0.6488095238095238 0.6732558139534883 0.06547619047619048 0.06976744186046512
0 0.7678571428571429 0.5627906976744186 0.08134920634920635 0.09069767441860466
0 0.873015873015873 0.5686046511627907 0.07738095238095238 0.08837209302325581
0 0.7658730158730159 0.04302325581395349 0.07936507936507936 0.08604651162790698
0 0.8720238095238095 0.047674418604651166 0.08134920634920635 0.08604651162790698
1 0.19642857142857142 0.5988372093023255 0.027777777777777776 0.17209302325581396
1 0.19642857142857142 0.8023255813953488 0.025793650793650792 0.08604651162790698
1 0.8472222222222222 0.8 0.021825396825396824 0.13953488372093023
1 0.8472222222222222 0.2372093023255814 0.021825396825396824 0.05581395348837209
1 0.8462301587301587 0.3209302325581395 0.017857142857142856 0.05813953488372093
0 0.16765873015873015 0.037209302325581395 0.06349206349206349 0.07441860465116279
0 0.21924603174603174 0.03837209302325582 0.061507936507936505 0.07441860465116279
0 0.1746031746031746 0.3267441860465116 0.06746031746031746 0.07906976744186046
0 0.6736111111111112 0.21976744186046512 0.06547619047619048 0.06976744186046512
0 0.17063492063492064 0.8744186046511628 0.06944444444444445 0.07674418604651163
