0 0.5985576923076923 0.15144230769230768 0.0625 0.0673076923076923
0 0.671875 0.18269230769230768 0.09375 0.07692307692307693
0 0.4411057692307692 0.24759615384615385 0.07932692307692307 0.08173076923076923
0 0.24278846153846154 0.2956730769230769 0.10576923076923077 0.07692307692307693
0 0.12139423076923077 0.2956730769230769 0.09375 0.07211538461538461
0 0.44711538461538464 0.71875 0.08173076923076923 0.057692307692307696
0 0.49278846153846156 0.6490384615384616 0.0625 0.0673076923076923
0 0.5576923076923077 0.7067307692307693 0.08653846153846154 0.0673076923076923
0 0.5588942307692307 0.7716346153846154 0.07932692307692307 0.057692307692307696
1 0.6550480769230769 0.46634615384615385 0.13221153846153846 0.038461538461538464
1 0.27884615384615385 0.1346153846153846 0.038461538461538464 0.1201923076923077
1 0.6490384615384616 0.9375 0.14903846153846154 0.038461538461538464
1 0.40625 0.9326923076923077 0.08173076923076923 0.04326923076923077
