1 0.037371134020618556 0.6026315789473684 0.041237113402061855 0.09298245614035087
1 0.03865979381443299 0.6938596491228071 0.04381443298969072 0.09649122807017543
0 0.029639175257731958 0.5271929824561403 0.059278350515463915 0.06842105263157895
0 0.14175257731958762 0.512280701754386 0.11082474226804123 0.06315789473684211
0 0.32989690721649484 0.2517543859649123 0.08247422680412371 0.05789473684210526
0 0.6855670103092784 0.4780701754385965 0.13402061855670103 0.08070175438596491
0 0.5399484536082474 0.33596491228070174 0.07731958762886598 0.056140350877192984
0 0.8917525773195877 0.3850877192982456 0.1056701030927835 0.07368421052631578
0 0.9368556701030928 0.5333333333333333 0.12371134020618557 0.07192982456140351
1 0.03865979381443299 0.37456140350877193 0.04381443298969072 0.12105263157894737
