0 0.7872596153846154 0.5456730769230769 0.08413461538461539 0.10576923076923077
1 0.7560096153846154 0.6826923076923077 0.036057692307692304 0.15865384615384615
0 0.5420673076923077 0.4014423076923077 0.07932692307692307 0.1201923076923077
1 0.5072115384615384 0.12980769230769232 0.11057692307692307 0.09134615384615384
0 0.39903846153846156 0.46153846153846156 0.0625 0.09134615384615384
1 0.3798076923076923 0.12379807692307693 0.0673076923076923 0.07451923076923077
1 0.31009615384615385 0.12980769230769232 0.0625 0.07211538461538461
0 0.29927884615384615 0.44471153846153844 0.07932692307692307 0.11057692307692307
0 0.13701923076923078 0.7548076923076923 0.09615384615384616 0.12980769230769232
0 0.12980769230769232 0.8798076923076923 0.09615384615384616 0.10096153846153846
