0 0.5456730769230769 0.2127403846153846 0.10576923076923077 0.08413461538461539
1 0.6832932692307693 0.2439903846153846 0.15985576923076922 0.036057692307692304
0 0.40084134615384615 0.4579326923076923 0.11899038461538461 0.07932692307692307
1 0.12920673076923078 0.4921875 0.09014423076923077 0.109375
0 0.4621394230769231 0.6009615384615384 0.09254807692307693 0.0625
1 0.12379807692307693 0.6195913461538461 0.07451923076923077 0.06610576923076923
1 0.12980769230769232 0.6899038461538461 0.07211538461538461 0.0625
0 0.44471153846153844 0.7007211538461539 0.11057692307692307 0.07932692307692307
0 0.7542067307692307 0.8629807692307693 0.12860576923076922 0.09615384615384616
0 0.8798076923076923 0.8695913461538461 0.10096153846153846 0.09495192307692307
