1 0.42280200142959257 0.7219215155615697 0.04932094353109364 0.03247631935047361
1 0.46962115796997855 0.7232746955345061 0.05003573981415296 0.03247631935047361
1 0.5196568977841315 0.7219215155615697 0.053609721229449604 0.029769959404600813
1 0.6576125804145818 0.5859269282814614 0.012866333095067906 0.09472259810554803
0 0.37205146533238026 0.949255751014885 0.05075053609721229 0.08660351826792964
0 0.47855611150822014 0.9566982408660352 0.04789135096497498 0.08525033829499323
0 0.6751250893495354 0.2598105548037889 0.05575411007862759 0.09607577807848444
0 0.4020729092208721 0.07307171853856563 0.029306647605432452 0.07171853856562922
0 0.455325232308792 0.07307171853856563 0.031451036454610434 0.06901217861975643
0 0.5092923516797713 0.07374830852503383 0.032165832737669764 0.06765899864682003
0 0.5225160829163689 0.02435723951285521 0.04860614724803431 0.04871447902571042
