1 0.06433881343817012 0.40121786197564274 0.020571837026447465 0.09596752368064952
1 0.3828234453180844 0.35392422192151557 0.016897784131522518 0.09317997293640054
1 0.38208720514653327 0.44224627875507444 0.016897784131522518 0.0945872801082544
1 0.3828234453180843 0.5375169147496617 0.015425303788420299 0.10152909336941814
1 0.8978341672623302 0.7969079837618402 0.05069335239456755 0.030595399188092016
1 0.4544531808434597 0.7982949932341002 0.049964260185847036 0.02503382949932341
0 0.2127448177269478 0.28438430311231394 0.05142244460328806 0.08205683355886333
0 0.2627019299499643 0.25795669824086603 0.04554681915654039 0.09596752368064952
0 0.25866333095067906 0.45962787550744244 0.04481772694781987 0.09040595399188092
0 0.09629735525375267 0.6460013531799729 0.05509649749821301 0.11822733423545333
0 0.626733380986419 0.8316711772665764 0.05069335239456755 0.10569688768606225
0 0.7255503931379558 0.31428958051420836 0.03820586132952109 0.05564276048714479
0 0.7255503931379558 0.41512178619756424 0.03673338098641887 0.059797023004059535
0 0.7251822730521801 0.5173477672530447 0.03599714081486776 0.06119079837618403
0 0.7618834882058614 0.5423815967523681 0.04782701929949964 0.09179972936400542
