0 0.7259615384615384 0.6358173076923077 0.07692307692307693 0.040865384615384616
0 0.4375 0.6442307692307693 0.0673076923076923 0.038461538461538464
0 0.5264423076923077 0.5625 0.07211538461538461 0.038461538461538464
0 0.18990384615384615 0.4375 0.09134615384615384 0.038461538461538464
0 0.2980769230769231 0.4375 0.08653846153846154 0.038461538461538464
0 0.34975961538461536 0.3942307692307692 0.06009615384615385 0.028846153846153848
0 0.7331730769230769 0.4891826923076923 0.0673076923076923 0.040865384615384616
0 0.5600961538461539 0.28846153846153844 0.07692307692307693 0.038461538461538464
0 0.17307692307692307 0.1141826923076923 0.11538461538461539 0.0985576923076923
0 0.59375 0.140625 0.08173076923076923 0.040865384615384616
0 0.4326923076923077 0.8605769230769231 0.0673076923076923 0.038461538461538464
0 0.27884615384615385 0.8269230769230769 0.08653846153846154 0.04326923076923077
0 0.1875 0.8269230769230769 0.09615384615384616 0.04326923076923077
1 0.8125 0.08653846153846154 0.04326923076923077 0.04807692307692308
1 0.6923076923076923 0.039663461538461536 0.08173076923076923 0.026442307692307692
1 0.5432692307692307 0.037259615384615384 0.08173076923076923 0.021634615384615384
1 0.39783653846153844 0.038461538461538464 0.09375 0.028846153846153848
1 0.21153846153846154 0.2704326923076923 0.04807692307692308 0.14182692307692307
1 0.8149038461538461 0.2548076923076923 0.04326923076923077 0.07211538461538461
0 0.8389423076923077 0.14182692307692307 0.08653846153846154 0.04326923076923077
0 0.5 0.8641826923076923 0.057692307692307696 0.036057692307692304
0 0.6706730769230769 0.7139423076923077 0.08173076923076923 0.038461538461538464
0 0.8365384615384616 0.7223557692307693 0.09134615384615384 0.036057692307692304
0 0.75 0.7019230769230769 0.07692307692307693 0.038461538461538464
1 0.5216346153846154 0.9471153846153846 0.08173076923076923 0.019230769230769232
1 0.21634615384615385 0.3858173076923077 0.04326923076923077 0.04567307692307692
1 0.21514423076923078 0.5168269230769231 0.055288461538461536 0.08173076923076923
1 0.21634615384615385 0.7608173076923077 0.04807692307692308 0.06490384615384616
1 0.2127403846153846 0.6418269230769231 0.040865384615384616 0.07211538461538461
1 0.21153846153846154 0.8870192307692307 0.04807692307692308 0.0673076923076923
1 0.8173076923076923 0.8569711538461539 0.038461538461538464 0.13701923076923078
1 0.8149038461538461 0.6490384615384616 0.04807692307692308 0.052884615384615384
1 0.8173076923076923 0.34134615384615385 0.04326923076923077 0.07211538461538461
1 0.8161057692307693 0.5288461538461539 0.055288461538461536 0.07692307692307693
1 0.8149038461538461 0.4266826923076923 0.04326923076923077 0.07451923076923077
