0 0.6358173076923077 0.27403846153846156 0.040865384615384616 0.07692307692307693
0 0.6442307692307693 0.5625 0.038461538461538464 0.0673076923076923
0 0.5618990384615384 0.4729567307692308 0.037259615384615384 0.07091346153846154
0 0.4375 0.8100961538461539 0.038461538461538464 0.09134615384615384
0 0.43810096153846156 0.7013221153846154 0.039663461538461536 0.08533653846153846
0 0.3936298076923077 0.6502403846153846 0.027644230769230768 0.06009615384615385
0 0.4891826923076923 0.26622596153846156 0.040865384615384616 0.06610576923076923
0 0.28846153846153844 0.4405048076923077 0.038461538461538464 0.078125
0 0.1141826923076923 0.8275240384615384 0.0985576923076923 0.11658653846153846
0 0.140625 0.40564903846153844 0.040865384615384616 0.08052884615384616
0 0.8611778846153846 0.5673076923076923 0.039663461538461536 0.0673076923076923
0 0.8275240384615384 0.7205528846153846 0.04447115384615385 0.08533653846153846
0 0.8269230769230769 0.8131009615384616 0.04326923076923077 0.09735576923076923
1 0.08713942307692307 0.18810096153846154 0.04927884615384615 0.04447115384615385
1 0.039663461538461536 0.30709134615384615 0.026442307692307692 0.08052884615384616
1 0.037259615384615384 0.4561298076923077 0.021634615384615384 0.08052884615384616
1 0.03786057692307692 0.6021634615384616 0.027644230769230768 0.09375
1 0.2704326923076923 0.7884615384615384 0.14182692307692307 0.04807692307692308
1 0.2548076923076923 0.18449519230769232 0.07211538461538461 0.042067307692307696
0 0.14182692307692307 0.16105769230769232 0.04326923076923077 0.08653846153846154
0 0.8641826923076923 0.5006009615384616 0.036057692307692304 0.05889423076923077
0 0.7133413461538461 0.32872596153846156 0.037259615384615384 0.08052884615384616
0 0.7223557692307693 0.16346153846153846 0.036057692307692304 0.09134615384615384
0 0.7019230769230769 0.25060096153846156 0.038461538461538464 0.078125
1 0.9465144230769231 0.47896634615384615 0.018028846153846152 0.0829326923076923
1 0.3858173076923077 0.7842548076923077 0.04567307692307692 0.04447115384615385
1 0.5168269230769231 0.7848557692307693 0.08173076923076923 0.055288461538461536
1 0.7608173076923077 0.7842548076923077 0.06490384615384616 0.04927884615384615
1 0.6412259615384616 0.7872596153846154 0.07091346153846154 0.040865384615384616
1 0.8876201923076923 0.7878605769230769 0.06850961538461539 0.046875
1 0.8569711538461539 0.18269230769230768 0.13701923076923078 0.038461538461538464
1 0.6490384615384616 0.18509615384615385 0.052884615384615384 0.04807692307692308
1 0.3407451923076923 0.18209134615384615 0.07091346153846154 0.042067307692307696
1 0.5282451923076923 0.18389423076923078 0.07572115384615384 0.055288461538461536
1 0.4266826923076923 0.1856971153846154 0.07451923076923077 0.04447115384615385
