0 0.2824519230769231 0.59375 0.08413461538461539 0.07211538461538461
1 0.2692307692307692 0.026442307692307692 0.10576923076923077 0.04807692307692308
0 0.5264423076923077 0.7355769230769231 0.09615384615384616 0.1201923076923077
0 0.27163461538461536 0.7980769230769231 0.09615384615384616 0.125
0 0.7908653846153846 0.6153846153846154 0.10576923076923077 0.08653846153846154
0 0.36899038461538464 0.33653846153846156 0.0889423076923077 0.09134615384615384
1 0.5913461538461539 0.027644230769230768 0.21634615384615385 0.052884615384615384
1 0.7596153846153846 0.10096153846153846 0.057692307692307696 0.10096153846153846
1 0.7596153846153846 0.40384615384615385 0.0673076923076923 0.1778846153846154
1 0.7596153846153846 0.7788461538461539 0.057692307692307696 0.09375
0 0.31490384615384615 0.6274038461538461 0.09134615384615384 0.09134615384615384
