0 0.2403846153846154 0.49278846153846156 0.07211538461538461 0.09615384615384616
1 0.8052884615384616 0.9543269230769231 0.08653846153846154 0.0625
0 0.11538461538461539 0.31971153846153844 0.07211538461538461 0.10096153846153846
0 0.22235576923076922 0.39302884615384615 0.06971153846153846 0.10817307692307693
0 0.3954326923076923 0.7980769230769231 0.06971153846153846 0.10576923076923077
0 0.34375 0.30528846153846156 0.07211538461538461 0.11538461538461539
0 0.7019230769230769 0.15625 0.0673076923076923 0.125
0 0.6983173076923077 0.31009615384615385 0.07932692307692307 0.11538461538461539
0 0.7716346153846154 0.4567307692307692 0.08173076923076923 0.10096153846153846
0 0.7259615384615384 0.5673076923076923 0.07211538461538461 0.09615384615384616
0 0.7151442307692307 0.7103365384615384 0.06490384615384616 0.0985576923076923
0 0.8713942307692307 0.6971153846153846 0.055288461538461536 0.09134615384615384
1 0.53125 0.9639423076923077 0.16346153846153846 0.04807692307692308
1 0.25 0.9615384615384616 0.10096153846153846 0.052884615384615384
1 0.1466346153846154 0.5120192307692307 0.03365384615384615 0.0625
1 0.23557692307692307 0.19230769230769232 0.08173076923076923 0.057692307692307696
1 0.5084134615384616 0.19230769230769232 0.12740384615384615 0.057692307692307696
1 0.8413461538461539 0.1875 0.08653846153846154 0.0625
