1 0.65 0.2822222222222222 0.056666666666666664 0.035555555555555556
1 0.4475 0.5088888888888888 0.02666666666666667 0.11333333333333333
1 0.4475 0.74 0.023333333333333334 0.11333333333333333
1 0.37416666666666665 0.28 0.058333333333333334 0.02666666666666667
1 0.1075 0.2822222222222222 0.13833333333333334 0.028888888888888888
1 0.035 0.7777777777777778 0.02666666666666667 0.1111111111111111
0 0.8783333333333333 0.47888888888888886 0.056666666666666664 0.08666666666666667
0 0.7008333333333333 0.4011111111111111 0.06833333333333333 0.07777777777777778
0 0.6958333333333333 0.6333333333333333 0.05 0.06222222222222222
0 0.49416666666666664 0.25555555555555554 0.06 0.08666666666666667
0 0.43333333333333335 0.37555555555555553 0.058333333333333334 0.07333333333333333
0 0.255 0.79 0.043333333333333335 0.06222222222222222
0 0.09833333333333333 0.8133333333333334 0.055 0.07333333333333333
0 0.14 0.61 0.043333333333333335 0.06444444444444444
0 0.09916666666666667 0.6111111111111112 0.045 0.06444444444444444
1 0.965 0.5722222222222222 0.02 0.08
1 0.87 0.2833333333333333 0.065 0.035555555555555556
1 0.5341666666666667 0.3711111111111111 0.021666666666666667 0.051111111111111114
