1 0.34981666666666666 0.7175999999999999 0.056333333333333326 0.03617777777777778
1 0.552175 0.4908888888888889 0.027116666666666667 0.11404444444444445
1 0.552175 0.2600222222222222 0.022949999999999998 0.11404444444444445
1 0.6262416666666667 0.7196888888888889 0.058416666666666665 0.026444444444444444
1 0.8927499999999999 0.7183 0.13873333333333332 0.029222222222222222
1 0.9647333333333333 0.22247777777777777 0.02606666666666667 0.11126666666666667
0 0.12189166666666668 0.5208111111111111 0.057383333333333335 0.08762222222222223
0 0.2992166666666667 0.5993888888888889 0.0678 0.07788888888888888
0 0.3039166666666667 0.36711111111111117 0.05006666666666666 0.0612
0 0.5057583333333333 0.7447222222222222 0.05945 0.08762222222222223
0 0.566775 0.624411111111111 0.058416666666666665 0.07233333333333333
0 0.7446333333333333 0.20995555555555553 0.04276666666666667 0.0612
0 0.901625 0.1870111111111111 0.05424999999999999 0.07371111111111112
0 0.8599000000000001 0.3900666666666667 0.0438 0.06537777777777778
0 0.90105 0.3893666666666667 0.04496666666666667 0.06397777777777777
1 0.03530833333333334 0.42831111111111114 0.019816666666666666 0.08066666666666666
1 0.12971666666666667 0.7168999999999999 0.06466666666666666 0.034777777777777776
1 0.4661166666666667 0.6292888888888889 0.0219 0.05146666666666667
