0 0.5910467980295566 0.748273381294964 0.05071428571428571 0.10292565947242206
0 0.6492610837438424 0.47010791366906474 0.05142857142857143 0.10011990407673861
0 0.6474753694581281 0.5653717026378897 0.05499999999999999 0.09875299760191847
0 0.48248152709359604 0.39014388489208635 0.053559113300492615 0.10153477218225421
0 0.6999753694581281 0.6383932853717027 0.045714285714285714 0.09458033573141486
0 0.5924753694581281 0.830959232613909 0.04928571428571429 0.09611510791366906
1 0.15321428571428572 0.196810551558753 0.022142857142857145 0.21280575539568344
1 0.22427955665024632 0.08484412470023982 0.10141625615763546 0.05007194244604316
1 0.35355911330049256 0.08206235011990408 0.05285714285714286 0.04729016786570743
1 0.532832512315271 0.0848441247002398 0.07428571428571429 0.04729016786570743
1 0.7121182266009852 0.0890167865707434 0.07285714285714286 0.05007194244604316
1 0.15107142857142858 0.6279616306954436 0.020714285714285716 0.14604316546762589
0 0.1742857142857143 0.4339448441247002 0.05285714285714286 0.10568345323741007
0 0.1310714285714286 0.4395083932853717 0.05071428571428571 0.1084652278177458
0 0.5249815270935961 0.6460431654676259 0.05570197044334975 0.07928057553956835
