0 0.5911330049261084 0.7482014388489209 0.050492610837438424 0.10311750599520383
0 0.6490147783251231 0.47002398081534774 0.05172413793103448 0.10071942446043165
0 0.6477832512315271 0.565947242206235 0.05541871921182266 0.09832134292565947
0 0.4827586206896552 0.38968824940047964 0.05295566502463054 0.10071942446043165
0 0.7001231527093597 0.6378896882494005 0.04556650246305419 0.09352517985611511
0 0.5923645320197044 0.8309352517985612 0.04926108374384237 0.09592326139088729
1 0.15332512315270935 0.19664268585131894 0.022167487684729065 0.21342925659472423
1 0.22413793103448276 0.08513189448441247 0.10098522167487685 0.050359712230215826
1 0.35344827586206895 0.0815347721822542 0.05295566502463054 0.047961630695443645
1 0.5326354679802956 0.08513189448441247 0.07389162561576355 0.047961630695443645
1 0.7118226600985221 0.08872901678657075 0.07266009852216748 0.050359712230215826
1 0.15086206896551724 0.6282973621103117 0.020935960591133004 0.14628297362110312
0 0.17426108374384236 0.434052757793765 0.05295566502463054 0.10551558752997602
0 0.1311576354679803 0.44004796163069543 0.050492610837438424 0.1079136690647482
0 0.5252463054187192 0.6462829736211031 0.05541871921182266 0.07913669064748201
