0 0.6598557692307693 0.5516826923076923 0.06009615384615385 0.09375
0 0.9254807692307693 0.5324519230769231 0.07692307692307693 0.11298076923076923
0 0.5793269230769231 0.18990384615384615 0.057692307692307696 0.19230769230769232
0 0.8449519230769231 0.5372596153846154 0.06490384615384616 0.10817307692307693
0 0.5721153846153846 0.5552884615384616 0.0625 0.08653846153846154
0 0.71875 0.6165865384615384 0.0625 0.0985576923076923
0 0.2548076923076923 0.53125 0.1201923076923077 0.09615384615384616
1 0.25240384615384615 0.3629807692307692 0.03365384615384615 0.23557692307692307
1 0.9014423076923077 0.7572115384615384 0.038461538461538464 0.1971153846153846
1 0.8990384615384616 0.31009615384615385 0.04326923076923077 0.17307692307692307
1 0.6526442307692307 0.19230769230769232 0.10817307692307693 0.057692307692307696
0 0.5685096153846154 0.7932692307692307 0.06009615384615385 0.09134615384615384
1 0.25841346153846156 0.7379807692307693 0.040865384615384616 0.20673076923076922
