0 0.5216346153846154 0.234375 0.08173076923076923 0.13221153846153846
0 0.6622596153846154 0.5432692307692307 0.06971153846153846 0.10576923076923077
0 0.42908653846153844 0.328125 0.09375 0.13701923076923078
0 0.5168269230769231 0.054086538461538464 0.08173076923076923 0.10817307692307693
0 0.19951923076923078 0.7307692307692307 0.08653846153846154 0.125
1 0.04807692307692308 0.25961538461538464 0.057692307692307696 0.2644230769230769
1 0.9663461538461539 0.6538461538461539 0.057692307692307696 0.4182692307692308
1 0.6105769230769231 0.9399038461538461 0.10096153846153846 0.08653846153846154
1 0.4338942307692308 0.9302884615384616 0.2620192307692308 0.08653846153846154
0 0.7259615384615384 0.4567307692307692 0.09134615384615384 0.1201923076923077
0 0.12980769230769232 0.34975961538461536 0.07211538461538461 0.11298076923076923
0 0.11778846153846154 0.7319711538461539 0.08653846153846154 0.13221153846153846
1 0.9675480769230769 0.23317307692307693 0.055288461538461536 0.19230769230769232
