0 0.5348557692307693 0.8786057692307693 0.10817307692307693 0.12740384615384615
0 0.6237980769230769 0.7680288461538461 0.0985576923076923 0.12259615384615384
0 0.8125 0.7469951923076923 0.09134615384615384 0.1045673076923077
1 0.21754807692307693 0.39783653846153844 0.1658653846153846 0.06971153846153846
1 0.5625 0.11298076923076923 0.16826923076923078 0.0673076923076923
1 0.8227163461538461 0.10757211538461539 0.17427884615384615 0.06610576923076923
0 0.34615384615384615 0.328125 0.08653846153846154 0.13701923076923078
0 0.4375 0.31971153846153844 0.09615384615384616 0.12980769230769232
0 0.3641826923076923 0.6412259615384616 0.10817307692307693 0.13341346153846154
0 0.39302884615384615 0.3125 0.19951923076923078 0.1346153846153846
