0 0.4651442307692308 0.12139423076923077 0.10817307692307693 0.12740384615384615
0 0.3762019230769231 0.23197115384615385 0.0985576923076923 0.12259615384615384
0 0.1875 0.25240384615384615 0.09134615384615384 0.10576923076923077
1 0.7824519230769231 0.6021634615384616 0.1658653846153846 0.06971153846153846
1 0.4375 0.8870192307692307 0.16826923076923078 0.0673076923076923
1 0.1778846153846154 0.8918269230769231 0.17307692307692307 0.0673076923076923
0 0.6538461538461539 0.671875 0.08653846153846154 0.13701923076923078
0 0.5625 0.6802884615384616 0.09615384615384616 0.12980769230769232
0 0.6358173076923077 0.3581730769230769 0.10817307692307693 0.1346153846153846
0 0.6069711538461539 0.6875 0.19951923076923078 0.1346153846153846
