1 0.10336538461538461 0.2692307692307692 0.057692307692307696 0.09134615384615384
1 0.5456730769230769 0.20673076923076922 0.15384615384615385 0.057692307692307696
1 0.10336538461538461 0.7572115384615384 0.0625 0.09615384615384616
0 0.4423076923076923 0.18269230769230768 0.09615384615384616 0.09134615384615384
0 0.6310096153846154 0.8004807692307693 0.07932692307692307 0.0625
0 0.8413461538461539 0.6802884615384616 0.09615384615384616 0.07211538461538461
0 0.5673076923076923 0.6923076923076923 0.07692307692307693 0.0625
0 0.45072115384615385 0.7572115384615384 0.07451923076923077 0.07211538461538461
1 0.10336538461538461 0.6370192307692307 0.057692307692307696 0.08653846153846154
1 0.2704326923076923 0.19951923076923078 0.23317307692307693 0.052884615384615384
0 0.3557692307692308 0.7524038461538461 0.07211538461538461 0.0673076923076923
