1 0.2620232172470978 0.761640798226164 0.009950248756218905 0.03325942350332594
1 0.572139303482587 0.4955654101995565 0.05472636815920398 0.022172949002217297
1 0.43283582089552236 0.4955654101995565 0.05306799336650083 0.024390243902439025
1 0.3341625207296849 0.49889135254988914 0.05472636815920398 0.024390243902439025
0 0.31923714759535654 0.802660753880266 0.03482587064676617 0.037694013303769404
0 0.2769485903814262 0.7849223946784922 0.024875621890547265 0.03547671840354767
1 0.6600331674958541 0.33592017738359203 0.011608623548922056 0.09090909090909091
1 0.5646766169154229 0.8614190687361419 0.05306799336650083 0.022172949002217297
1 0.4684908789386401 0.8614190687361419 0.05804311774461028 0.019955654101995565
1 0.39552238805970147 0.8614190687361419 0.05140961857379768 0.017738359201773836
1 0.2620232172470978 0.8159645232815964 0.014925373134328358 0.04656319290465632
0 0.6509121061359867 0.43458980044345896 0.03482587064676617 0.037694013303769404
0 0.736318407960199 0.14523281596452328 0.03814262023217247 0.06208425720620843
0 0.6956882255389718 0.14412416851441243 0.04311774461028192 0.06208425720620843
0 0.5074626865671642 0.5099778270509978 0.03482587064676617 0.03547671840354767
0 0.44776119402985076 0.720620842572062 0.026533996683250415 0.04434589800443459
0 0.5290215588723052 0.7172949002217295 0.029850746268656716 0.03547671840354767
0 0.5356550580431177 0.6707317073170732 0.024875621890547265 0.03325942350332594
0 0.5887230514096186 0.6374722838137472 0.024875621890547265 0.03991130820399113
0 0.533167495854063 0.6319290465631929 0.03316749585406302 0.04212860310421286
0 0.36069651741293535 0.8702882483370288 0.03482587064676617 0.03991130820399113
