1 0.1089818491208168 0.1563958560523446 0.013743618831537152 0.09318429661941112
1 0.4649035734543392 0.15222464558342422 0.015195689166193987 0.17384950926935658
1 0.4645433919455474 0.5075845147219192 0.01591605218377765 0.17246455834242094
1 0.4645433919455474 0.6953435114503816 0.013023255813953489 0.06676117775354416
1 0.32492342597844587 0.8073064340239914 0.034724900737379466 0.023642311886586696
1 0.16504821327283042 0.8100872410032716 0.04774815655133296 0.034765539803707744
1 0.015300623936471924 0.8580643402399127 0.0159103800340329 0.06954198473282443
1 0.6283947816222349 0.15570338058887678 0.015190017016449234 0.08900763358778627
1 0.6283976176971072 0.3483315158124319 0.013743618831537152 0.09596510359869138
1 0.628757799205899 0.6411014176663032 0.01591605218377765 0.08900763358778627
1 0.6746937039137834 0.8107797164667394 0.03689733408961996 0.03058887677208288
1 0.8588031764038571 0.807998909487459 0.04918888258650028 0.03058887677208288
1 0.9832331253545094 0.6320556161395856 0.01591605218377765 0.05702290076335878
1 0.9835933068633013 0.512453653217012 0.012302892796369825 0.09040348964013087
1 0.9839534883720931 0.3344220283533261 0.013023255813953489 0.0625845147219193
1 0.9835933068633013 0.19116684841875684 0.013743618831537152 0.18220283533260634
0 0.2601786727169597 0.26627044711014175 0.042682926829268296 0.09596510359869138
0 0.47973340896199657 0.2697546346782988 0.05064095292115712 0.08066521264994547
0 0.22943278502552467 0.3900599781897492 0.04918888258650028 0.08206106870229007
0 0.20845433919455472 0.5611286804798254 0.0477424844015882 0.08762268266085059
0 0.26994327850255245 0.7607088331515812 0.05064095292115712 0.08344601962922574
0 0.3661599546228021 0.7697491821155944 0.040510493477027794 0.06815703380588876
0 0.246069200226886 0.842071973827699 0.05064095292115712 0.10708833151581243
0 0.12345433919455473 0.8893620501635768 0.047022121384004543 0.08206106870229007
0 0.7803148043108338 0.2690567066521265 0.04557572319909245 0.09597600872410034
0 0.8219115144639818 0.35667393675027265 0.05353374929098128 0.08484187568157034
0 0.8204622802041973 0.506886586695747 0.04919455473624504 0.08206106870229007
0 0.7481225184344867 0.4721155943293348 0.04629608621667612 0.08205016357688114
0 0.7795887691435054 0.6007688113413304 0.04557572319909245 0.09458015267175574
