1 0.680941576857629 0.5676117775354417 0.09018718094157686 0.029443838604143947
1 0.49602949517867273 0.5681570338058888 0.08961996596710153 0.030534351145038167
1 0.3984685195689166 0.5681570338058888 0.03460011344299489 0.025081788440567066
1 0.340045377197958 0.836423118865867 0.012478729438457176 0.06652126499454744
1 0.6789563244469654 0.2529989094874591 0.046511627906976744 0.029443838604143947
1 0.5788428814520703 0.2529989094874591 0.049914917753828704 0.026172300981461286
1 0.42654566080544526 0.252453653217012 0.046511627906976744 0.030534351145038167
1 0.33834373227453207 0.16412213740458015 0.01588201928530913 0.07088331515812432
0 0.6216676120249575 0.9601962922573609 0.049914917753828704 0.07960741548527808
0 0.6196823596142939 0.5387131952017448 0.04197390811117414 0.0970556161395856
0 0.557288712422008 0.9863685932388222 0.04254112308564946 0.027262813522355506
0 0.36443562110039707 0.9422028353326063 0.04367555303460011 0.0970556161395856
0 0.35961429381735677 0.757360959651036 0.03516732841747022 0.07742639040348964
0 0.3221781055019853 0.9694656488549618 0.055587067498581964 0.061068702290076333
0 0.5141803743618831 0.03380588876772083 0.04254112308564946 0.06761177753544166
