1 0.13007025761124122 0.6467946257197696 0.04074941451990632 0.08621880998080615
1 0.78596018735363 0.6579270633397313 0.04583138173302108 0.11404990403071018
1 0.7842622950819673 0.7219001919385796 0.028852459016393443 0.025028790786948175
1 0.78596018735363 0.106468330134357 0.04241217798594848 0.09040307101727448
1 0.7901990632318502 0.25388675623800383 0.033934426229508194 0.026429942418426104
1 0.7902107728337237 0.2817082533589252 0.03733021077283372 0.034779270633397315
1 0.7902107728337237 0.32481765834932824 0.044121779859484775 0.05980806142034549
1 0.7868032786885246 0.40619001919385794 0.033934426229508194 0.02781190019193858
1 0.7885128805620609 0.4611228406909789 0.033934426229508194 0.09318618042226487
0 0.40668618266978923 0.7337236084452976 0.07468384074941452 0.043109404990403076
1 0.128384074941452 0.2705854126679462 0.044121779859484775 0.07092130518234166
1 0.12497658079625293 0.31786948176583496 0.04072599531615925 0.034779270633397315
1 0.13176814988290397 0.4451247600767754 0.047517564402810304 0.089021113243762
1 0.12667447306791568 0.4972936660268715 0.03733021077283372 0.0236468330134357
1 0.12752927400468383 0.5967274472168905 0.03903981264637003 0.02504798464491363
0 0.8470491803278688 0.7184261036468329 0.05259953161592506 0.03754318618042226
0 0.3226814988290398 0.6092514395393475 0.06278688524590163 0.06119001919385796
0 0.3252224824355972 0.48963531669865645 0.057704918032786885 0.038925143953934746
0 0.40922716627634664 0.2879654510556622 0.06281030444964872 0.04172744721689059
0 0.5594145199063232 0.18783109404990403 0.057704918032786885 0.03616122840690979
0 0.7121428571428571 0.1864299424184261 0.057681498829039814 0.03616122840690979
0 0.7630444964871195 0.17044145873320538 0.05091334894613583 0.043109404990403076
0 0.8121779859484778 0.16975047984644914 0.05447306791569087 0.0472936660268714
0 0.6697072599531615 0.36515355086372364 0.047517564402810304 0.04589251439539348
0 0.7647540983606558 0.5786468330134357 0.05091334894613583 0.06120921305182342
0 0.8148009367681499 0.5779558541266795 0.05939110070257611 0.06259117082533588
