1 0.32084309133489464 0.8032629558541267 0.1053864168618267 0.03262955854126679
1 0.30679156908665106 0.2658349328214971 0.13817330210772832 0.03838771593090211
1 0.22950819672131148 0.2667946257197697 0.03044496487119438 0.023032629558541268
1 0.9625292740046838 0.2648752399232246 0.07494145199063232 0.0345489443378119
1 0.7997658079625293 0.2619961612284069 0.03278688524590164 0.026871401151631478
1 0.765807962529274 0.2619961612284069 0.04215456674473068 0.030710172744721688
1 0.7142857142857143 0.2619961612284069 0.07259953161592506 0.036468330134357005
1 0.6147540983606558 0.2648752399232246 0.03278688524590164 0.026871401151631478
1 0.5480093676814989 0.263915547024952 0.11475409836065574 0.026871401151631478
0 0.21428571428571427 0.5767754318618042 0.05152224824355972 0.061420345489443376
1 0.7798594847775175 0.8042226487523992 0.08665105386416862 0.036468330134357005
1 0.7224824355971897 0.8071017274472169 0.04215456674473068 0.03262955854126679
1 0.5667447306791569 0.8013435700575816 0.10772833723653395 0.03838771593090211
1 0.5035128805620609 0.8061420345489443 0.02810304449648712 0.030710172744721688
1 0.38173302107728335 0.8051823416506718 0.03044496487119438 0.03262955854126679
0 0.23302107728337237 0.21593090211132437 0.0468384074941452 0.04222648752399232
0 0.3665105386416862 0.6449136276391555 0.07494145199063232 0.05182341650671785
0 0.5128805620608899 0.6429942418426103 0.0468384074941452 0.04798464491362764
0 0.7587822014051522 0.5748560460652591 0.05152224824355972 0.05182341650671785
0 0.8805620608899297 0.4510556621880998 0.04449648711943794 0.04798464491362764
0 0.882903981264637 0.32629558541266795 0.04449648711943794 0.04798464491362764
0 0.9016393442622951 0.2840690978886756 0.05152224824355972 0.04222648752399232
0 0.9028103044496487 0.2437619961612284 0.0585480093676815 0.044145873320537425
0 0.6651053864168618 0.36084452975047987 0.05620608899297424 0.03838771593090211
0 0.40398126463700235 0.28310940499040305 0.07494145199063232 0.04222648752399232
0 0.405152224824356 0.2418426103646833 0.07728337236533958 0.04798464491362764
