0 0.4593253968253968 0.7647058823529411 0.08333333333333333 0.06025824964131994
0 0.7748015873015873 0.6420373027259685 0.09126984126984126 0.07173601147776183
0 0.9434523809523809 0.5738880918220947 0.1130952380952381 0.0746054519368723
0 0.9791666666666666 0.6965566714490674 0.041666666666666664 0.07604017216642754
0 0.9503968253968254 0.42754662840746055 0.0992063492063492 0.07173601147776183
1 0.05357142857142857 0.3637015781922525 0.10714285714285714 0.035868005738880916
1 0.9067460317460317 0.672883787661406 0.041666666666666664 0.09038737446197992
1 0.32341269841269843 0.36226685796269725 0.16666666666666666 0.03873744619799139
0 0.19246031746031747 0.33931133428981347 0.10912698412698413 0.08751793400286945
0 0.14484126984126985 0.6614060258249641 0.09523809523809523 0.07747489239598278
0 0.16170634920634921 0.7783357245337159 0.09523809523809523 0.06886657101865136
0 0.36507936507936506 0.5882352941176471 0.09126984126984126 0.07604017216642754
0 0.5634920634920635 0.5896700143472023 0.09126984126984126 0.0703012912482066
