1 0.4034608378870674 0.16044776119402984 0.04371584699453552 0.0472636815920398
1 0.33788706739526414 0.15796019900497513 0.0965391621129326 0.04975124378109453
1 0.2568306010928962 0.26616915422885573 0.0273224043715847 0.16666666666666666
1 0.25591985428051 0.3855721393034826 0.029143897996357013 0.0845771144278607
1 0.25774134790528236 0.7338308457711443 0.03278688524590164 0.24378109452736318
1 0.4562841530054645 0.9527363184079602 0.04735883424408015 0.04228855721393035
1 0.9052823315118397 0.8097014925373134 0.03642987249544627 0.19402985074626866
1 0.9043715846994536 0.6417910447761194 0.03460837887067395 0.06716417910447761
1 0.8224043715846995 0.5907960199004975 0.1366120218579235 0.04477611940298507
1 0.5373406193078324 0.5883084577114428 0.04371584699453552 0.0472636815920398
1 0.35974499089253187 0.585820895522388 0.1366120218579235 0.04975124378109453
1 0.7941712204007286 0.15920398009950248 0.07103825136612021 0.04975124378109453
1 0.9025500910746812 0.43159203980099503 0.03825136612021858 0.09203980099502487
1 0.9061930783242259 0.2524875621890547 0.030965391621129327 0.14676616915422885
0 0.24043715846994534 0.8905472636815921 0.07285974499089254 0.08706467661691543
0 0.6958105646630237 0.7201492537313433 0.061930783242258654 0.08706467661691543
0 0.7504553734061931 0.7114427860696517 0.06557377049180328 0.0845771144278607
0 0.49089253187613846 0.36069651741293535 0.061930783242258654 0.07960199004975124
0 0.4408014571948998 0.2873134328358209 0.06375227686703097 0.08208955223880597
0 0.5245901639344263 0.277363184079602 0.0546448087431694 0.07711442786069651
0 0.6347905282331512 0.277363184079602 0.0546448087431694 0.07711442786069651
0 0.6830601092896175 0.2922885572139303 0.052823315118397086 0.07213930348258707
0 0.6411657559198543 0.4228855721393035 0.058287795992714025 0.07462686567164178
0 0.7777777777777778 0.4166666666666667 0.0546448087431694 0.07462686567164178
0 0.855191256830601 0.12686567164179105 0.06375227686703097 0.08955223880597014
0 0.5282331511839709 0.12935323383084577 0.0546448087431694 0.07960199004975124
0 0.23861566484517305 0.4626865671641791 0.06375227686703097 0.07960199004975124
