1 0.19003378378378377 0.4092827004219409 0.13682432432432431 0.035161744022503515
0 0.5025337837837838 0.7264416315049227 0.060810810810810814 0.05063291139240506
0 0.7179054054054054 0.630098452883263 0.06756756756756757 0.06188466947960619
0 0.8386824324324325 0.4620253164556962 0.07432432432432433 0.05485232067510549
0 0.8386824324324325 0.5745428973277075 0.08108108108108109 0.06469760900140648
0 0.875 0.6751054852320675 0.060810810810810814 0.05907172995780591
1 0.0929054054054054 0.6652601969057665 0.033783783783783786 0.07735583684950774
1 0.09543918918918919 0.4866385372714487 0.04222972972972973 0.11251758087201125
1 0.40540540540540543 0.409985935302391 0.11317567567567567 0.03375527426160337
0 0.3158783783783784 0.3860759493670886 0.0777027027027027 0.06891701828410689
1 0.8116554054054054 0.6533052039381153 0.037162162162162164 0.07454289732770746
0 0.4375 0.5886075949367089 0.06756756756756757 0.06047819971870605
0 0.2981418918918919 0.739803094233474 0.07263513513513513 0.05485232067510549
0 0.28547297297297297 0.6462728551336147 0.06418918918918919 0.05907172995780591
0 0.5743243243243243 0.590014064697609 0.07094594594594594 0.057665260196905765
