0 0.6424221921515562 0.2849686847599165 0.05412719891745602 0.06993736951983298
0 0.5896481732070366 0.34237995824634654 0.046008119079837616 0.061586638830897704
0 0.18403247631935046 0.778705636743215 0.060216508795669824 0.10334029227557412
0 0.16813261163734777 0.5292275574112735 0.052097428958051424 0.0824634655532359
0 0.2564276048714479 0.1487473903966597 0.06292286874154263 0.10334029227557412
1 0.6759133964817321 0.11899791231732777 0.10081190798376184 0.024008350730688934
1 0.7256427604871448 0.7453027139874739 0.10757780784844384 0.021920668058455117
1 0.9756427604871448 0.44572025052192066 0.016914749661705007 0.13778705636743216
1 0.14208389715832206 0.02139874739039666 0.09945872801082543 0.032359081419624215
1 0.37821380243572394 0.020876826722338204 0.09945872801082543 0.028183716075156576
1 0.014884979702300407 0.49582463465553234 0.014208389715832206 0.09290187891440502
1 0.14783491204330176 0.8836116910229646 0.016914749661705007 0.06263048016701461
1 0.2476319350473613 0.9441544885177453 0.05953991880920163 0.033402922755741124
1 0.2740189445196211 0.9117954070981211 0.016914749661705007 0.06263048016701461
1 0.38599458728010827 0.7406054279749478 0.09269282814614344 0.024008350730688934
1 0.4766576454668471 0.5610647181628392 0.016238159675236806 0.11795407098121086
1 0.9749661705006766 0.3094989561586639 0.018267929634641408 0.1409185803757829
1 0.14783491204330176 0.6863256784968684 0.015561569688768605 0.10438413361169102
1 0.22124492557510148 0.5673277661795407 0.01962110960757781 0.14509394572025053
1 0.18673883626522328 0.4232776617954071 0.07645466847090664 0.026096033402922755
0 0.6935047361299053 0.6487473903966597 0.05480378890392422 0.0824634655532359
0 0.7510148849797023 0.56419624217119 0.07510148849797023 0.1127348643006263
