0 0.6423985115020298 0.28511482254697285 0.054093369418132614 0.06954070981210857
0 0.5896617050067658 0.34213465553235906 0.04598105548037889 0.06120041753653445
0 0.18398849797023004 0.7788517745302714 0.060399188092016234 0.10292275574112734
0 0.16821380243572395 0.5292014613778706 0.052286874154262517 0.0820563674321503
0 0.2565595399188092 0.14881002087682674 0.06310554803788904 0.10292275574112734
1 0.675754397834912 0.11890918580375784 0.10096752368064953 0.023643006263048015
1 0.7257848443843031 0.7454697286012526 0.10728010825439784 0.022254697286012527
1 0.9755006765899866 0.44575156576200414 0.017131258457374832 0.13768267223382047
1 0.1420703653585927 0.02155010438413361 0.09916102841677943 0.0319937369519833
1 0.37826116373477675 0.02085594989561587 0.09916102841677943 0.027807933194154488
1 0.014959404600811908 0.4958194154488518 0.01442489851150203 0.09318371607515658
1 0.1479296346414073 0.8838622129436325 0.017131258457374832 0.06258872651356993
1 0.24754397834912042 0.9443632567849687 0.05949932341001353 0.03338204592901879
1 0.27414073071718537 0.9116753653444676 0.017131258457374832 0.06257828810020877
1 0.3859269282814614 0.7406002087682673 0.09285520974289581 0.023643006263048015
1 0.4765223274695534 0.5611899791231733 0.016224627875507443 0.11822546972860126
1 0.9750507442489851 0.3094519832985386 0.018031123139377537 0.1404697286012526
1 0.14793301759133964 0.6863622129436326 0.015324763193504735 0.10431106471816284
1 0.22140392422192148 0.5674478079331942 0.01983085250338295 0.14464509394572025
1 0.18669485791610285 0.42349686847599166 0.07662381596752368 0.02643006263048017
0 0.6933355886332883 0.6488100208768267 0.05499323410013532 0.08206680584551149
0 0.7510317997293641 0.5639718162839248 0.07482408660351828 0.11266179540709813
