0 0.35631067961165047 0.6262068965517241 0.09320388349514563 0.06620689655172414
0 0.8932038834951457 0.2579310344827586 0.1145631067961165 0.07172413793103448
1 0.1912621359223301 0.16344827586206898 0.04271844660194175 0.027586206896551724
1 0.09805825242718447 0.24758620689655172 0.04660194174757282 0.12413793103448276
1 0.09902912621359224 0.3786206896551724 0.03300970873786408 0.057931034482758624
1 0.09805825242718447 0.7020689655172414 0.04660194174757282 0.1296551724137931
1 0.10097087378640776 0.5503448275862068 0.04854368932038835 0.1006896551724138
0 0.06019417475728155 0.44551724137931037 0.1203883495145631 0.07172413793103448
0 0.470873786407767 0.3096551724137931 0.0912621359223301 0.07724137931034483
0 0.49902912621359224 0.2413793103448276 0.07766990291262135 0.05241379310344828
0 0.6339805825242718 0.35724137931034483 0.08932038834951456 0.06482758620689655
0 0.9640776699029127 0.3593103448275862 0.07184466019417475 0.0703448275862069
