1 0.7232815533980582 0.06190344827586207 0.3798446601941748 0.04311724137931035
0 0.3219029126213592 0.39777931034482755 0.09398058252427184 0.06675862068965517
0 0.6655242718446601 0.9353379310344828 0.0998640776699029 0.08761379310344829
0 0.8407572815533981 0.7795655172413793 0.1018252427184466 0.0820551724137931
1 0.2788252427184466 0.0626 0.3563300970873786 0.04451034482758621
1 0.9738932038834952 0.280951724137931 0.039165048543689324 0.03059310344827586
1 0.8554368932038835 0.21419310344827586 0.174252427184466 0.033379310344827585
1 0.6704174757281554 0.2148965517241379 0.08223300970873787 0.023641379310344827
1 0.21519417475728153 0.21419310344827586 0.1820776699029126 0.033379310344827585
1 0.4295922330097088 0.21628275862068963 0.14097087378640777 0.034772413793103446
0 0.5764368932038834 0.1842896551724138 0.10180582524271845 0.09318620689655173
0 0.7683203883495145 0.479151724137931 0.10965048543689321 0.06536551724137932
0 0.864252427184466 0.49931724137931033 0.07440776699029127 0.05562758620689655
0 0.7007669902912621 0.5952827586206896 0.09201941747572816 0.06397241379310345
0 0.6968446601941748 0.8372827586206898 0.0998640776699029 0.06675862068965517
