1 0.8006681514476615 0.990632318501171 0.18040089086859687 0.01873536299765808
1 0.5812917594654788 0.9894613583138173 0.09799554565701558 0.02107728337236534
1 0.22605790645879734 0.15807962529274006 0.0400890868596882 0.19437939110070257
1 0.22494432071269488 0.45901639344262296 0.0378619153674833 0.18969555035128804
1 0.07461024498886415 0.8313817330210773 0.026726057906458798 0.2693208430913349
1 0.22494432071269488 0.8770491803278688 0.035634743875278395 0.1756440281030445
0 0.7193763919821826 0.6334894613583139 0.07349665924276169 0.08430913348946135
0 0.6347438752783965 0.6323185011709602 0.0779510022271715 0.0936768149882904
0 0.765033407572383 0.4859484777517564 0.08908685968819599 0.08430913348946135
0 0.8429844097995546 0.25878220140515223 0.0935412026726058 0.08430913348946135
0 0.765033407572383 0.25878220140515223 0.0935412026726058 0.08665105386416862
0 0.7126948775055679 0.2388758782201405 0.066815144766147 0.0936768149882904
0 0.5501113585746102 0.2693208430913349 0.08240534521158129 0.07259953161592506
0 0.5512249443207127 0.37236533957845436 0.0801781737193764 0.07728337236533958
0 0.26280623608017817 0.747072599531616 0.0957683741648107 0.09133489461358314
0 0.18485523385300667 0.7540983606557377 0.0935412026726058 0.08665105386416862
