1 0.36528497409326427 0.10357583230579531 0.06347150259067358 0.01972872996300863
1 0.31088082901554404 0.10419235511713934 0.05310880829015544 0.018495684340320593
1 0.25971502590673573 0.10172626387176326 0.05829015544041451 0.02096177558569667
1 0.3963730569948187 0.1997533908754624 0.02461139896373057 0.08877928483353884
1 0.39248704663212436 0.3526510480887793 0.018134715025906734 0.04438964241676942
1 0.39248704663212436 0.4432799013563502 0.018134715025906734 0.04438964241676942
1 0.36204663212435234 0.7151664611590629 0.05829015544041451 0.02096177558569667
1 0.30505181347150256 0.7163995067817509 0.06088082901554404 0.018495684340320593
1 0.39313471502590674 0.7700369913686806 0.022020725388601035 0.05795314426633785
1 0.39378238341968913 0.815043156596794 0.02072538860103627 0.036991368680641186
1 0.3950777202072539 0.8618988902589396 0.02461139896373057 0.06165228113440197
1 0.8465025906735751 0.3477188655980271 0.02461139896373057 0.09864364981504316
1 0.844559585492228 0.18557336621454995 0.027202072538860103 0.09741060419235512
1 0.8484455958549223 0.6757090012330457 0.018134715025906734 0.051787916152897656
1 0.8452072538860104 0.8236744759556104 0.02072538860103627 0.09001233045622688
0 0.37305699481865284 0.6775585696670777 0.06347150259067358 0.06288532675709001
0 0.37305699481865284 0.56288532675709 0.05699481865284974 0.05795314426633785
0 0.5965025906735751 0.5604192355117139 0.06217616580310881 0.059186189889025895
0 0.5926165803108808 0.44512946979038226 0.06088082901554404 0.05672009864364982
0 0.5939119170984456 0.3397040690505549 0.06735751295336788 0.06288532675709001
0 0.555699481865285 0.24722564734895192 0.06606217616580311 0.055487053020961775
0 0.6010362694300518 0.1966707768187423 0.050518134715025906 0.05055487053020962
0 0.6794041450777202 0.24722564734895192 0.06347150259067358 0.06165228113440197
0 0.6794041450777202 0.34648581997533906 0.06606217616580311 0.05672009864364982
0 0.7208549222797928 0.5900123304562269 0.06217616580310881 0.05672009864364982
0 0.7642487046632125 0.5215782983970407 0.06865284974093264 0.059186189889025895
0 0.8711139896373057 0.5197287299630087 0.06865284974093264 0.05795314426633785
