1 0.1175115207373272 0.5991803278688524 0.03840245775729647 0.08196721311475409
0 0.3740399385560676 0.5319672131147541 0.07526881720430108 0.08032786885245902
0 0.2073732718894009 0.5204918032786885 0.059907834101382486 0.06721311475409836
0 0.35944700460829493 0.4377049180327869 0.06144393241167435 0.06557377049180328
0 0.3763440860215054 0.30573770491803276 0.07987711213517665 0.09016393442622951
0 0.5614439324116743 0.3040983606557377 0.055299539170506916 0.05245901639344262
0 0.6067588325652842 0.3581967213114754 0.04608294930875576 0.07213114754098361
0 0.6674347158218126 0.3770491803278688 0.07526881720430108 0.07704918032786885
0 0.7242703533026114 0.46311475409836067 0.07373271889400922 0.07377049180327869
0 0.67357910906298 0.8434426229508196 0.06758832565284179 0.07540983606557378
0 0.7365591397849462 0.840983606557377 0.08294930875576037 0.07213114754098361
1 0.11827956989247312 0.851639344262295 0.03840245775729647 0.08032786885245902
1 0.11904761904761904 0.7877049180327869 0.03840245775729647 0.05573770491803279
1 0.1205837173579109 0.5385245901639344 0.03840245775729647 0.054098360655737705
1 0.11827956989247312 0.4426229508196721 0.03225806451612903 0.06557377049180328
1 0.3033794162826421 0.05327868852459016 0.09062980030721966 0.040983606557377046
1 0.37019969278033793 0.05327868852459016 0.0629800307219662 0.03934426229508197
1 0.7557603686635944 0.7827868852459017 0.059907834101382486 0.03770491803278689
1 0.8072196620583717 0.7819672131147541 0.053763440860215055 0.03114754098360656
1 0.6559139784946236 0.9598360655737705 0.07834101382488479 0.04590163934426229
1 0.5506912442396313 0.9606557377049181 0.1443932411674347 0.040983606557377046
