1 0.6660206718346253 0.8578732106339468 0.012919896640826873 0.21881390593047034
1 0.6647286821705426 0.6411042944785276 0.015503875968992248 0.18404907975460122
1 0.665374677002584 0.36400817995910023 0.016795865633074936 0.1574642126789366
1 0.66343669250646 0.11451942740286299 0.016795865633074936 0.22903885480572597
1 0.2661498708010336 0.10736196319018405 0.015503875968992248 0.2147239263803681
1 0.2661498708010336 0.37627811860940696 0.015503875968992248 0.1411042944785276
1 0.26744186046511625 0.6400817995910021 0.015503875968992248 0.20245398773006135
1 0.26744186046511625 0.8558282208588958 0.01808785529715762 0.2229038854805726
0 0.6369509043927648 0.7638036809815951 0.040051679586563305 0.06748466257668712
0 0.4334625322997416 0.7658486707566462 0.031007751937984496 0.05930470347648262
0 0.5161498708010336 0.7065439672801636 0.03488372093023256 0.06339468302658487
0 0.4005167958656331 0.9529652351738241 0.040051679586563305 0.05930470347648262
0 0.6770025839793282 0.25869120654396727 0.04521963824289406 0.06339468302658487
0 0.3850129198966408 0.026584867075664622 0.046511627906976744 0.053169734151329244
0 0.31007751937984496 0.25766871165644173 0.04521963824289406 0.05930470347648262
0 0.25452196382428943 0.2556237218813906 0.04521963824289406 0.05930470347648262
