1 0.23833333333333334 0.1793478260869565 0.028 0.1463768115942029
0 0.685 0.7380434782608696 0.064 0.07536231884057971
0 0.6386666666666667 0.7797101449275362 0.064 0.06376811594202898
0 0.8696666666666667 0.36086956521739133 0.068 0.07536231884057971
0 0.6406666666666667 0.37282608695652175 0.07066666666666667 0.06811594202898551
0 0.628 0.21992753623188405 0.068 0.06231884057971015
0 0.7046666666666667 0.16485507246376813 0.05266666666666667 0.05289855072463768
0 0.576 0.3039855072463768 0.056 0.06666666666666667
0 0.491 0.3032608695652174 0.05266666666666667 0.06521739130434782
0 0.356 0.3242753623188406 0.074 0.07681159420289856
0 0.24666666666666667 0.32355072463768114 0.07266666666666667 0.07753623188405798
0 0.4066666666666667 0.4380434782608696 0.068 0.06811594202898551
0 0.429 0.518840579710145 0.064 0.08768115942028985
0 0.20966666666666667 0.6920289855072463 0.05 0.06086956521739131
0 0.4103333333333333 0.7913043478260869 0.078 0.07391304347826087
1 0.843 0.7942028985507247 0.022 0.15434782608695652
1 0.8436666666666667 0.5695652173913044 0.020666666666666667 0.2528985507246377
1 0.8416666666666667 0.2818840579710145 0.019333333333333334 0.09202898550724638
1 0.8436666666666667 0.13007246376811593 0.023333333333333334 0.07246376811594203
1 0.42966666666666664 0.8684782608695653 0.019333333333333334 0.0891304347826087
1 0.23966666666666667 0.5869565217391305 0.018 0.1463768115942029
1 0.237 0.44710144927536233 0.023333333333333334 0.07246376811594203
