1 0.9356287425149701 0.5611471861471862 0.12275449101796407 0.022727272727272728
0 0.33682634730538924 0.31764069264069267 0.06736526946107785 0.05519480519480519
0 0.27245508982035926 0.31926406926406925 0.0658682634730539 0.05303030303030303
0 0.19535928143712575 0.36904761904761907 0.07634730538922156 0.049783549783549784
0 0.0875748502994012 0.36796536796536794 0.061377245508982034 0.049783549783549784
0 0.0815868263473054 0.4458874458874459 0.0688622754491018 0.049783549783549784
1 0.905688622754491 0.1774891774891775 0.08233532934131736 0.02813852813852814
1 0.8615269461077845 0.5606060606060606 0.04491017964071856 0.015151515151515152
1 0.38398203592814373 0.1737012987012987 0.07634730538922156 0.025974025974025976
1 0.23053892215568864 0.17424242424242425 0.09431137724550898 0.024891774891774892
1 0.9610778443113772 0.1737012987012987 0.03143712574850299 0.0183982683982684
0 0.9663173652694611 0.29707792207792205 0.05389221556886228 0.047619047619047616
0 0.9618263473053892 0.3538961038961039 0.04491017964071856 0.04220779220779221
0 0.8517964071856288 0.3003246753246753 0.04491017964071856 0.04004329004329004
0 0.34880239520958084 0.4967532467532468 0.058383233532934134 0.03787878787878788
0 0.2155688622754491 0.5048701298701299 0.06736526946107785 0.03463203463203463
0 0.3458083832335329 0.4485930735930736 0.05538922155688623 0.04220779220779221
0 0.29191616766467066 0.45075757575757575 0.05538922155688623 0.03463203463203463
0 0.35179640718562877 0.40476190476190477 0.05538922155688623 0.03787878787878788
