1 0.25815217391304346 0.4075342465753425 0.02355072463768116 0.0684931506849315
1 0.9021739130434783 0.24315068493150685 0.02717391304347826 0.13013698630136986
0 0.6902173913043478 0.3587328767123288 0.06159420289855073 0.05650684931506849
0 0.9293478260869565 0.8116438356164384 0.06702898550724638 0.0702054794520548
1 0.2572463768115942 0.7517123287671232 0.02717391304347826 0.125
1 0.25905797101449274 0.2405821917808219 0.02355072463768116 0.13013698630136986
1 0.9012681159420289 0.735445205479452 0.028985507246376812 0.09246575342465753
1 0.904891304347826 0.625 0.025362318840579712 0.1386986301369863
1 0.9039855072463768 0.4049657534246575 0.028985507246376812 0.13184931506849315
0 0.15942028985507245 0.6318493150684932 0.06521739130434782 0.0684931506849315
0 0.23731884057971014 0.6498287671232876 0.06702898550724638 0.06506849315068493
0 0.42391304347826086 0.7131849315068494 0.06521739130434782 0.0702054794520548
0 0.3677536231884058 0.6506849315068494 0.06884057971014493 0.06335616438356165
0 0.36141304347826086 0.5856164383561644 0.057971014492753624 0.04794520547945205
0 0.40307971014492755 0.3895547945205479 0.050724637681159424 0.046232876712328765
0 0.49094202898550726 0.3570205479452055 0.06702898550724638 0.0547945205479452
0 0.5579710144927537 0.3775684931506849 0.050724637681159424 0.0547945205479452
0 0.6159420289855072 0.3775684931506849 0.05253623188405797 0.05821917808219178
0 0.48731884057971014 0.2842465753424658 0.06702898550724638 0.05821917808219178
0 0.6902173913043478 0.2910958904109589 0.057971014492753624 0.0547945205479452
