1 0.2594057971014493 0.8574719101123596 0.08323671497584542 0.029213483146067417
1 0.1106280193236715 0.8567766853932584 0.06314975845410628 0.025042134831460672
1 0.45315458937198067 0.25941713483146067 0.11098550724637682 0.0236376404494382
1 0.7865893719806764 0.26081460674157303 0.11385507246376812 0.026432584269662922
1 0.92531884057971 0.2622050561797753 0.06219323671497585 0.026432584269662922
1 0.9162318840579711 0.860252808988764 0.08036714975845412 0.026432584269662922
1 0.7765410628019324 0.8588623595505618 0.08419323671497585 0.023651685393258428
1 0.439280193236715 0.8574719101123596 0.0774975845410628 0.020870786516853933
0 0.29145893719806765 0.4687429775280899 0.05358454106280193 0.06953651685393258
0 0.15368115942028987 0.645372191011236 0.049758454106280194 0.052851123595505624
0 0.10297101449275363 0.7114325842696628 0.036357487922705316 0.06258426966292135
