1 0.9712400354295837 0.3337568681318681 0.026005314437555358 0.2698214285714286
1 0.16364924712134632 0.1967651098901099 0.026908768821966342 0.25729395604395605
0 0.5645305580159432 0.9589354395604396 0.07892825509300265 0.07092032967032967
0 0.49636846767050485 0.7704807692307691 0.07713020372010629 0.108489010989011
0 0.5761913197519929 0.787864010989011 0.07713020372010629 0.10429945054945056
0 0.8250575730735163 0.4464217032967033 0.06726306465899025 0.1140521978021978
0 0.6353808680248008 0.3574038461538461 0.07533215234720991 0.10291208791208792
0 0.546147032772365 0.4505906593406594 0.0762267493356953 0.12516483516483518
0 0.33180248007085916 0.609842032967033 0.07802480070859168 0.11265109890109891
0 0.19772807794508412 0.39982829670329667 0.07712134632418069 0.11265109890109891
0 0.1291231178033658 0.3956593406593406 0.07443755535872454 0.10431318681318681
1 0.030017714791851197 0.7294505494505494 0.02869796279893711 0.26565934065934066
1 0.9712400354295837 0.7002403846153846 0.0296014171833481 0.27399725274725273
1 0.5008547387068201 0.03612637362637362 0.09864481842338353 0.038956043956043955
