0 0.5554226475279107 0.6963840399002493 0.049441786283891544 0.07481296758104738
0 0.5913078149920256 0.6770573566084788 0.037480063795853266 0.059850374064837904
0 0.6383572567783095 0.9114713216957606 0.046251993620414676 0.07231920199501247
0 0.5518341307814992 0.5361596009975063 0.04066985645933014 0.08104738154613467
1 0.7627591706539075 0.23628428927680797 0.017543859649122806 0.06483790523690773
1 0.35645933014354064 0.0773067331670823 0.03349282296650718 0.022443890274314215
1 0.5498405103668261 0.43453865336658354 0.03827751196172249 0.03117206982543641
1 0.6080542264752791 0.5087281795511222 0.03189792663476874 0.017456359102244388
1 0.7635566188197768 0.29052369077306733 0.024720893141945772 0.046134663341645885
1 0.7655502392344498 0.3422693266832918 0.024720893141945772 0.06483790523690773
1 0.516347687400319 0.43516209476309226 0.03189792663476874 0.028678304239401497
1 0.4840510366826156 0.4339152119700748 0.03987240829346093 0.028678304239401497
1 0.32057416267942584 0.07793017456359103 0.0430622009569378 0.02369077306733167
0 0.5175438596491229 0.01059850374064838 0.05263157894736842 0.02119700748129676
0 0.4704944178628389 0.0773067331670823 0.051036682615629984 0.08354114713216958
0 0.37320574162679426 0.00997506234413965 0.05901116427432217 0.0199501246882793
