1 0.32334963325183375 0.9420401854714064 0.02444987775061125 0.07573415765069552
0 0.5861858190709046 0.7542503863987635 0.07946210268948656 0.10046367851622875
0 0.5965770171149144 0.6584234930448223 0.09168704156479218 0.10046367851622875
0 0.3973105134474328 0.8593508500772797 0.07090464547677261 0.09891808346213292
0 0.39975550122249387 0.6839258114374034 0.06968215158924206 0.10200927357032458
0 0.35574572127139364 0.6599690880989181 0.07090464547677261 0.080370942812983
0 0.4896088019559902 0.47449768160741884 0.0941320293398533 0.11282843894899536
0 0.28973105134474325 0.4706336939721793 0.09535452322738386 0.1143740340030912
1 0.8257946210268948 0.8902627511591963 0.02567237163814181 0.21947449768160743
1 0.823960880195599 0.5239567233384853 0.02689486552567237 0.2302936630602782
1 0.8257946210268948 0.1367851622874807 0.029339853300733496 0.23647604327666152
1 0.3270171149144254 0.08191653786707882 0.028117359413202935 0.16383307573415765
1 0.28117359413202936 0.7179289026275116 0.06234718826405868 0.03863987635239567
1 0.32334963325183375 0.8361669242658424 0.02444987775061125 0.07573415765069552
