0 0.39874444444444446 0.6202847222222222 0.05117777777777778 0.03894444444444444
1 0.8983277777777778 0.2969201388888889 0.031144444444444447 0.0820625
1 0.8972166666666667 0.24337500000000004 0.028922222222222224 0.033375
0 0.05715555555555555 0.37967361111111114 0.06231111111111111 0.04172222222222222
1 0.010777777777777777 0.6001215277777778 0.021555555555555553 0.07649305555555556
1 0.9038888888888889 0.5201458333333333 0.03337777777777778 0.09179166666666667
1 0.010777777777777777 0.315 0.021555555555555553 0.1627222222222222
0 0.11613333333333334 0.6501875 0.06453333333333333 0.04033333333333333
0 0.37649444444444446 0.6119409722222222 0.05563333333333333 0.03338194444444444
1 0.9027777777777778 0.4645173611111111 0.031155555555555554 0.036159722222222225
1 0.9027777777777778 0.4074930555555556 0.02671111111111111 0.08066666666666666
1 0.014116666666666666 0.6863506944444444 0.028233333333333333 0.1043125
0 0.5756555555555556 0.31639236111111113 0.06675555555555555 0.03754861111111111
0 0.5745444444444445 0.4213993055555555 0.06453333333333333 0.0389375
0 0.5790000000000001 0.47146875 0.06453333333333333 0.0389375
0 0.4621666666666667 0.4464340277777778 0.0712 0.0389375
0 0.3753777777777778 0.5111041666666667 0.06675555555555555 0.04033333333333333
0 0.47997222222222224 0.5458784722222222 0.057855555555555556 0.043118055555555555
0 0.48442222222222225 0.5834305555555556 0.06675555555555555 0.04868055555555555
1 0.013 0.7551979166666668 0.026 0.044506944444444446
1 0.8983277777777778 0.3539479166666667 0.0267 0.034770833333333334
