0 0.6922222222222222 0.5631944444444444 0.06222222222222222 0.03194444444444444
1 0.175 0.25104166666666666 0.13111111111111112 0.019444444444444445
1 0.08944444444444444 0.2517361111111111 0.05333333333333334 0.018055555555555554
0 0.30722222222222223 0.7767361111111111 0.06666666666666667 0.03888888888888889
1 0.66 0.8059027777777777 0.12222222222222222 0.013194444444444444
1 0.5322222222222223 0.24756944444444445 0.14666666666666667 0.020833333333333332
1 0.2038888888888889 0.8059027777777777 0.26 0.013194444444444444
0 0.7405555555555555 0.7399305555555555 0.06444444444444444 0.04027777777777778
0 0.6788888888888889 0.5770833333333333 0.05333333333333334 0.034722222222222224
1 0.44333333333333336 0.2482638888888889 0.057777777777777775 0.019444444444444445
1 0.3522222222222222 0.2482638888888889 0.1288888888888889 0.016666666666666666
1 0.7983333333333333 0.8038194444444444 0.16666666666666666 0.017361111111111112
0 0.2061111111111111 0.4527777777777778 0.06 0.041666666666666664
0 0.37444444444444447 0.4534722222222222 0.06222222222222222 0.04027777777777778
0 0.45444444444444443 0.45069444444444445 0.06222222222222222 0.04027777777777778
0 0.41444444444444445 0.5236111111111111 0.06222222222222222 0.044444444444444446
0 0.5177777777777778 0.5777777777777777 0.06444444444444444 0.041666666666666664
0 0.5733333333333334 0.5125 0.06888888888888889 0.03611111111111111
0 0.6333333333333333 0.5097222222222222 0.07777777777777778 0.041666666666666664
1 0.9083333333333333 0.8045138888888889 0.07111111111111111 0.01597222222222222
1 0.26611111111111113 0.25104166666666666 0.05555555555555555 0.016666666666666666
