0 0.27964426877470355 0.23796423658872076 0.08102766798418973 0.0577716643741403
0 0.28063241106719367 0.2874828060522696 0.08300395256916997 0.05639614855570839
0 0.7401185770750988 0.23521320495185694 0.07509881422924901 0.055020632737276476
0 0.7381422924901185 0.28473177441540576 0.08300395256916997 0.05089408528198074
0 0.7223320158102767 0.4023383768913342 0.07905138339920949 0.04676753782668501
0 0.6867588932806324 0.4759284731774415 0.06521739130434782 0.052269601100412656
0 0.6986166007905138 0.5522696011004127 0.07312252964426877 0.055020632737276476
0 0.7727272727272727 0.5144429160935351 0.0533596837944664 0.04401650618982118
0 0.8201581027667985 0.6313617606602476 0.05138339920948617 0.04676753782668501
0 0.3774703557312253 0.6471801925722146 0.06126482213438735 0.0453920220082531
0 0.2964426877470356 0.6822558459422283 0.07905138339920949 0.06327372764786796
0 0.29347826086956524 0.7613480055020633 0.07707509881422925 0.06602475928473177
0 0.31225296442687744 0.9312242090784044 0.08300395256916997 0.048143053645116916
1 0.16205533596837945 0.2613480055020633 0.1442687747035573 0.02200825309491059
1 0.6086956521739131 0.2579092159559835 0.15019762845849802 0.017881705639614855
1 0.1541501976284585 0.7407152682255846 0.1442687747035573 0.02063273727647868
1 0.6116600790513834 0.7365887207702888 0.15217391304347827 0.015130674002751032
1 0.8586956521739131 0.7386519944979367 0.07312252964426877 0.01925722145804677
