0 0.6526104417670683 0.606694560669456 0.06291834002677377 0.09832635983263599
1 0.1646586345381526 0.75 0.0214190093708166 0.23640167364016737
1 0.4859437751004016 0.9424686192468619 0.15127175368139223 0.03138075313807531
1 0.6465863453815262 0.946652719665272 0.08299866131191433 0.03347280334728033
1 0.8440428380187416 0.946652719665272 0.1539491298527443 0.03556485355648536
0 0.7208835341365462 0.08786610878661087 0.0642570281124498 0.11297071129707113
0 0.785809906291834 0.18200836820083682 0.07095046854082998 0.100418410041841
0 0.7871485943775101 0.38598326359832635 0.06291834002677377 0.08786610878661087
0 0.7891566265060241 0.4769874476987448 0.060240963855421686 0.07531380753138076
0 0.5963855421686747 0.5094142259414226 0.07898259705488621 0.09414225941422594
0 0.1398929049531459 0.45502092050209203 0.07764390896921017 0.1108786610878661
0 0.38018741633199465 0.6297071129707112 0.08032128514056225 0.10669456066945607
1 0.1646586345381526 0.2792887029288703 0.018741633199464525 0.2510460251046025
0 0.7730923694779116 0.6035564853556485 0.06559571619812583 0.10251046025104603
