0 0.7893258426966292 0.36462093862815886 0.0696629213483146 0.11371841155234658
1 0.4101123595505618 0.12003610108303249 0.11123595505617978 0.04151624548736462
1 0.18258426966292135 0.12184115523465704 0.21910112359550563 0.04332129963898917
1 0.6191011235955056 0.12003610108303249 0.12247191011235956 0.032490974729241874
1 0.8910112359550562 0.3185920577617328 0.11348314606741573 0.039711191335740074
1 0.49213483146067416 0.8384476534296029 0.0898876404494382 0.039711191335740074
0 0.3056179775280899 0.7166064981949458 0.08426966292134831 0.12274368231046931
0 0.4196629213483146 0.6841155234657039 0.07078651685393259 0.11913357400722022
0 0.7359550561797753 0.6985559566787004 0.07303370786516854 0.09025270758122744
0 0.7904494382022472 0.26263537906137185 0.0696629213483146 0.11913357400722022
