0 0.7891685393258427 0.3644584837545126 0.06925842696629214 0.11404332129963898
1 0.40997191011235956 0.11967509025270757 0.11082022471910112 0.041732851985559566
1 0.18271910112359552 0.12175992779783393 0.21903370786516854 0.04312274368231047
1 0.6190505617977529 0.11967509025270757 0.12207865168539327 0.033393501805054154
1 0.8908988764044944 0.3185649819494585 0.11341573033707865 0.03893501805054152
1 0.4922191011235955 0.8387274368231048 0.09003370786516854 0.03893501805054152
0 0.3056516853932584 0.7163357400722021 0.08397752808988763 0.1223826714801444
0 0.41949438202247186 0.6843501805054152 0.07098876404494382 0.11960288808664261
0 0.7359269662921348 0.6989530685920579 0.07358426966292134 0.09039711191335739
0 0.7904662921348314 0.26223826714801446 0.07012359550561797 0.11823104693140794
