1 0.14538558786346398 0.4282380396732789 0.029077117572692796 0.17852975495915985
1 0.14917825537294563 0.21411901983663945 0.03286978508217446 0.2590431738623104
0 0.6434892541087232 0.7380396732788798 0.07838179519595449 0.07701283547257877
0 0.18331226295828065 0.7561260210035006 0.07838179519595449 0.059509918319719954
0 0.12515802781289506 0.7526254375729288 0.08470290771175727 0.058343057176196034
0 0.47597977243994943 0.3226371061843641 0.04804045512010114 0.050175029171528586
0 0.4254108723135272 0.3220536756126021 0.04424778761061947 0.051341890315052506
0 0.5676359039190898 0.22928821470245042 0.06573957016434892 0.07001166861143523
0 0.5695322376738305 0.2847141190198366 0.07206068268015171 0.07117852975495916
0 0.4683944374209861 0.2777129521586931 0.051833122629582805 0.05367561260210035
0 0.36852085967130216 0.30921820303383896 0.07711757269279393 0.059509918319719954
1 0.8723135271807838 0.6225204200700116 0.03666245259165613 0.15985997666277713
1 0.8761061946902655 0.41715285880980163 0.03413400758533502 0.15635939323220538
1 0.7288242730720607 0.9591598599766628 0.12010113780025285 0.03500583430571762
1 0.6131479140328698 0.9620770128354725 0.12389380530973451 0.03150525087514586
1 0.14791403286978508 0.868144690781797 0.0316055625790139 0.18903150525087514
1 0.14601769911504425 0.6225204200700116 0.041719342604298354 0.20420070011668612
