1 0.6222760290556901 0.9210019267822736 0.1033091202582728 0.02697495183044316
1 0.11057304277643261 0.27071290944123316 0.047619047619047616 0.030828516377649325
1 0.062146892655367235 0.4624277456647399 0.010492332526230832 0.10982658959537572
0 0.2046004842615012 0.37090558766859344 0.03389830508474576 0.07707129094412331
0 0.15012106537530268 0.37475915221579964 0.03228410008071025 0.06551059730250482
0 0.48103309120258275 0.4884393063583815 0.03228410008071025 0.08092485549132948
0 0.6218724778046812 0.6001926782273603 0.03228410008071025 0.08285163776493257
0 0.6561743341404358 0.4296724470134875 0.03712671509281679 0.08285163776493257
0 0.7933817594834544 0.6763005780346821 0.03228410008071025 0.08092485549132948
0 0.8631961259079903 0.6425818882466281 0.03551251008878128 0.07707129094412331
0 0.8635996771589992 0.5635838150289018 0.033091202582728005 0.06551059730250482
0 0.8284907183212268 0.4277456647398844 0.03551251008878128 0.0905587668593449
0 0.8305084745762712 0.33429672447013487 0.03470540758676352 0.0905587668593449
1 0.11702986279257466 0.9229287090558767 0.03712671509281679 0.02697495183044316
1 0.17836965294592413 0.9219653179190751 0.037933817594834544 0.025048169556840076
1 0.31275221953188054 0.918111753371869 0.04035512510088781 0.017341040462427744
1 0.43987086359967714 0.9210019267822736 0.042776432606941084 0.023121387283236993
1 0.7974172719935432 0.9200385356454721 0.07990314769975787 0.025048169556840076
1 0.9176755447941889 0.9219653179190751 0.0645682001614205 0.025048169556840076
1 0.9814366424535916 0.5317919075144508 0.012106537530266344 0.08863198458574181
1 0.7175141242937854 0.27167630057803466 0.07263922518159806 0.023121387283236993
1 0.6041162227602905 0.27071290944123316 0.07021791767554479 0.028901734104046242
1 0.5383373688458434 0.7427745664739884 0.011299435028248588 0.1676300578034682
1 0.4979822437449556 0.6184971098265896 0.011299435028248588 0.036608863198458574
1 0.49878934624697335 0.5240847784200385 0.008071025020177562 0.11560693641618497
1 0.26634382566585957 0.27071290944123316 0.048426150121065374 0.030828516377649325
1 0.21872477804681195 0.27167630057803466 0.04519774011299435 0.030828516377649325
1 0.1694915254237288 0.2745664739884393 0.04519774011299435 0.028901734104046242
0 0.042776432606941084 0.7976878612716763 0.053268765133171914 0.11368015414258188
0 0.041969330104923326 0.6926782273603083 0.05084745762711865 0.11368015414258188
0 0.2679580306698951 0.7514450867052023 0.037933817594834544 0.06936416184971098
0 0.34059725585149314 0.6772639691714836 0.03228410008071025 0.08863198458574181
0 0.45601291364003227 0.5809248554913294 0.02824858757062147 0.06551059730250482
0 0.4075867635189669 0.5809248554913294 0.029055690072639227 0.07707129094412331
0 0.3305084745762712 0.4653179190751445 0.03228410008071025 0.07129094412331406
0 0.27764326069410816 0.47880539499036606 0.03066989507667474 0.07707129094412331
