1 0.03622047244094488 0.21664050235478807 0.01889763779527559 0.0423861852433281
1 0.1 0.4097331240188383 0.11023622047244094 0.026687598116169546
1 0.2031496062992126 0.4097331240188383 0.10393700787401575 0.02040816326530612
1 0.3716535433070866 0.4097331240188383 0.11496062992125984 0.02040816326530612
1 0.6590551181102362 0.4725274725274725 0.01732283464566929 0.11616954474097331
1 0.65748031496063 0.5886970172684458 0.014173228346456693 0.05023547880690738
1 0.6590551181102362 0.6773940345368917 0.014173228346456693 0.04709576138147567
1 0.8661417322834646 0.9379905808477237 0.14015748031496064 0.023547880690737835
1 0.6338582677165354 0.011773940345368918 0.10551181102362205 0.018838304552590265
1 0.48976377952755906 0.009419152276295133 0.11338582677165354 0.018838304552590265
1 0.33858267716535434 0.01020408163265306 0.11023622047244094 0.018838304552590265
1 0.19370078740157481 0.009419152276295133 0.11338582677165354 0.018838304552590265
0 0.7196850393700788 0.9544740973312402 0.05196850393700787 0.054945054945054944
0 0.684251968503937 0.6271585557299842 0.047244094488188976 0.05337519623233909
0 0.7354330708661417 0.5635792778649922 0.048818897637795275 0.04081632653061224
0 0.8637795275590551 0.5635792778649922 0.04566929133858268 0.04395604395604396
0 0.9007874015748032 0.37755102040816324 0.05354330708661417 0.05180533751962323
0 0.8307086614173228 0.3139717425431711 0.05354330708661417 0.05180533751962323
0 0.8637795275590551 0.1946624803767661 0.048818897637795275 0.05023547880690738
0 0.5283464566929134 0.3626373626373626 0.04566929133858268 0.03924646781789639
0 0.568503937007874 0.42543171114599687 0.05354330708661417 0.058084772370486655
0 0.16692913385826771 0.16248037676609106 0.04251968503937008 0.05023547880690738
0 0.14724409448818898 0.13657770800627944 0.047244094488188976 0.0423861852433281
0 0.14645669291338584 0.06200941915227629 0.048818897637795275 0.04081632653061224
1 0.03464566929133858 0.07142857142857142 0.01889763779527559 0.04552590266875981
