0 0.23185011709601874 0.7255434782608695 0.03981264637002342 0.058695652173913045
1 0.7338017174082748 0.5967391304347827 0.04918032786885246 0.02608695652173913
1 0.44028103044496486 0.2233695652173913 0.01483216237314598 0.030434782608695653
1 0.6315378610460578 0.5967391304347827 0.05776736924277908 0.02391304347826087
1 0.4422326307572209 0.5652173913043478 0.01483216237314598 0.0891304347826087
1 0.39344262295081966 0.3918478260869565 0.05230288836846214 0.025
1 0.29469164715066354 0.3923913043478261 0.07181889149102264 0.029347826086956522
1 0.19476971116315378 0.4717391304347826 0.01795472287275566 0.11521739130434783
1 0.21350507416081185 0.658695652173913 0.02263856362217018 0.09130434782608696
1 0.5120999219359875 0.7331521739130434 0.01873536299765808 0.05652173913043478
1 0.539032006245121 0.8744565217391305 0.01873536299765808 0.08369565217391305
1 0.44067135050741607 0.1858695652173913 0.01405152224824356 0.030434782608695653
1 0.4410616705698673 0.1423913043478261 0.01483216237314598 0.030434782608695653
1 0.4414519906323185 0.10271739130434783 0.01405152224824356 0.04021739130434782
1 0.4422326307572209 0.014673913043478261 0.01483216237314598 0.029347826086956522
1 0.29586260733801717 0.8945652173913043 0.01405152224824356 0.043478260869565216
1 0.29586260733801717 0.9646739130434783 0.01873536299765808 0.07065217391304347
0 0.22365339578454332 0.20380434782608695 0.03825136612021858 0.041304347826086954
0 0.2263856362217018 0.16576086956521738 0.0351288056206089 0.03804347826086957
0 0.2533177205308353 0.02282608695652174 0.02888368462138954 0.04565217391304348
0 0.32123341139734585 0.1342391304347826 0.0351288056206089 0.04782608695652174
0 0.3672911787665886 0.1423913043478261 0.03669008587041374 0.04782608695652174
0 0.3942232630757221 0.17119565217391305 0.0273224043715847 0.05434782608695652
0 0.3992974238875878 0.020652173913043477 0.03200624512099922 0.041304347826086954
0 0.6494925839188135 0.13858695652173914 0.02966432474629196 0.05
0 0.6893052302888368 0.35978260869565215 0.03590944574551132 0.04782608695652174
0 0.6198282591725215 0.34347826086956523 0.0351288056206089 0.043478260869565216
0 0.6338797814207651 0.40597826086956523 0.03278688524590164 0.04565217391304348
0 0.7447306791569087 0.47934782608695653 0.0312256049960968 0.05
0 0.43676814988290397 0.9842391304347826 0.03825136612021858 0.03152173913043478
0 0.4344262295081967 0.9168478260869565 0.03434816549570648 0.04891304347826087
0 0.3657298985167838 0.9021739130434783 0.02966432474629196 0.04456521739130435
0 0.6998438719750195 0.6135869565217391 0.0351288056206089 0.06304347826086956
0 0.37197501951600315 0.778804347826087 0.02888368462138954 0.04565217391304348
0 0.19437939110070257 0.7282608695652174 0.0429352068696331 0.05543478260869565
0 0.6889149102263856 0.5576086956521739 0.03669008587041374 0.04891304347826087
0 0.5284933645589384 0.683695652173913 0.03981264637002342 0.05
