1 0.9371794871794872 0.25549132947976877 0.04358974358974359 0.32716763005780347
1 0.9376068376068376 0.5248554913294797 0.040170940170940174 0.07976878612716763
0 0.6034188034188034 0.5624277456647399 0.06495726495726496 0.07976878612716763
0 0.5790598290598291 0.9323699421965318 0.07435897435897436 0.11791907514450867
0 0.16367521367521368 0.3786127167630058 0.09487179487179487 0.10867052023121387
0 0.6538461538461539 0.38439306358381503 0.07948717948717948 0.09364161849710982
0 0.844017094017094 0.4 0.06666666666666667 0.10173410404624278
1 0.9363247863247863 0.7520231213872832 0.035897435897435895 0.17341040462427745
1 0.05 0.5884393063583815 0.038461538461538464 0.1976878612716763
1 0.191025641025641 0.19132947976878611 0.03418803418803419 0.27630057803468205
