1 0.06297863247863249 0.2552774566473988 0.043188034188034186 0.3268323699421965
1 0.06246153846153846 0.5250982658959538 0.0401025641025641 0.07928323699421966
0 0.3966452991452991 0.5626473988439307 0.06477777777777778 0.07928323699421966
0 0.42081196581196584 0.9326127167630058 0.07403418803418804 0.11821965317919075
0 0.8362222222222222 0.378364161849711 0.0945982905982906 0.10847398843930636
0 0.34626068376068375 0.3846242774566474 0.07917094017094017 0.09317919075144508
0 0.15603418803418803 0.39991907514450864 0.06683760683760684 0.10152601156069363
1 0.06349145299145299 0.7518034682080924 0.03599145299145299 0.17384971098265894
1 0.9498461538461538 0.5883757225433526 0.038051282051282054 0.1974913294797688
1 0.808974358974359 0.19130057803468206 0.03393162393162393 0.27677456647398846
