0 0.7376605504587156 0.3157592592592593 0.08269113149847095 0.050061728395061726
0 0.22002293577981652 0.2246604938271605 0.08096330275229358 0.05423456790123457
0 0.15973241590214068 0.22257407407407406 0.0706269113149847 0.050061728395061726
1 0.7841743119266056 0.017432098765432096 0.17914373088685015 0.020864197530864197
1 0.19246941896024464 0.8136728395061729 0.029281345565749232 0.153
1 0.19074159021406728 0.6085246913580247 0.029281345565749232 0.1515925925925926
1 0.19074159021406728 0.3964259259259259 0.029281345565749232 0.14741975308641975
1 0.18902140672782874 0.12312962962962964 0.02238532110091743 0.14603703703703705
0 0.792782874617737 0.4666666666666667 0.06201834862385321 0.054246913580246914
0 0.7057874617737003 0.5702777777777778 0.0706269113149847 0.055641975308641976
0 0.7066513761467891 0.6182654320987655 0.07235474006116208 0.06537037037037037
0 0.5464525993883792 0.5327283950617284 0.08957186544342507 0.05841975308641975
0 0.5404281345565749 0.3192345679012346 0.08440366972477065 0.059802469135802463
0 0.6110474006116208 0.6787592592592592 0.0706269113149847 0.06119753086419753
0 0.7368042813455657 0.4381481481481481 0.07406727828746178 0.050074074074074076
