0 0.72782874617737 0.3080246913580247 0.06269113149847094 0.06666666666666667
0 0.8409785932721713 0.725925925925926 0.0672782874617737 0.0654320987654321
0 0.8432721712538226 0.7746913580246914 0.06269113149847094 0.056790123456790124
1 0.11162079510703364 0.7481481481481481 0.18960244648318042 0.02345679012345679
1 0.3654434250764526 0.75 0.18807339449541285 0.02345679012345679
1 0.6284403669724771 0.75 0.1819571865443425 0.02345679012345679
1 0.9380733944954128 0.7512345679012346 0.12385321100917432 0.018518518518518517
0 0.5412844036697247 0.26358024691358023 0.0672782874617737 0.050617283950617285
0 0.41284403669724773 0.3339506172839506 0.06880733944954129 0.056790123456790124
0 0.3532110091743119 0.3333333333333333 0.08103975535168195 0.05802469135802469
0 0.459480122324159 0.4623456790123457 0.07186544342507645 0.0728395061728395
0 0.7240061162079511 0.46728395061728395 0.07339449541284404 0.06790123456790123
0 0.2782874617737003 0.4104938271604938 0.0764525993883792 0.056790123456790124
0 0.5764525993883792 0.30864197530864196 0.06269113149847094 0.05925925925925926
