0 0.465 0.5979166666666667 0.055 0.060833333333333336
1 0.4546875 0.17875 0.080625 0.020833333333333332
1 0.389375 0.7441666666666666 0.08375 0.0225
1 0.6459375 0.7425 0.073125 0.016666666666666666
1 0.7165625 0.6445833333333333 0.0175 0.11833333333333333
0 0.5646875 0.46875 0.054375 0.060833333333333336
0 0.3784375 0.30333333333333334 0.05125 0.058333333333333334
0 0.3325 0.3433333333333333 0.046875 0.06916666666666667
0 0.33 0.4375 0.045625 0.07083333333333333
0 0.6684375 0.5291666666666667 0.040625 0.0625
0 0.3228125 0.15625 0.04375 0.065
1 0.665 0.1775 0.066875 0.023333333333333334
1 0.7153125 0.375 0.015625 0.051666666666666666
0 0.5146875 0.765 0.054375 0.0725
0 0.55 0.15625 0.05 0.06833333333333333
1 0.603125 0.17958333333333334 0.0625 0.0225
0 0.56625 0.5829166666666666 0.04875 0.058333333333333334
