1 0.7083333333333334 0.8355555555555556 0.023333333333333334 0.23333333333333334
1 0.71 0.4888888888888889 0.018333333333333333 0.11333333333333333
0 0.615 0.6133333333333333 0.07166666666666667 0.10444444444444445
0 0.7375 0.6733333333333333 0.09 0.10222222222222223
0 0.38916666666666666 0.49666666666666665 0.06666666666666667 0.08444444444444445
0 0.44166666666666665 0.3055555555555556 0.08166666666666667 0.10444444444444445
0 0.3416666666666667 0.2833333333333333 0.06 0.07333333333333333
0 0.32 0.5177777777777778 0.08333333333333333 0.10222222222222223
0 0.25416666666666665 0.52 0.08166666666666667 0.10666666666666667
1 0.71 0.18777777777777777 0.021666666666666667 0.21555555555555556
