1 0.986854961832061 0.27953124999999995 0.02629007633587786 0.35325892857142854
0 0.6678778625954199 0.9158370535714285 0.08274809160305344 0.13770089285714285
1 0.16322137404580153 0.2287611607142857 0.03804580152671756 0.42698660714285713
1 0.019778625954198475 0.6974776785714285 0.03955725190839695 0.42419642857142853
0 0.7658549618320611 0.6001116071428572 0.0884732824427481 0.11821428571428572
1 0.9878091603053435 0.6717522321428572 0.024381679389312978 0.44506696428571424
0 0.10709923664122138 0.39566964285714284 0.07419847328244275 0.14325892857142858
0 0.530412213740458 0.38593749999999993 0.08561832061068703 0.10986607142857142
0 0.6407633587786259 0.36437499999999995 0.07419847328244275 0.12517857142857142
0 0.765854961832061 0.3817633928571428 0.09036641221374045 0.10986607142857142
