1 0.30503795721187027 0.6466124661246613 0.11663216011042098 0.027642276422764227
1 0.07211870255348517 0.4075880758807588 0.03036576949620428 0.03360433604336043
1 0.12284334023464458 0.18699186991869918 0.07453416149068323 0.026558265582655827
1 0.32919254658385094 0.1878048780487805 0.10420979986197378 0.027642276422764227
1 0.5593512767425811 0.1878048780487805 0.09385783298826778 0.024932249322493227
1 0.6815044858523119 0.1878048780487805 0.09385783298826778 0.027642276422764227
0 0.7646652864044169 0.7314363143631436 0.0759144237405107 0.05853658536585366
0 0.7194616977225673 0.6655826558265583 0.07453416149068323 0.06829268292682927
1 0.5024154589371981 0.497289972899729 0.033816425120772944 0.04010840108401084
1 0.5006901311249138 0.3964769647696477 0.03036576949620428 0.05582655826558266
1 0.15976535541752934 0.643360433604336 0.07108350586611456 0.023848238482384824
0 0.7612146307798482 0.16341463414634147 0.07246376811594203 0.06829268292682927
0 0.2484472049689441 0.16422764227642275 0.07453416149068323 0.06395663956639566
0 0.18840579710144928 0.2940379403794038 0.06763285024154589 0.051490514905149054
0 0.22912353347135955 0.3392953929539295 0.06763285024154589 0.04715447154471545
0 0.22084195997239475 0.4205962059620596 0.06901311249137336 0.04878048780487805
0 0.22705314009661837 0.4742547425474255 0.06349206349206349 0.053116531165311655
0 0.16183574879227053 0.5479674796747968 0.060041407867494824 0.053116531165311655
1 0.5866114561766735 0.6474254742547425 0.0779848171152519 0.026558265582655827
0 0.7204968944099379 0.4880758807588076 0.0759144237405107 0.05582655826558266
