1 0.27765237020316025 0.11076443057722309 0.1580135440180587 0.0265210608424337
1 0.7257336343115124 0.10998439937597504 0.06772009029345373 0.0390015600624025
0 0.4785553047404063 0.8252730109204368 0.10158013544018059 0.07020280811232449
0 0.2291196388261851 0.35647425897035884 0.0835214446952596 0.059282371294851796
0 0.35891647855530473 0.34009360374414976 0.10835214446952596 0.0655226209048362
0 0.4887133182844244 0.32293291731669266 0.11060948081264109 0.07020280811232449
0 0.4729119638826185 0.20670826833073322 0.10609480812641084 0.07956318252730109
0 0.47404063205417607 0.08190327613104524 0.11286681715575621 0.078003120124805
1 0.608352144469526 0.7979719188767551 0.18058690744920994 0.031201248049921998
1 0.3036117381489842 0.7995319812792512 0.17832957110609482 0.0358814352574103
