0 0.619678334910123 0.1832412523020258 0.05487228003784295 0.1289134438305709
0 0.6210974456007569 0.08839779005524862 0.05203405865657521 0.12338858195211787
0 0.5804162724692526 0.5920810313075506 0.05487228003784295 0.11602209944751381
0 0.7341532639545885 0.5755064456721916 0.06244087038789026 0.10865561694290976
0 0.7336802270577105 0.20165745856353592 0.06811731315042574 0.10313075506445672
1 0.2294228949858089 0.7946593001841621 0.021759697256385997 0.2983425414364641
1 0.9337748344370861 0.7550644567219152 0.02270577105014191 0.26151012891344383
0 0.2043519394512772 0.58195211786372 0.06622516556291391 0.10497237569060773
1 0.934720908230842 0.2882136279926335 0.023651844843897825 0.2523020257826888
1 0.22847682119205298 0.3305709023941068 0.02459791863765374 0.3720073664825046
0 0.25307473982970674 0.5828729281767956 0.065279091769158 0.10313075506445672
