0 0.32373271889400923 0.7582938388625592 0.06451612903225806 0.05924170616113744
0 0.4838709677419355 0.8969194312796208 0.0576036866359447 0.052132701421800945
0 0.4504608294930876 0.8270142180094787 0.06451612903225806 0.054502369668246446
0 0.3271889400921659 0.8270142180094787 0.06221198156682028 0.054502369668246446
1 0.7811059907834101 0.058056872037914695 0.02534562211981567 0.08293838862559241
1 0.0771889400921659 0.4419431279620853 0.027649769585253458 0.12085308056872038
1 0.0748847926267281 0.707345971563981 0.027649769585253458 0.13270142180094788
1 0.7811059907834101 0.43838862559241704 0.029953917050691243 0.11137440758293839
1 0.7788018433179723 0.24170616113744076 0.029953917050691243 0.11374407582938388
1 0.7811059907834101 0.693127962085308 0.02304147465437788 0.15165876777251186
1 0.7788018433179723 0.8898104265402843 0.020737327188940093 0.11848341232227488
1 0.07603686635944701 0.8696682464454977 0.02304147465437788 0.11848341232227488
0 0.6555299539170507 0.1066350710900474 0.0576036866359447 0.052132701421800945
0 0.6417050691244239 0.15876777251184834 0.052995391705069124 0.061611374407582936
0 0.4596774193548387 0.25 0.04377880184331797 0.052132701421800945
0 0.3859447004608295 0.31398104265402843 0.052995391705069124 0.07109004739336493
0 0.326036866359447 0.38270142180094785 0.055299539170506916 0.05924170616113744
0 0.8029953917050692 0.5983412322274881 0.07373271889400922 0.061611374407582936
