1 0.14892578125 0.5944010416666666 0.01953125 0.16276041666666666
1 0.71484375 0.3697916666666667 0.03125 0.022135416666666668
1 0.14892578125 0.21354166666666666 0.017578125 0.0625
1 0.1494140625 0.7005208333333334 0.01416015625 0.059244791666666664
1 0.1494140625 0.3385416666666667 0.0166015625 0.20442708333333334
0 0.65234375 0.7005208333333334 0.06640625 0.09309895833333333
0 0.66748046875 0.5944010416666666 0.0634765625 0.07356770833333333
0 0.6689453125 0.3033854166666667 0.05419921875 0.06640625
0 0.55126953125 0.4453125 0.064453125 0.07486979166666667
0 0.1748046875 0.4798177083333333 0.06982421875 0.080078125
0 0.11962890625 0.478515625 0.0673828125 0.08333333333333333
1 0.9638671875 0.37109375 0.017578125 0.19140625
1 0.96484375 0.5963541666666666 0.017578125 0.193359375
