1 0.6891252955082743 0.3296122209165687 0.26004728132387706 0.022326674500587545
1 0.1359338061465721 0.021739130434782608 0.16312056737588654 0.021151586368977675
0 0.483451536643026 0.9388954171562868 0.1276595744680851 0.06110458284371328
0 0.4562647754137116 0.6139835487661575 0.12056737588652482 0.06580493537015276
0 0.2624113475177305 0.599882491186839 0.12293144208037825 0.057579318448883664
0 0.5638297872340425 0.572855464159812 0.13947990543735225 0.05875440658049354
0 0.3416075650118203 0.5088131609870741 0.10401891252955082 0.04465334900117509
0 0.2470449172576832 0.4482961222091657 0.09692671394799054 0.05170387779083431
0 0.45271867612293143 0.37779083431257343 0.1182033096926714 0.06580493537015276
0 0.45271867612293143 0.30611045828437133 0.1182033096926714 0.06345475910693302
0 0.41843971631205673 0.09694477085781433 0.1347517730496454 0.05992949471210341
1 0.6855791962174941 0.9165687426556992 0.24822695035460993 0.0199764982373678
1 0.2706855791962175 0.9142185663924794 0.23404255319148937 0.01762632197414806
1 0.28841607565011823 0.019388954171562868 0.15839243498817968 0.024676850763807285
