1 0.3111583924349882 0.6703819036427732 0.26023640661938535 0.022244418331374853
1 0.8637825059101655 0.9784488836662749 0.1622695035460993 0.020869565217391306
0 0.516820330969267 0.06119858989424207 0.12872340425531917 0.06119858989424207
0 0.5434042553191489 0.38596357226792005 0.12033096926713947 0.0653701527614571
0 0.737872340425532 0.39986486486486483 0.12312056737588652 0.05702702702702703
0 0.43567375886524823 0.42698589894242067 0.13990543735224586 0.058413631022326676
0 0.6581205673758865 0.49096944770857814 0.1035224586288416 0.0445005875440658
0 0.7532624113475177 0.5514688601645122 0.09791962174940899 0.05146886016451233
0 0.5476004728132388 0.6224030552291423 0.1175177304964539 0.0653701527614571
0 0.5476004728132388 0.6940246768507639 0.1175177304964539 0.06398354876615747
0 0.5811702127659575 0.9033431257344301 0.13430260047281325 0.059800235017626324
1 0.31394799054373523 0.08346063454759108 0.2490307328605201 0.01947121034077556
1 0.7294799054373522 0.08554054054054053 0.2350354609929078 0.01808460634547591
1 0.7112884160756501 0.9805346650998824 0.15950354609929077 0.025041128084606346
