0 0.3598265895953757 0.0825242718446602 0.07514450867052024 0.13106796116504854
0 0.755057803468208 0.7111650485436893 0.0838150289017341 0.1262135922330097
1 0.09609826589595376 0.8470873786407767 0.0708092485549133 0.06067961165048544
1 0.33670520231213874 0.9016990291262136 0.07369942196531792 0.12135922330097088
1 0.4096820809248555 0.904126213592233 0.0838150289017341 0.12378640776699029
1 0.5859826589595376 0.8495145631067961 0.14017341040462428 0.050970873786407765
1 0.903179190751445 0.6128640776699029 0.11560693641618497 0.05825242718446602
1 0.7947976878612717 0.6092233009708737 0.11127167630057803 0.05339805825242718
0 0.1958092485549133 0.2803398058252427 0.0708092485549133 0.09951456310679611
0 0.13222543352601157 0.5752427184466019 0.059248554913294796 0.10436893203883495
0 0.1365606936416185 0.06067961165048544 0.08092485549132948 0.10436893203883495
0 0.20014450867052022 0.05946601941747573 0.07803468208092486 0.11407766990291263
0 0.3598265895953757 0.1953883495145631 0.07225433526011561 0.1383495145631068
