0 0.32987551867219916 0.6804733727810651 0.06224066390041494 0.05719921104536489
0 0.45435684647302904 0.7859960552268245 0.04564315352697095 0.0611439842209073
0 0.7935684647302904 0.76232741617357 0.058091286307053944 0.05128205128205128
0 0.6058091286307054 0.8431952662721893 0.06016597510373444 0.047337278106508875
0 0.5363070539419087 0.8856015779092702 0.06639004149377593 0.0611439842209073
0 0.5383817427385892 0.9378698224852071 0.06431535269709543 0.07692307692307693
0 0.22614107883817428 0.7938856015779092 0.043568464730290454 0.045364891518737675
0 0.27074688796680496 0.8392504930966469 0.05186721991701245 0.04339250493096647
0 0.2987551867219917 0.863905325443787 0.06016597510373444 0.03944773175542406
0 0.6421161825726142 0.2564102564102564 0.04771784232365145 0.04339250493096647
0 0.6825726141078838 0.22485207100591717 0.04771784232365145 0.04930966469428008
0 0.6836099585062241 0.16469428007889547 0.05394190871369295 0.04339250493096647
0 0.6120331950207469 0.14694280078895464 0.05394190871369295 0.04142011834319527
0 0.32261410788381745 0.20118343195266272 0.03941908713692946 0.03944773175542406
0 0.3309128630705394 0.1932938856015779 0.03941908713692946 0.03155818540433925
0 0.31742738589211617 0.2455621301775148 0.04564315352697095 0.03944773175542406
1 0.42738589211618255 0.38461538461538464 0.1037344398340249 0.02564102564102564
1 0.921161825726141 0.15384615384615385 0.022821576763485476 0.0611439842209073
1 0.9221991701244814 0.23471400394477318 0.024896265560165973 0.05719921104536489
1 0.9356846473029046 0.5670611439842209 0.026970954356846474 0.10650887573964497
1 0.6753112033195021 0.4230769230769231 0.08921161825726141 0.023668639053254437
1 0.8257261410788381 0.42110453648915186 0.08091286307053942 0.015779092702169626
1 0.19605809128630705 0.4280078895463511 0.07883817427385892 0.01775147928994083
1 0.45435684647302904 0.4230769230769231 0.07261410788381743 0.023668639053254437
1 0.22821576763485477 0.9250493096646942 0.04771784232365145 0.021696252465483234
1 0.29149377593361 0.9211045364891519 0.04149377593360996 0.021696252465483234
1 0.3537344398340249 0.9230769230769231 0.04979253112033195 0.01972386587771203
1 0.45228215767634855 0.9191321499013807 0.06846473029045644 0.01972386587771203
1 0.6566390041493776 0.9211045364891519 0.06639004149377593 0.01775147928994083
1 0.06431535269709543 0.621301775147929 0.022821576763485476 0.11045364891518737
1 0.058091286307053944 0.3076923076923077 0.014522821576763486 0.045364891518737675
0 0.5394190871369294 0.5522682445759369 0.06639004149377593 0.055226824457593686
