0 0.3295435684647303 0.6807593688362918 0.0629045643153527 0.05702169625246548
0 0.45390041493775934 0.7857593688362919 0.045352697095435685 0.06118343195266272
0 0.7940352697095436 0.7628106508875739 0.05852697095435685 0.05145956607495069
0 0.6060477178423237 0.8427810650887574 0.0599792531120332 0.04729783037475345
0 0.5365560165975104 0.8858974358974359 0.06730290456431534 0.06118343195266272
0 0.5380186721991701 0.9380571992110454 0.06437759336099586 0.07650887573964497
0 0.22641078838174272 0.7934023668639053 0.043900414937759334 0.0458974358974359
0 0.2710373443983402 0.8393096646942801 0.05120331950207469 0.0431163708086785
0 0.2988278008298756 0.8643491124260355 0.0599792531120332 0.040335305719921104
0 0.6426244813278008 0.2565483234714004 0.048278008298755185 0.0431163708086785
0 0.6828526970954358 0.22525641025641027 0.04682572614107884 0.050078895463510846
0 0.6835788381742739 0.1647534516765286 0.05412863070539419 0.0431163708086785
0 0.6118983402489626 0.1473767258382643 0.05412863070539419 0.04173570019723866
0 0.322240663900415 0.2016173570019724 0.03950207468879668 0.038934911242603544
0 0.3310165975103735 0.19326429980276133 0.03950207468879668 0.03059171597633136
0 0.3178423236514523 0.24543392504930964 0.045352697095435685 0.040335305719921104
1 0.4275622406639004 0.3845069033530572 0.10387966804979253 0.026410256410256412
1 0.9213070539419087 0.1543293885601578 0.023402489626556014 0.06120315581854044
1 0.9220435684647303 0.23428994082840235 0.02487551867219917 0.05702169625246548
1 0.935207468879668 0.5674063116370809 0.027800829875518674 0.10570019723865878
1 0.6748029045643154 0.4234516765285996 0.08923236514522821 0.023629191321499016
1 0.8262240663900415 0.4206706114398422 0.08190871369294606 0.015305719921104535
1 0.19568464730290455 0.42762327416173573 0.07900414937759336 0.018086785009861932
1 0.4546265560165975 0.4234516765285996 0.07315352697095436 0.023629191321499016
1 0.22859958506224068 0.9248422090729783 0.048278008298755185 0.02226824457593688
1 0.29150414937759334 0.9213609467455621 0.042427385892116184 0.02086785009861933
1 0.3536825726141079 0.9234516765285996 0.049730290456431535 0.019487179487179488
1 0.4524273858921162 0.9192800788954635 0.0687551867219917 0.019467455621301772
1 0.6565145228215769 0.921370808678501 0.06730290456431534 0.018086785009861932
1 0.06475103734439834 0.6209467455621303 0.021950207468879667 0.10986193293885602
1 0.05816390041493776 0.30801775147928995 0.01462655601659751 0.0458974358974359
0 0.5394813278008298 0.5521005917159764 0.06730290456431534 0.055641025641025646
