1 0.3037109375 0.06178977272727273 0.01611328125 0.08877840909090909
1 0.72265625 0.31605113636363635 0.01416015625 0.14133522727272727
1 0.72119140625 0.6129261363636364 0.01513671875 0.13849431818181818
1 0.72119140625 0.7691761363636364 0.01513671875 0.14275568181818182
1 0.720947265625 0.97265625 0.01513671875 0.0546875
0 0.28173828125 0.8849431818181818 0.06201171875 0.08309659090909091
0 0.4423828125 0.9126420454545454 0.04638671875 0.07883522727272728
0 0.374267578125 0.9605823863636364 0.05224609375 0.07883522727272728
0 0.7412109375 0.8764204545454546 0.05615234375 0.07599431818181818
0 0.741455078125 0.02521306818181818 0.05517578125 0.05042613636363636
0 0.536865234375 0.030539772727272728 0.05810546875 0.061079545454545456
0 0.53564453125 0.16832386363636365 0.05517578125 0.08167613636363637
0 0.4619140625 0.2727272727272727 0.044921875 0.0703125
0 0.41259765625 0.23863636363636365 0.05712890625 0.07457386363636363
0 0.41455078125 0.6285511363636364 0.05322265625 0.07315340909090909
0 0.44189453125 0.6981534090909091 0.05029296875 0.08451704545454546
1 0.30517578125 0.3416193181818182 0.01904296875 0.13849431818181818
1 0.30419921875 0.5894886363636364 0.01708984375 0.08451704545454546
1 0.71875 0.07457386363636363 0.02001953125 0.06392045454545454
