1 0.9248046875 0.1796875 0.06103515625 0.019176136363636364
1 0.91455078125 0.7840909090909091 0.06787109375 0.0234375
1 0.80126953125 0.7855113636363636 0.06103515625 0.0234375
1 0.62646484375 0.17613636363636365 0.09716796875 0.020596590909090908
1 0.42236328125 0.17826704545454544 0.09521484375 0.022017045454545456
1 0.31494140625 0.17826704545454544 0.09814453125 0.022017045454545456
1 0.14697265625 0.17826704545454544 0.09326171875 0.022017045454545456
0 0.2353515625 0.8174715909090909 0.05712890625 0.09019886363636363
0 0.21630859375 0.5838068181818182 0.05419921875 0.06747159090909091
0 0.1796875 0.6825284090909091 0.06103515625 0.07599431818181818
0 0.2412109375 0.14914772727272727 0.05224609375 0.08167613636363637
0 0.83740234375 0.1484375 0.05712890625 0.08025568181818182
0 0.828125 0.4460227272727273 0.05322265625 0.08451704545454546
0 0.72802734375 0.4481534090909091 0.05615234375 0.08025568181818182
0 0.65625 0.5553977272727273 0.04833984375 0.06534090909090909
0 0.6796875 0.6271306818181818 0.05126953125 0.08309659090909091
0 0.41162109375 0.6242897727272727 0.05029296875 0.07741477272727272
0 0.36376953125 0.5845170454545454 0.05810546875 0.07315340909090909
1 0.60888671875 0.7833806818181818 0.09521484375 0.027698863636363636
1 0.4384765625 0.7848011363636364 0.05810546875 0.024857954545454544
1 0.10498046875 0.7840909090909091 0.0458984375 0.0234375
1 0.79248046875 0.18181818181818182 0.0439453125 0.02911931818181818
