1 0.4534375 0.8866666666666667 0.1075 0.020833333333333332
0 0.6253125 0.46458333333333335 0.048125 0.06416666666666666
0 0.2171875 0.68625 0.054375 0.06833333333333333
0 0.159375 0.6841666666666667 0.04875 0.0775
0 0.1428125 0.57875 0.0575 0.060833333333333336
0 0.208125 0.5158333333333334 0.05 0.0725
0 0.2975 0.41583333333333333 0.054375 0.08083333333333333
0 0.295 0.30375 0.0575 0.08166666666666667
0 0.5359375 0.28041666666666665 0.059375 0.06833333333333333
0 0.6253125 0.3408333333333333 0.051875 0.06916666666666667
0 0.6834375 0.34625 0.04 0.060833333333333336
0 0.755625 0.2920833333333333 0.054375 0.06916666666666667
0 0.755 0.5883333333333334 0.0575 0.06416666666666666
0 0.935 0.8191666666666667 0.060625 0.0725
1 0.9171875 0.5745833333333333 0.014375 0.13916666666666666
1 0.658125 0.1975 0.0675 0.0225
1 0.4459375 0.19666666666666666 0.1025 0.020833333333333332
1 0.3425 0.23083333333333333 0.016875 0.05583333333333333
1 0.115 0.32958333333333334 0.08375 0.0225
1 0.03125 0.6195833333333334 0.015625 0.051666666666666666
1 0.1146875 0.8858333333333334 0.090625 0.0225
1 0.2646875 0.8854166666666666 0.08875 0.023333333333333334
1 0.6496875 0.8854166666666666 0.093125 0.02666666666666667
1 0.83125 0.8866666666666667 0.053125 0.023333333333333334
