1 0.1325459317585302 0.18616144975288304 0.02099737532808399 0.24217462932454695
1 0.8825459317585301 0.8056013179571664 0.02230971128608924 0.26359143327841844
1 0.8825459317585301 0.5304777594728172 0.02099737532808399 0.22899505766062603
1 0.8858267716535433 0.2545304777594728 0.026246719160104987 0.26359143327841844
0 0.5216535433070866 0.47034596375617793 0.05905511811023622 0.0642504118616145
0 0.505249343832021 0.714168039538715 0.06824146981627296 0.085667215815486
0 0.505249343832021 0.7883031301482701 0.06824146981627296 0.09390444810543658
0 0.6496062992125984 0.6169686985172982 0.07086614173228346 0.08237232289950576
0 0.6476377952755905 0.7051070840197694 0.06692913385826772 0.07742998352553541
0 0.11286089238845144 0.3393739703459638 0.06561679790026247 0.0757825370675453
0 0.5767716535433071 0.37397034596375617 0.045931758530183726 0.06754530477759473
1 0.5393700787401575 0.35337726523887975 0.02099737532808399 0.0642504118616145
