1 0.9231764705882353 0.7657931034482758 0.031294117647058826 0.2690344827586207
0 0.05565441176470588 0.6752758620689656 0.04869117647058824 0.1239310344827586
0 0.21142647058823527 0.6108793103448276 0.06258823529411765 0.13210344827586207
0 0.6293676470588235 0.39237931034482754 0.05423529411764706 0.15489655172413794
0 0.3522426470588235 0.881551724137931 0.061897058823529416 0.18751724137931036
0 0.3498088235294118 0.7405172413793103 0.057029411764705884 0.1793793103448276
0 0.3101764705882353 0.48777586206896556 0.05423529411764706 0.14024137931034483
1 0.016705882352941175 0.22686206896551722 0.03338235294117647 0.15979310344827588
1 0.01740441176470588 0.6214655172413793 0.03477941176470588 0.22175862068965518
1 0.9235294117647059 0.1975 0.03338235294117647 0.2543793103448276
