1 0.07647058823529412 0.23448275862068965 0.030882352941176472 0.2689655172413793
0 0.9441176470588235 0.32413793103448274 0.04852941176470588 0.12413793103448276
0 0.788235294117647 0.3896551724137931 0.06323529411764706 0.1310344827586207
0 0.37058823529411766 0.6068965517241379 0.054411764705882354 0.15517241379310345
0 0.6477941176470589 0.11896551724137931 0.061764705882352944 0.18620689655172415
0 0.65 0.25862068965517243 0.057352941176470586 0.1793103448275862
0 0.6897058823529412 0.5120689655172413 0.054411764705882354 0.1413793103448276
1 0.9830882352941176 0.7724137931034483 0.033823529411764704 0.15862068965517243
1 0.9823529411764705 0.3793103448275862 0.03529411764705882 0.2206896551724138
1 0.07647058823529412 0.8017241379310345 0.033823529411764704 0.25517241379310346
