0 0.19339622641509435 0.21834264432029796 0.04622641509433962 0.0446927374301676
0 0.4669811320754717 0.19134078212290503 0.04339622641509434 0.04283054003724395
0 0.505188679245283 0.186219739292365 0.04339622641509434 0.04189944134078212
0 0.4509433962264151 0.8743016759776536 0.04245283018867924 0.048417132216014895
0 0.4542452830188679 0.7746741154562383 0.04622641509433962 0.0446927374301676
0 0.5188679245283019 0.7239292364990689 0.05188679245283019 0.04283054003724395
0 0.46556603773584904 0.6932029795158287 0.06037735849056604 0.04562383612662942
0 0.2117924528301887 0.8067970204841713 0.04339622641509434 0.04748603351955307
0 0.04150943396226415 0.8081936685288641 0.04622641509433962 0.0446927374301676
0 0.125 0.7891061452513967 0.048113207547169815 0.04562383612662942
0 0.13349056603773585 0.749534450651769 0.03679245283018868 0.04189944134078212
0 0.09858490566037736 0.6475791433891993 0.03962264150943396 0.037243947858473
0 0.2018867924528302 0.6312849162011173 0.040566037735849055 0.03910614525139665
0 0.20424528301886793 0.5986964618249534 0.04245283018867924 0.04003724394785847
0 0.4099056603773585 0.5181564245810056 0.04245283018867924 0.04562383612662942
0 0.47971698113207545 0.6256983240223464 0.04905660377358491 0.036312849162011177
0 0.6066037735849057 0.4962756052141527 0.05471698113207547 0.0446927374301676
0 0.8622641509433963 0.5498137802607076 0.0509433962264151 0.048417132216014895
1 0.05188679245283019 0.7271880819366853 0.022641509433962263 0.03910614525139665
1 0.14481132075471698 0.8575418994413407 0.07075471698113207 0.023277467411545624
1 0.310377358490566 0.8566108007448789 0.09150943396226414 0.01675977653631285
1 0.5641509433962264 0.8575418994413407 0.06886792452830189 0.020484171322160148
1 0.1400943396226415 0.5311918063314711 0.07735849056603773 0.030726256983240222
1 0.30471698113207546 0.5293296089385475 0.05471698113207547 0.017690875232774673
1 0.34858490566037736 0.5297951582867784 0.04622641509433962 0.01675977653631285
1 0.5485849056603773 0.5321229050279329 0.07735849056603773 0.0260707635009311
1 0.6952830188679245 0.44925512104283055 0.05188679245283019 0.019553072625698324
1 0.8570754716981132 0.4511173184357542 0.057547169811320756 0.020484171322160148
1 0.054245283018867926 0.19972067039106145 0.02358490566037736 0.06517690875232775
1 0.6179245283018868 0.20577281191806332 0.02358490566037736 0.061452513966480445
