0 0.19224555735056542 0.6100478468899522 0.06623586429725363 0.10047846889952153
1 0.9458804523424879 0.4055023923444976 0.017770597738287562 0.22727272727272727
1 0.9434571890145396 0.6614832535885168 0.0210016155088853 0.2799043062200957
1 0.16478190630048464 0.5466507177033493 0.01615508885298869 0.0430622009569378
1 0.16639741518578352 0.7858851674641149 0.017770597738287562 0.2679425837320574
0 0.6187399030694669 0.13277511961722488 0.0630048465266559 0.09569377990430622
0 0.617124394184168 0.21411483253588517 0.0630048465266559 0.09808612440191387
0 0.7092084006462036 0.4677033492822967 0.061389337641357025 0.0861244019138756
0 0.7439418416801292 0.5765550239234449 0.07108239095315025 0.0861244019138756
0 0.721324717285945 0.6507177033492823 0.05331179321486268 0.08133971291866028
0 0.6122778675282714 0.6483253588516746 0.050080775444264945 0.09090909090909091
0 0.5549273021001615 0.5813397129186603 0.06785137318255251 0.09569377990430622
0 0.13570274636510501 0.6088516746411483 0.07592891760904685 0.09569377990430622
