0 0.19187399030694668 0.3894377990430622 0.06568659127625201 0.10007177033492823
1 0.945605815831987 0.5939114832535886 0.017835218093699513 0.22811004784688993
1 0.9437237479806139 0.3380023923444976 0.02159935379644588 0.280933014354067
1 0.16466074313408724 0.452799043062201 0.01691437802907916 0.043205741626794254
1 0.16607431340872375 0.21422248803827748 0.017835218093699513 0.26705741626794255
0 0.6187641357027465 0.867212918660287 0.06292407108239095 0.09595693779904306
0 0.6168901453957997 0.7858492822966507 0.06292407108239095 0.0973444976076555
0 0.7093941841680129 0.5327153110047848 0.061987075928917605 0.08624401913875597
0 0.7441518578352181 0.42284688995215314 0.07137318255250404 0.0862200956937799
0 0.7211389337641357 0.3498325358851675 0.05352180936995154 0.08205741626794258
0 0.61218901453958 0.35120813397129186 0.04977382875605816 0.0904066985645933
0 0.5548949919224556 0.41867224880382775 0.068562197092084 0.09456937799043062
0 0.13601777059773829 0.3908492822966507 0.07607431340872375 0.09456937799043062
