1 0.5607833089311859 0.17946236559139786 0.14203513909224014 0.022258064516129033
1 0.3051244509516838 0.17667562724014335 0.1329428989751098 0.02503584229390681
1 0.15570278184480235 0.17945340501792115 0.07272327964860908 0.02503584229390681
0 0.19093704245973644 0.8894802867383512 0.06363103953147878 0.0931899641577061
0 0.19093704245973644 0.7782078853046596 0.06363103953147878 0.08763440860215053
0 0.1699121522693997 0.6940591397849462 0.06931185944363104 0.07510752688172043
0 0.6443045387994144 0.6551254480286738 0.06134699853587115 0.08344086021505377
0 0.7806588579795021 0.6996326164874551 0.05455344070278184 0.0667562724014337
0 0.7391874084919473 0.5153405017921147 0.06021961932650074 0.05702508960573477
0 0.7272547584187409 0.5862724014336917 0.07043923865300146 0.07648745519713261
0 0.6539677891654466 0.4430197132616488 0.06477306002928258 0.0792652329749104
0 0.726683748169839 0.44510752688172045 0.06250366032210834 0.0806810035842294
0 0.6568081991215228 0.15233870967741936 0.06363103953147878 0.08206093189964157
0 0.21422401171303074 0.15233870967741936 0.06250366032210834 0.07370967741935484
1 0.10628111273792094 0.8574820788530466 0.051127379209370424 0.0264336917562724
1 0.5988579795021962 0.8581810035842294 0.12272327964860907 0.02503584229390681
1 0.8272474377745241 0.8574910394265233 0.05455344070278184 0.02921146953405018
1 0.34830161054172765 0.8609677419354839 0.13748169838945828 0.027813620071684586
1 0.803389458272328 0.17807347670250895 0.11816983894582722 0.030591397849462364
