1 0.3183262711864407 0.8286290322580645 0.149364406779661 0.02956989247311828
1 0.19809322033898305 0.9112903225806451 0.019067796610169493 0.1774193548387097
1 0.4698093220338983 0.9126344086021505 0.022245762711864406 0.17473118279569894
1 0.645656779661017 0.8272849462365591 0.2489406779661017 0.03494623655913978
1 0.8585805084745762 0.15994623655913978 0.025423728813559324 0.23521505376344087
0 0.4253177966101695 0.8736559139784946 0.07733050847457627 0.11290322580645161
0 0.4242584745762712 0.7849462365591398 0.07733050847457627 0.11155913978494623
0 0.163135593220339 0.20967741935483872 0.08792372881355932 0.10752688172043011
0 0.2309322033898305 0.20900537634408603 0.0858050847457627 0.10618279569892473
0 0.329978813559322 0.19086021505376344 0.07521186440677965 0.08602150537634409
0 0.4274364406779661 0.37298387096774194 0.07309322033898305 0.10483870967741936
0 0.558792372881356 0.37298387096774194 0.06991525423728813 0.10215053763440861
0 0.621292372881356 0.28763440860215056 0.07415254237288135 0.09005376344086022
