1 0.2504911591355599 0.08348294434470377 0.21218074656188604 0.026929982046678635
0 0.7416502946954814 0.6077199281867145 0.07072691552062868 0.07001795332136446
1 0.8595284872298625 0.08258527827648116 0.21611001964636542 0.03411131059245961
1 0.6728880157170923 0.08527827648114901 0.1787819253438114 0.03770197486535009
1 0.5108055009823183 0.08527827648114901 0.17288801571709234 0.04308797127468582
1 0.2544204322200393 0.9766606822262118 0.14538310412573674 0.03411131059245961
1 0.5599214145383105 0.973967684021544 0.15913555992141454 0.026929982046678635
1 0.7868369351669942 0.9757630161579892 0.15717092337917485 0.02872531418312388
0 0.3899803536345776 0.05565529622980251 0.08055009823182711 0.09156193895870736
0 0.21218074656188604 0.4838420107719928 0.07269155206286837 0.0718132854578097
0 0.3840864440078585 0.5798922800718133 0.08447937131630648 0.06642728904847396
0 0.32220039292730845 0.7100538599640933 0.0825147347740668 0.06822262118491922
0 0.4076620825147348 0.8186714542190305 0.05697445972495088 0.06822262118491922
0 0.4911591355599214 0.7549371633752244 0.09037328094302555 0.06642728904847396
0 0.4066797642436149 0.9299820466786356 0.060903732809430254 0.08258527827648116
0 0.7387033398821218 0.7001795332136446 0.060903732809430254 0.0718132854578097
