0 0.30817307692307694 0.5987762237762237 0.04807692307692308 0.06993006993006994
0 0.6225961538461539 0.5673076923076923 0.03942307692307692 0.09615384615384616
0 0.4855769230769231 0.12762237762237763 0.03173076923076923 0.06993006993006994
0 0.6649038461538461 0.09965034965034965 0.041346153846153845 0.0979020979020979
1 0.5966346153846154 0.027972027972027972 0.020192307692307693 0.055944055944055944
1 0.5985576923076923 0.4187062937062937 0.02403846153846154 0.1346153846153846
1 0.5975961538461538 0.5524475524475524 0.01730769230769231 0.057692307692307696
1 0.5975961538461538 0.9344405594405595 0.020192307692307693 0.07867132867132867
1 0.5951923076923077 0.9877622377622378 0.01730769230769231 0.024475524475524476
0 0.3596153846153846 0.9790209790209791 0.038461538461538464 0.04195804195804196
0 0.43509615384615385 0.9335664335664335 0.035576923076923075 0.05419580419580419
0 0.4168269230769231 0.9807692307692307 0.03942307692307692 0.038461538461538464
1 0.29134615384615387 0.10402097902097902 0.022115384615384617 0.16783216783216784
1 0.29086538461538464 0.4458041958041958 0.021153846153846155 0.21153846153846154
1 0.2918269230769231 0.6809440559440559 0.02403846153846154 0.11363636363636363
