0 0.44569230769230767 0.15096153846153845 0.03825 0.08762237762237762
0 0.46290384615384617 0.723277972027972 0.052788461538461534 0.07232517482517482
0 0.7050096153846154 0.4736363636363637 0.03825 0.057027972027972024
0 0.7203125 0.7997727272727273 0.05354807692307692 0.07510489510489511
1 0.764673076923077 0.6759965034965034 0.04130769230769231 0.036153846153846154
1 0.5447548076923078 0.6794755244755244 0.07420192307692308 0.04311188811188811
1 0.47093749999999995 0.6773863636363636 0.032124999999999994 0.030611888111888114
1 0.26095673076923076 0.6773863636363637 0.04360576923076923 0.036171328671328676
1 0.2215625 0.6739073426573426 0.03366346153846154 0.03197552447552447
0 0.2246201923076923 0.24484265734265737 0.045894230769230764 0.06954545454545455
0 0.26172115384615385 0.38183566433566435 0.029826923076923077 0.06538461538461539
0 0.22385576923076922 0.34985139860139863 0.04436538461538462 0.07092657342657342
0 0.06436538461538462 0.5243968531468531 0.031365384615384614 0.061206293706293706
1 0.8423173076923077 0.6766958041958042 0.07573076923076924 0.037552447552447556
1 0.8281682692307691 0.11548951048951049 0.11779807692307692 0.030594405594405596
1 0.7176346153846154 0.12035839160839161 0.09255769230769231 0.04033216783216783
1 0.5298365384615384 0.11966783216783217 0.11626923076923078 0.03895104895104895
1 0.4005576923076923 0.12174825174825175 0.06273076923076923 0.04311188811188811
