1 0.74658203125 0.19140625 0.0205078125 0.08333333333333333
1 0.7470703125 0.13606770833333334 0.015625 0.034505208333333336
1 0.30224609375 0.140625 0.0166015625 0.037109375
1 0.30419921875 0.19205729166666666 0.0185546875 0.08463541666666667
1 0.30517578125 0.3483072916666667 0.017578125 0.08333333333333333
1 0.3037109375 0.4010416666666667 0.015625 0.035807291666666664
1 0.30322265625 0.58203125 0.01416015625 0.060546875
1 0.3037109375 0.8326822916666666 0.015625 0.07747395833333333
0 0.447265625 0.7884114583333334 0.04541015625 0.07356770833333333
1 0.3037109375 0.8860677083333334 0.015625 0.039713541666666664
0 0.77099609375 0.7610677083333334 0.05712890625 0.0703125
0 0.76953125 0.2727864583333333 0.0517578125 0.06770833333333333
0 0.51806640625 0.1796875 0.03955078125 0.07356770833333333
0 0.451171875 0.20442708333333334 0.05908203125 0.06770833333333333
0 0.45068359375 0.2786458333333333 0.0625 0.06380208333333333
0 0.53076171875 0.6712239583333334 0.0478515625 0.06901041666666667
0 0.451171875 0.671875 0.05078125 0.076171875
0 0.40869140625 0.6041666666666666 0.05615234375 0.06380208333333333
0 0.2802734375 0.6822916666666666 0.064453125 0.07747395833333333
0 0.39501953125 0.68359375 0.05615234375 0.07747395833333333
1 0.75 0.90625 0.0166015625 0.07747395833333333
1 0.7509765625 0.8430989583333334 0.0224609375 0.0625
1 0.74560546875 0.6653645833333334 0.0185546875 0.07747395833333333
1 0.74755859375 0.6178385416666666 0.0166015625 0.037109375
1 0.7509765625 0.4290364583333333 0.0205078125 0.080078125
1 0.7470703125 0.359375 0.015625 0.080078125
