1 0.17097701149425287 0.7594458438287154 0.028735632183908046 0.24181360201511334
0 0.6681034482758621 0.29093198992443325 0.04741379310344827 0.08312342569269521
0 0.6206896551724138 0.2141057934508816 0.04741379310344827 0.07808564231738035
0 0.6163793103448276 0.28967254408060455 0.05028735632183908 0.07556675062972293
0 0.5668103448275862 0.5818639798488665 0.04885057471264368 0.09571788413098237
0 0.5754310344827587 0.27455919395465994 0.040229885057471264 0.0906801007556675
0 0.6688218390804598 0.5743073047858942 0.05172413793103448 0.08564231738035265
0 0.6688218390804598 0.6801007556675063 0.05172413793103448 0.08060453400503778
0 0.6185344827586207 0.7544080604534005 0.04310344827586207 0.08312342569269521
0 0.9008620689655172 0.7002518891687658 0.06609195402298851 0.0906801007556675
0 0.44396551724137934 0.8073047858942065 0.05172413793103448 0.10831234256926953
0 0.15158045977011494 0.10327455919395466 0.07183908045977011 0.0982367758186398
1 0.882183908045977 0.06926952141057935 0.031609195402298854 0.05793450881612091
1 0.8800287356321839 0.1486146095717884 0.03017241379310345 0.12594458438287154
1 0.882183908045977 0.27204030226700254 0.031609195402298854 0.1385390428211587
1 0.8807471264367817 0.3992443324937028 0.028735632183908046 0.13350125944584382
1 0.882183908045977 0.5239294710327456 0.028735632183908046 0.13602015113350127
1 0.8814655172413793 0.6045340050377834 0.031609195402298854 0.05037783375314862
1 0.8829022988505747 0.8287153652392947 0.027298850574712645 0.1964735516372796
1 0.17169540229885058 0.48740554156171284 0.027298850574712645 0.1964735516372796
1 0.17169540229885058 0.6020151133501259 0.028735632183908046 0.05793450881612091
1 0.17169540229885058 0.2695214105793451 0.027298850574712645 0.25692695214105793
1 0.6127873563218391 0.030226700251889168 0.033045977011494254 0.04534005037783375
1 0.5581896551724138 0.031486146095717885 0.07040229885057471 0.04785894206549118
