0 0.7353255069370331 0.6643356643356644 0.07043756670224119 0.08391608391608392
1 0.6974386339381003 0.12727272727272726 0.054429028815368194 0.21958041958041957
1 0.6963713980789754 0.9426573426573427 0.054429028815368194 0.11188811188811189
0 0.43543223052294555 0.3531468531468531 0.0736392742796158 0.08251748251748252
0 0.29989327641408753 0.25384615384615383 0.05976520811099253 0.08671328671328671
0 0.33404482390608325 0.41188811188811186 0.07470651013874066 0.08531468531468532
1 0.6979722518676628 0.5181818181818182 0.05549626467449306 0.16643356643356644
0 0.28601921024546423 0.48671328671328673 0.064034151547492 0.09090909090909091
0 0.1830309498399146 0.43566433566433566 0.08751334044823907 0.08811188811188811
0 0.6483457844183564 0.6692307692307692 0.06830309498399147 0.0937062937062937
