1 0.14020270270270271 0.4898989898989899 0.03547297297297297 0.19336219336219337
1 0.3217905405405405 0.18037518037518038 0.037162162162162164 0.12987012987012986
1 0.14189189189189189 0.7359307359307359 0.04560810810810811 0.1443001443001443
0 0.7027027027027027 0.11688311688311688 0.08277027027027027 0.06349206349206349
0 0.38091216216216217 0.2893217893217893 0.08108108108108109 0.07503607503607504
0 0.23817567567567569 0.2784992784992785 0.08783783783783784 0.08946608946608947
0 0.23395270270270271 0.3556998556998557 0.0929054054054054 0.09812409812409813
0 0.504222972972973 0.683982683982684 0.09966216216216216 0.06637806637806638
0 0.5785472972972973 0.7366522366522367 0.07094594594594594 0.06782106782106782
0 0.7559121621621622 0.676046176046176 0.07432432432432433 0.06926406926406926
0 0.7483108108108109 0.7366522366522367 0.0929054054054054 0.09379509379509379
0 0.7508445945945946 0.8124098124098124 0.0945945945945946 0.09523809523809523
0 0.7288851351351351 0.49567099567099565 0.06925675675675676 0.05916305916305916
