1 0.28356583072100316 0.04034400948991697 0.10750783699059561 0.03893238434163701
0 0.7416144200626958 0.7531376037959667 0.04410658307210032 0.05424673784104389
0 0.8840399686520377 0.7274080664294187 0.04409874608150471 0.08345195729537366
0 0.8335031347962382 0.33728351126927636 0.042272727272727274 0.07648873072360618
0 0.781128526645768 0.33728351126927636 0.042272727272727274 0.0737129300118624
0 0.7898550156739811 0.5313048635824437 0.04318965517241379 0.06676156583629893
0 0.7356426332288402 0.48679715302491106 0.054216300940438875 0.0695373665480427
0 0.6455956112852665 0.4360379596678529 0.04869905956112853 0.09596678529062871
0 0.6437578369905956 0.3664887307236062 0.045023510971786834 0.09319098457888493
0 0.3988832288401254 0.8838790035587187 0.05329937304075236 0.10986951364175564
0 0.4296669278996865 0.709329774614472 0.045023510971786834 0.07510083036773428
0 0.3671786833855799 0.6759489916963227 0.04869905956112853 0.07787663107947806
0 0.2477311912225705 0.27539145907473306 0.07809561128526646 0.08345195729537366
0 0.19581504702194358 0.2795670225385528 0.07717868338557994 0.08345195729537366
1 0.7085384012539185 0.8428469750889681 0.04594827586206897 0.033380782918149464
1 0.8665791536050158 0.8463226571767497 0.08637147335423197 0.037556346381969155
1 0.8831191222570532 0.03965005931198102 0.11026645768025077 0.037544483985765126
1 0.6759208463949844 0.26774614472123365 0.022970219435736676 0.15437722419928823
1 0.6070062695924765 0.49166666666666664 0.02664576802507837 0.1543890865954923
1 0.3639655172413793 0.8449347568208778 0.031238244514106582 0.03198102016607355
1 0.23532915360501566 0.8497983392645314 0.08086206896551724 0.03615658362989324
1 0.17927507836990594 0.8484104389086596 0.042264890282131665 0.033380782918149464
1 0.15079153605015674 0.48053973902728353 0.031238244514106582 0.1376868327402135
1 0.4521747648902821 0.03965005931198102 0.04043103448275862 0.03199288256227758
1 0.22108542319749216 0.11544483985765124 0.035838557993730404 0.11404507710557532
