1 0.2836990595611285 0.9596678529062871 0.10736677115987461 0.03914590747330961
0 0.7417711598746082 0.24673784104389088 0.0438871473354232 0.054567022538552785
0 0.8840125391849529 0.27283511269276395 0.0438871473354232 0.0830367734282325
0 0.8334639498432602 0.6625148279952551 0.04231974921630094 0.07591933570581258
0 0.7809561128526645 0.6625148279952551 0.04231974921630094 0.07354685646500593
0 0.7899686520376176 0.46856465005931197 0.04310344827586207 0.066429418742586
0 0.7355015673981191 0.5130486358244365 0.054075235109717866 0.06998813760379596
0 0.64576802507837 0.5640569395017794 0.048589341692789965 0.09608540925266904
0 0.6438087774294671 0.6334519572953736 0.04467084639498432 0.0937129300118624
0 0.3989028213166144 0.1162514827995255 0.05329153605015674 0.1103202846975089
0 0.429858934169279 0.29062870699881377 0.04467084639498432 0.07473309608540925
0 0.36716300940438873 0.3238434163701068 0.048589341692789965 0.07829181494661921
0 0.2476489028213166 0.7247924080664294 0.07836990595611286 0.0830367734282325
0 0.19592476489028213 0.7206405693950177 0.0768025078369906 0.0830367734282325
1 0.7084639498432602 0.1571767497034401 0.04623824451410658 0.033214709371293
1 0.8667711598746082 0.15361803084223014 0.08620689655172414 0.03795966785290629
1 0.8832288401253918 0.9602609727164887 0.11050156739811912 0.03795966785290629
1 0.6759404388714734 0.732502965599051 0.022727272727272728 0.1542111506524318
1 0.606974921630094 0.5083036773428232 0.02664576802507837 0.1542111506524318
1 0.3640282131661442 0.15480427046263345 0.03134796238244514 0.03202846975088968
1 0.23550156739811912 0.15005931198102015 0.08072100313479624 0.03558718861209965
1 0.17946708463949843 0.15183867141162516 0.04231974921630094 0.033214709371293
1 0.15086206896551724 0.5195729537366548 0.03134796238244514 0.1376037959667853
1 0.45219435736677116 0.9602609727164887 0.04075235109717868 0.03202846975088968
1 0.22100313479623823 0.8843416370106761 0.03605015673981191 0.11387900355871886
