1 0.28662109375 0.09309895833333333 0.02880859375 0.115234375
1 0.44677734375 0.4173177083333333 0.04052734375 0.034505208333333336
1 0.4033203125 0.31640625 0.02490234375 0.11653645833333333
1 0.28466796875 0.59375 0.02685546875 0.11783854166666667
1 0.28369140625 0.7044270833333334 0.02685546875 0.099609375
1 0.40283203125 0.9453125 0.01953125 0.08854166666666667
0 0.6220703125 0.10546875 0.05078125 0.0625
0 0.62158203125 0.21158854166666666 0.0498046875 0.059244791666666664
0 0.75244140625 0.8795572916666666 0.0673828125 0.06901041666666667
0 0.61376953125 0.8880208333333334 0.04248046875 0.06380208333333333
0 0.5771484375 0.8776041666666666 0.05078125 0.0625
0 0.61962890625 0.947265625 0.0498046875 0.059244791666666664
0 0.51025390625 0.8880208333333334 0.04443359375 0.06901041666666667
0 0.38037109375 0.8587239583333334 0.064453125 0.06640625
0 0.75341796875 0.22721354166666666 0.0634765625 0.06901041666666667
0 0.75390625 0.08463541666666667 0.0625 0.0703125
0 0.5595703125 0.23177083333333334 0.03857421875 0.06640625
0 0.5126953125 0.22330729166666666 0.05078125 0.06640625
0 0.5146484375 0.3776041666666667 0.04052734375 0.052734375
1 0.73046875 0.75 0.02587890625 0.07877604166666667
1 0.730712890625 0.9661458333333334 0.02880859375 0.06770833333333333
1 0.68017578125 0.4140625 0.05810546875 0.035807291666666664
1 0.73046875 0.3157552083333333 0.02783203125 0.11783854166666667
1 0.730224609375 0.027994791666666668 0.02783203125 0.055989583333333336
1 0.287353515625 0.017578125 0.02685546875 0.03515625
