0 0.49072265625 0.548828125 0.04443359375 0.06640625
1 0.63720703125 0.10481770833333333 0.2001953125 0.072265625
1 0.490234375 0.10481770833333333 0.05419921875 0.057942708333333336
1 0.51513671875 0.2955729166666667 0.02490234375 0.09440104166666667
0 0.5390625 0.5833333333333334 0.0771484375 0.09440104166666667
0 0.5341796875 0.375 0.0634765625 0.07747395833333333
0 0.78076171875 0.13802083333333334 0.052734375 0.091796875
0 0.44775390625 0.5481770833333334 0.046875 0.07356770833333333
0 0.3876953125 0.55078125 0.05810546875 0.09309895833333333
0 0.3701171875 0.484375 0.05615234375 0.06380208333333333
0 0.25244140625 0.6666666666666666 0.08837890625 0.13606770833333334
0 0.36328125 0.7486979166666666 0.046875 0.08333333333333333
