0 0.5557103064066853 0.9218455743879472 0.08495821727019498 0.1167608286252354
0 0.48119777158774374 0.2871939736346516 0.0766016713091922 0.0903954802259887
0 0.18662952646239556 0.2796610169491525 0.09192200557103064 0.09792843691148775
0 0.12047353760445682 0.2796610169491525 0.0905292479108635 0.10357815442561205
0 0.5835654596100278 0.5753295668549906 0.07103064066852367 0.09227871939736347
0 0.5842618384401114 0.7627118644067796 0.07799442896935933 0.096045197740113
1 0.9338440111420613 0.256120527306968 0.02924791086350975 0.3427495291902072
1 0.15041782729805014 0.1440677966101695 0.03064066852367688 0.1902071563088512
1 0.8398328690807799 0.8785310734463276 0.0766016713091922 0.03766478342749529
0 0.5557103064066853 0.8333333333333334 0.0766016713091922 0.1224105461393597
0 0.7813370473537604 0.5725047080979284 0.06824512534818941 0.08286252354048965
1 0.9317548746518106 0.5659133709981168 0.02924791086350975 0.14689265536723164
