0 0.9020185728250245 0.4784809160305344 0.056099706744868034 0.09458015267175574
1 0.3503519061583578 0.785854961832061 0.030283479960899317 0.019465648854961833
1 0.5079765395894428 0.13912977099236642 0.16207233626588466 0.025038167938931294
1 0.3036021505376344 0.1384351145038168 0.0846041055718475 0.026427480916030532
1 0.14241935483870968 0.13842748091603055 0.0846041055718475 0.020854961832061068
0 0.6077126099706746 0.34148854961832065 0.05343108504398827 0.07650381679389313
0 0.2555131964809384 0.8206335877862595 0.05253176930596286 0.0973587786259542
1 0.4532062561094819 0.8157557251908397 0.025826001955034216 0.040335877862595425
1 0.5133186705767351 0.8338396946564884 0.09617790811339198 0.026427480916030532
1 0.570307917888563 0.8067251908396946 0.033831867057673506 0.041725190839694656
1 0.7390615835777127 0.7830763358778627 0.08281524926686216 0.02502290076335878
1 0.8263294232649072 0.5320305343511451 0.013362658846529814 0.09874809160305345
1 0.9412023460410558 0.36235114503816795 0.015131964809384165 0.05422900763358779
0 0.7613196480938417 0.6669389312977099 0.05075268817204301 0.08761832061068703
0 0.6446676441837732 0.6940610687022901 0.056099706744868034 0.08067175572519085
1 0.7399511241446726 0.1349465648854962 0.08459433040078201 0.02781679389312977
0 0.8098533724340176 0.20658015267175572 0.05698924731182795 0.07926717557251908
0 0.2528445747800587 0.3616564885496183 0.04363636363636364 0.0862442748091603
0 0.20831378299120235 0.5598473282442747 0.05432062561094819 0.07370992366412214
0 0.3160703812316716 0.6419083969465649 0.06144672531769306 0.08204580152671756
0 0.25685239491691103 0.7156183206106871 0.05521016617790811 0.09041221374045802
0 0.8485923753665688 0.6905877862595421 0.06144672531769306 0.08483969465648855
1 0.14553763440860215 0.7886412213740459 0.0801466275659824 0.030595419847328244
0 0.20653470185728254 0.4298091603053435 0.059657869012707726 0.07232061068702289
0 0.7466275659824048 0.5292519083969465 0.04273704789833822 0.05981679389312977
