1 0.6827956989247311 0.26641221374045804 0.01270772238514174 0.04732824427480916
1 0.26881720430107525 0.5122137404580153 0.015640273704789834 0.2534351145038168
1 0.26832844574780057 0.19312977099236642 0.016617790811339198 0.13282442748091602
0 0.39833822091886606 0.6679389312977099 0.04887585532746823 0.08396946564885496
0 0.7052785923753666 0.1183206106870229 0.06256109481915934 0.08244274809160305
1 0.7023460410557185 0.4267175572519084 0.02541544477028348 0.03969465648854962
1 0.7135874877810362 0.5206106870229008 0.016617790811339198 0.14961832061068703
1 0.6964809384164223 0.6099236641221374 0.026392961876832845 0.05343511450381679
1 0.6813294232649071 0.8732824427480916 0.015640273704789834 0.1297709923664122
0 0.6070381231671554 0.9083969465648855 0.05571847507331378 0.07938931297709924
0 0.6241446725317693 0.7259541984732825 0.05180840664711633 0.08702290076335878
1 0.26637341153470184 0.8748091603053435 0.017595307917888565 0.13282442748091602
0 0.3118279569892473 0.9694656488549618 0.05083088954056696 0.061068702290076333
0 0.4115347018572825 0.11374045801526718 0.05474095796676442 0.06870229007633588
0 0.5381231671554252 0.044274809160305344 0.0469208211143695 0.08549618320610687
0 0.5909090909090909 0.2129770992366412 0.05278592375366569 0.09618320610687023
0 0.6378299120234604 0.12061068702290076 0.05767350928641251 0.08549618320610687
0 0.4550342130987292 0.044274809160305344 0.04594330400782014 0.08854961832061069
0 0.5185728250244379 0.8854961832061069 0.03812316715542522 0.06717557251908397
