0 0.5905982905982906 0.7095687331536388 0.04700854700854701 0.0862533692722372
0 0.8448717948717949 0.3557951482479784 0.044444444444444446 0.07008086253369272
0 0.6059829059829059 0.3504043126684636 0.05811965811965812 0.08355795148247978
0 0.5743589743589743 0.2574123989218329 0.05213675213675214 0.10512129380053908
0 0.3299145299145299 0.555256064690027 0.05299145299145299 0.09838274932614555
0 0.34487179487179487 0.44339622641509435 0.0547008547008547 0.07816711590296496
0 0.297008547008547 0.36455525606469 0.05299145299145299 0.0862533692722372
0 0.2076923076923077 0.3436657681940701 0.0641025641025641 0.0862533692722372
0 0.1623931623931624 0.33827493261455527 0.06666666666666667 0.0876010781671159
0 0.3901709401709402 0.2580862533692722 0.037606837606837605 0.07142857142857142
1 0.2636752136752137 0.04582210242587601 0.09145299145299145 0.03638814016172507
1 0.18376068376068377 0.0963611859838275 0.02564102564102564 0.10377358490566038
1 0.7811965811965812 0.8611859838274932 0.17435897435897435 0.03908355795148248
1 0.5482905982905983 0.7466307277628033 0.05213675213675214 0.02830188679245283
1 0.5145299145299145 0.644878706199461 0.02735042735042735 0.18733153638814015
1 0.33076923076923076 0.862533692722372 0.15726495726495726 0.04177897574123989
1 0.18632478632478633 0.8045822102425876 0.020512820512820513 0.12398921832884097
1 0.18547008547008548 0.5357142857142857 0.022222222222222223 0.07816711590296496
1 0.18547008547008548 0.4582210242587601 0.020512820512820513 0.07681940700808626
1 0.18162393162393162 0.261455525606469 0.03162393162393162 0.09433962264150944
1 0.5341880341880342 0.2931266846361186 0.03418803418803419 0.0444743935309973
1 0.8504273504273504 0.04986522911051213 0.08888888888888889 0.03908355795148248
1 0.7128205128205128 0.05053908355795148 0.09230769230769231 0.04043126684636118
1 0.6235042735042735 0.16981132075471697 0.023076923076923078 0.13611859838274934
1 0.41752136752136754 0.04380053908355795 0.05555555555555555 0.03773584905660377
0 0.5914529914529915 0.7742587601078167 0.04700854700854701 0.09029649595687332
