0 0.4095683760683761 0.2907412398921833 0.04674358974358974 0.08622641509433962
0 0.1551025641025641 0.6440026954177898 0.04410256410256411 0.06954177897574124
0 0.39413247863247863 0.6495687331536387 0.058213675213675216 0.08345013477088949
0 0.4254444444444444 0.742756064690027 0.052034188034188036 0.10570080862533694
0 0.6702136752136753 0.4444272237196765 0.05292307692307693 0.0987466307277628
0 0.6552179487179487 0.5563814016172507 0.05469230769230769 0.07788409703504043
0 0.7028461538461539 0.6356603773584906 0.05292307692307693 0.08622641509433962
0 0.7923760683760683 0.656522911051213 0.0643931623931624 0.08622641509433962
0 0.8377991452991453 0.6613948787061995 0.06703418803418804 0.0876145552560647
0 0.6097905982905982 0.74205525606469 0.03792307692307692 0.07092991913746631
1 0.7363632478632478 0.9541576819407008 0.09173504273504274 0.036159029649595685
1 0.8161923076923078 0.9033962264150944 0.02558119658119658 0.10431266846361187
1 0.21860683760683758 0.13913746630727764 0.17464957264957265 0.03894878706199461
1 0.45190598290598294 0.2531805929919137 0.052034188034188036 0.027816711590296497
1 0.48542307692307696 0.35541778975741245 0.02734188034188034 0.18776280323450134
1 0.6693290598290599 0.13774932614555258 0.157 0.04172506738544474
1 0.8135427350427351 0.19546495956873314 0.020282051282051284 0.12378706199460916
1 0.8144273504273504 0.464588948787062 0.022051282051282053 0.07788409703504043
1 0.8144273504273504 0.5417789757412399 0.02029059829059829 0.07649595687331535
1 0.818397435897436 0.7385849056603775 0.03175213675213675 0.09458221024258762
1 0.4660213675213675 0.7065902964959568 0.034401709401709404 0.044501347708894884
1 0.14936324786324787 0.9499865229110513 0.08908547008547009 0.03894878706199461
1 0.28696581196581195 0.9492924528301887 0.09261538461538461 0.040336927223719676
1 0.376491452991453 0.8303773584905662 0.02293162393162393 0.13630727762803235
1 0.582448717948718 0.9562466307277627 0.05556410256410257 0.03756064690026954
0 0.4086880341880342 0.22606469002695415 0.04674358974358974 0.0904043126684636
