0 0.39428815004262574 0.18665850673194614 0.06223358908780904 0.09424724602203183
1 0.83461210571185 0.7974296205630355 0.028132992327365727 0.24112607099143207
1 0.10443307757885763 0.7913096695226438 0.023870417732310314 0.20318237454100369
1 0.10315430520034101 0.5159118727050184 0.029838022165387893 0.19216646266829865
1 0.10272804774083547 0.2613219094247246 0.023017902813299233 0.1003671970624235
0 0.860613810741688 0.6432068543451652 0.06905370843989769 0.08200734394124846
0 0.8120204603580563 0.6376988984088128 0.07161125319693094 0.09302325581395349
0 0.3393009377664109 0.7093023255813954 0.06990622335890878 0.09179926560587515
0 0.33631713554987214 0.48959608323133413 0.06223358908780904 0.08935128518971848
0 0.38235294117647056 0.37821297429620565 0.058823529411764705 0.07833537331701346
0 0.39471440750213127 0.10281517747858017 0.058823529411764705 0.09791921664626684
