0 0.6056351236146632 0.8136291309669523 0.06199488491048593 0.09457772337821296
1 0.16535805626598465 0.2023623011015912 0.02809036658141518 0.2406119951040392
1 0.8957672634271099 0.20861689106487147 0.02421994884910486 0.20305997552019583
1 0.8967348678601874 0.4839963280293757 0.03002557544757033 0.19193390452876377
1 0.8972165387894288 0.7385189718482252 0.023248081841432226 0.1001468788249694
0 0.13919863597612958 0.3567441860465116 0.06878090366581416 0.08205630354957161
0 0.1881202046035806 0.36230722154222766 0.07168797953964194 0.09318237454100367
0 0.6608525149190111 0.2906731946144431 0.06975277067348679 0.09179926560587515
0 0.6637595907928389 0.5104283965728275 0.06199488491048593 0.08900856793145655
0 0.6177450980392157 0.6216952264381885 0.05908780903665815 0.07788249694002448
0 0.605153452685422 0.8970746634026927 0.05908780903665815 0.09735618115055081
