0 0.35185185185185186 0.6309226932668329 0.047619047619047616 0.06982543640897755
0 0.30599647266313934 0.8391521197007481 0.05291005291005291 0.06234413965087282
0 0.25749559082892415 0.9052369077306733 0.04938271604938271 0.08977556109725686
0 0.7319223985890653 0.543640897755611 0.04409171075837742 0.08229426433915212
0 0.718694885361552 0.6296758104738155 0.05291005291005291 0.06733167082294264
0 0.7671957671957672 0.6633416458852868 0.04409171075837742 0.06733167082294264
0 0.7751322751322751 0.7356608478802993 0.04585537918871252 0.06234413965087282
0 0.9497354497354498 0.7793017456359103 0.0582010582010582 0.06982543640897755
1 0.7319223985890653 0.17955112219451372 0.08641975308641975 0.029925187032418952
0 0.2583774250440917 0.6321695760598504 0.04938271604938271 0.0798004987531172
0 0.17548500881834214 0.6122194513715711 0.05291005291005291 0.06982543640897755
0 0.2072310405643739 0.5261845386533666 0.042328042328042326 0.057356608478802994
0 0.19929453262786595 0.428927680798005 0.05291005291005291 0.08977556109725686
0 0.26631393298059963 0.4114713216957606 0.05291005291005291 0.08977556109725686
0 0.5952380952380952 0.1546134663341646 0.05291005291005291 0.09226932668329177
0 0.6119929453262787 0.37531172069825436 0.047619047619047616 0.059850374064837904
0 0.6128747795414462 0.32418952618453867 0.04938271604938271 0.06733167082294264
0 0.7786596119929453 0.42144638403990026 0.04409171075837742 0.06733167082294264
0 0.8641975308641975 0.4139650872817955 0.04938271604938271 0.0798004987531172
1 0.5396825396825397 0.18329177057356608 0.07231040564373897 0.032418952618453865
1 0.4708994708994709 0.18453865336658354 0.07231040564373897 0.029925187032418952
1 0.2962962962962963 0.17830423940149626 0.08289241622574955 0.029925187032418952
1 0.10934744268077601 0.18329177057356608 0.08289241622574955 0.032418952618453865
1 0.007054673721340388 0.243142144638404 0.014109347442680775 0.06733167082294264
1 0.008818342151675485 0.614713216957606 0.01763668430335097 0.06483790523690773
1 0.10934744268077601 0.8802992518703242 0.08112874779541446 0.032418952618453865
1 0.36243386243386244 0.8765586034912718 0.047619047619047616 0.032418952618453865
1 0.3932980599647266 0.9301745635910225 0.019400352733686066 0.06234413965087282
1 0.5149911816578483 0.9638403990024937 0.07054673721340388 0.02743142144638404
1 0.4479717813051146 0.9613466334164589 0.07760141093474426 0.02743142144638404
1 0.5670194003527337 0.92643391521197 0.021164021164021163 0.059850374064837904
1 0.6596119929453262 0.8778054862842892 0.042328042328042326 0.032418952618453865
1 0.7574955908289241 0.8778054862842892 0.07407407407407407 0.02743142144638404
1 0.8359788359788359 0.8778054862842892 0.042328042328042326 0.02743142144638404
1 0.9294532627865961 0.5972568578553616 0.019400352733686066 0.12718204488778054
