1 0.22089189189189187 0.6627719112988384 0.02277837837837838 0.14326293558606124
1 0.8879891891891891 0.3644403379091869 0.0299027027027027 0.13073917634635693
0 0.4807567567567567 0.4861351636747624 0.06123243243243243 0.06536430834213305
0 0.19740000000000002 0.794208025343189 0.06976216216216216 0.06119324181626188
0 0.3839297297297297 0.8310612460401267 0.04982702702702703 0.040327349524815204
0 0.5676108108108109 0.8776557550158395 0.06123243243243243 0.058416050686378035
1 0.21804864864864865 0.16624604012671595 0.01709189189189189 0.08205913410770854
1 0.21876216216216215 0.3074181626187962 0.024205405405405406 0.06119324181626188
1 0.565481081081081 0.050116156282998946 0.22782702702702703 0.022259767687434002
1 0.789027027027027 0.05081309398099261 0.13954594594594597 0.020865892291446676
0 0.4416 0.31923970432946147 0.06834594594594594 0.06536430834213305
0 0.47862162162162164 0.3748732840549102 0.06264864864864865 0.07371700105596621
0 0.6245675675675676 0.3755649419218585 0.05268108108108108 0.058416050686378035
