1 0.6664864864864865 0.2275607180570222 0.14702702702702702 0.022175290390707498
1 0.36108108108108106 0.8790918690601901 0.13405405405405404 0.029567053854276663
0 0.4859459459459459 0.48099260823653645 0.06702702702702702 0.06019007391763464
0 0.8010810810810811 0.20432946145723338 0.0627027027027027 0.06863780359028511
0 0.8389189189189189 0.3864836325237592 0.04108108108108108 0.048574445617740235
0 0.8864864864864865 0.5659978880675819 0.05945945945945946 0.06019007391763464
1 0.15837837837837837 0.22439281942977823 0.08432432432432432 0.01689545934530095
1 0.3027027027027027 0.22544878563885956 0.0627027027027027 0.023231256599788808
1 0.03945945945945946 0.5638859556494192 0.022702702702702703 0.22280887011615627
1 0.04 0.7824709609292503 0.021621621621621623 0.13621964097148892
0 0.31513513513513514 0.4429778247096093 0.06702702702702702 0.0665258711721225
0 0.37189189189189187 0.4788806758183738 0.07567567567567568 0.061246040126715945
0 0.37243243243243246 0.6214361140443506 0.05945945945945946 0.05174234424498416
