0 0.5633074935400517 0.44772727272727275 0.08397932816537468 0.0659090909090909
0 0.6873385012919897 0.2551136363636364 0.06330749354005168 0.05568181818181818
0 0.0917312661498708 0.46193181818181817 0.09043927648578812 0.060227272727272727
0 0.5820413436692506 0.7136363636363636 0.06459948320413436 0.06818181818181818
0 0.5032299741602068 0.6670454545454545 0.06459948320413436 0.06363636363636363
1 0.8572351421188631 0.39488636363636365 0.03617571059431524 0.12386363636363637
1 0.5801033591731266 0.1431818181818182 0.06976744186046512 0.035227272727272725
1 0.8572351421188631 0.7897727272727273 0.040051679586563305 0.1318181818181818
0 0.3520671834625323 0.7142045454545455 0.06976744186046512 0.06704545454545455
1 0.8572351421188631 0.2255681818181818 0.03617571059431524 0.0625
0 0.479328165374677 0.12215909090909091 0.0710594315245478 0.08522727272727272
0 0.5077519379844961 0.24943181818181817 0.07751937984496124 0.06136363636363636
0 0.3701550387596899 0.8210227272727273 0.06847545219638243 0.05795454545454545
1 0.12209302325581395 0.7767045454545455 0.04263565891472868 0.13636363636363635
1 0.12015503875968993 0.5653409090909091 0.040051679586563305 0.1590909090909091
1 0.12209302325581395 0.31136363636363634 0.040051679586563305 0.15113636363636362
1 0.4160206718346253 0.14488636363636365 0.06847545219638243 0.029545454545454545
0 0.9670542635658915 0.6295454545454545 0.06589147286821706 0.07045454545454545
0 0.8908268733850129 0.6431818181818182 0.09302325581395349 0.06704545454545455
0 0.4928940568475452 0.38522727272727275 0.06976744186046512 0.07386363636363637
