1 0.8053204353083434 0.808300395256917 0.08585247883917775 0.023715415019762844
0 0.3875453446191052 0.23254281949934125 0.049576783555018135 0.06851119894598155
1 0.8530834340991535 0.08432147562582346 0.02539298669891173 0.09749670619235837
1 0.4347037484885127 0.6982872200263505 0.02176541717049577 0.13175230566534915
1 0.43409915356711004 0.546772068511199 0.022974607013301087 0.10935441370223979
1 0.4328899637243047 0.4038208168642951 0.02539298669891173 0.11462450592885376
1 0.3004836759371221 0.2602108036890646 0.11970979443772672 0.023715415019762844
1 0.22370012091898428 0.20619235836627142 0.02781136638452237 0.08168642951251646
0 0.7400241837968561 0.5902503293807642 0.03143893591293833 0.030303030303030304
0 0.32043530834340994 0.9519104084321476 0.05078597339782346 0.05006587615283267
0 0.7031438935912938 0.16073781291172595 0.05199516324062878 0.057971014492753624
0 0.8766626360338573 0.21870882740447958 0.06529625151148731 0.0461133069828722
0 0.8016928657799275 0.21936758893280633 0.053204353083434096 0.05006587615283267
0 0.8730350665054414 0.41106719367588934 0.05804111245465538 0.05533596837944664
0 0.7629987908101572 0.2865612648221344 0.037484885126964934 0.04084321475625823
0 0.7430471584038694 0.6291172595520421 0.03869407496977025 0.04479578392621871
0 0.6729141475211609 0.6706192358366272 0.04353083434099154 0.043478260869565216
0 0.6904474002418379 0.6389986824769434 0.05441354292623942 0.05006587615283267
0 0.6233373639661427 0.6436100131752306 0.05078597339782346 0.052700922266139656
0 0.624546553808948 0.5349143610013175 0.04836759371221282 0.05006587615283267
0 0.6239419588875453 0.3096179183135705 0.06287787182587666 0.04743083003952569
0 0.38814993954050786 0.2865612648221344 0.05562273276904474 0.06851119894598155
