1 0.7827750906892382 0.8324571805006588 0.0217049576783555 0.09318840579710146
0 0.25432285368802904 0.37766139657444003 0.06255139056831922 0.054242424242424245
1 0.11837968561064088 0.8846179183135704 0.08935912938331318 0.027812911725955205
1 0.6819347037484885 0.4291238471673255 0.12125755743651753 0.02364953886693017
1 0.5427992744860943 0.42843214756258235 0.10083434099153567 0.025032938076416336
1 0.4119588875453447 0.42703557312252965 0.10466747279322854 0.02782608695652174
1 0.2798488512696493 0.2823913043478261 0.0217049576783555 0.13073781291172595
1 0.23006650544135432 0.19893939393939394 0.07532043530834341 0.030606060606060605
0 0.5830108827085853 0.761528326745718 0.028077388149939538 0.034782608695652174
0 0.9148911729141476 0.3046442687747036 0.04596130592503023 0.05563899868247694
0 0.18858524788391776 0.7211989459815547 0.05361547762998791 0.05702239789196311
0 0.24155985489721885 0.9103425559947298 0.042128174123337365 0.07093544137022398
0 0.24219467956469165 0.8289855072463768 0.04596130592503023 0.05841897233201582
0 0.41834340991535673 0.9061725955204216 0.051051995163240625 0.06259552042160738
0 0.3041051995163241 0.7865678524374177 0.03701330108827086 0.04032938076416337
0 0.6187545344619105 0.765 0.04084643288996372 0.04172595520421608
0 0.6564087061668682 0.6885111989459816 0.03956469165659008 0.04729907773386034
0 0.6276844014510279 0.7072859025032938 0.04596130592503023 0.05981554677206851
0 0.6315175332527206 0.6342687747035574 0.0485006045949214 0.05562582345191041
0 0.5319467956469166 0.6356587615283268 0.045949214026602174 0.05284584980237154
0 0.32516928657799277 0.6349670619235837 0.04339782345828295 0.06814229249011858
0 0.3041051995163241 0.37835968379446644 0.06255139056831922 0.06119894598155468
