0 0.08874172185430464 0.8364238410596027 0.12582781456953643 0.08609271523178808
1 0.9622516556291391 0.4986754966887417 0.05827814569536424 0.2980132450331126
1 0.9145695364238411 0.3437086092715232 0.07682119205298013 0.051655629139072845
1 0.7688741721854304 0.19801324503311257 0.060927152317880796 0.21986754966887417
0 0.8430463576158941 0.3079470198675497 0.08344370860927153 0.1337748344370861
0 0.6735099337748345 0.3887417218543046 0.08079470198675497 0.10331125827814569
0 0.3741721854304636 0.304635761589404 0.08344370860927153 0.07682119205298013
0 0.2933774834437086 0.25165562913907286 0.0781456953642384 0.09006622516556291
0 0.28807947019867547 0.6437086092715232 0.0781456953642384 0.09271523178807947
0 0.16688741721854305 0.833112582781457 0.11390728476821192 0.07947019867549669
