0 0.16337748344370862 0.9109470198675497 0.0862251655629139 0.12517880794701988
1 0.5013509933774835 0.037509933774834435 0.2976423841059603 0.05841059602649007
1 0.6564238410596027 0.08549006622516557 0.05147019867549669 0.07649006622516556
1 0.8017682119205298 0.23083443708609272 0.2197483443708609 0.06119205298013245
0 0.6918874172185431 0.15711920529801324 0.13352317880794703 0.0834569536423841
0 0.611225165562914 0.3268013245033113 0.10292715231788079 0.08067549668874172
0 0.695364238410596 0.6258278145695364 0.07650331125827814 0.08344370860927153
0 0.7482185430463576 0.7064900662251655 0.09039735099337748 0.07788079470198675
0 0.35600662251655635 0.7120596026490067 0.09317880794701985 0.07789403973509934
0 0.1668543046357616 0.8330596026490065 0.07927152317880795 0.11403973509933774
