0 0.1956769055745165 0.5826300984528833 0.06655290102389079 0.07243319268635724
0 0.643344709897611 0.11040787623066103 0.05745164960182025 0.07383966244725738
0 0.8577929465301479 0.36849507735583686 0.051763367463026164 0.07524613220815753
0 0.7289533560864618 0.3590014064697609 0.06655290102389079 0.0639943741209564
0 0.6166097838452788 0.6954992967651196 0.052901023890784986 0.08649789029535865
0 0.6857224118316269 0.42967651195499296 0.05858930602957907 0.06680731364275667
0 0.7261092150170648 0.5467651195499297 0.05631399317406143 0.06680731364275667
0 0.6254266211604096 0.569620253164557 0.05745164960182025 0.07665260196905767
1 0.2164391353811149 0.69901547116737 0.01820250284414107 0.17369901547116737
1 0.9203640500568828 0.3171589310829817 0.01478953356086462 0.16385372714486637
1 0.9203640500568828 0.47151898734177217 0.01478953356086462 0.0639943741209564
1 0.9203640500568828 0.6146272855133614 0.017064846416382253 0.18635724331926865
