1 0.21361979166666667 0.648158273381295 0.054114583333333334 0.02503597122302158
1 0.39989583333333334 0.6210359712230216 0.02390625 0.040345323741007195
1 0.11607421875 0.19683453237410073 0.0176171875 0.057035971223021585
0 0.50939453125 0.7204748201438849 0.023919270833333336 0.03338129496402878
1 0.198515625 0.11477697841726618 0.06166666666666667 0.020863309352517987
0 0.64029296875 0.7684676258992806 0.0289453125 0.04033093525179856
0 0.6182682291666667 0.7503812949640287 0.030208333333333334 0.023640287769784173
0 0.59560546875 0.7802805755395683 0.03272135416666667 0.022258992805755398
0 0.5219791666666667 0.7851510791366906 0.03145833333333333 0.029208633093525182
0 0.4452018229166666 0.6864028776978417 0.03147135416666667 0.029208633093525182
0 0.49555338541666666 0.5855683453237409 0.036497395833333335 0.03058992805755396
0 0.2431966145833333 0.34356834532374103 0.0276953125 0.02503597122302158
0 0.2450846354166667 0.44509352517985606 0.036497395833333335 0.03058992805755396
0 0.1997721354166667 0.44440287769784165 0.03147135416666667 0.03476258992805755
0 0.11167317708333334 0.3157482014388489 0.023919270833333336 0.036158273381294966
0 0.17271484375 0.3143597122302158 0.02516927083333333 0.03893525179856115
0 0.6855989583333333 0.327568345323741 0.026432291666666666 0.020863309352517987
0 0.75482421875 0.3567841726618705 0.0289453125 0.023640287769784173
0 0.7372005208333333 0.3143597122302158 0.026432291666666666 0.041726618705035974
0 0.7554557291666666 0.1864028776978417 0.027682291666666668 0.02503597122302158
0 0.73783203125 0.20309352517985607 0.0176171875 0.027827338129496403
0 0.6497265625 0.2907122302158273 0.030208333333333334 0.03060431654676259
0 0.2834700520833333 0.46874100719424455 0.02516927083333333 0.04171223021582734
0 0.2538932291666667 0.5202014388489209 0.033984375000000004 0.03058992805755396
1 0.7491666666666666 0.7698561151079136 0.02265625 0.05145323741007194
1 0.381640625 0.1161726618705036 0.06544270833333334 0.020863309352517987
1 0.4640885416666667 0.3435611510791367 0.018880208333333332 0.08623021582733813
1 0.37786458333333334 0.43466187050359706 0.08307291666666666 0.020863309352517987
1 0.27654947916666667 0.5793165467625899 0.018880208333333332 0.057021582733812956
1 0.13809895833333333 0.6467697841726618 0.054114583333333334 0.022258992805755398
1 0.07831380208333333 0.48474100719424457 0.02014322916666667 0.057021582733812956
1 0.6409244791666667 0.5181151079136691 0.05286458333333333 0.02365467625899281
1 0.4955533854166667 0.5181151079136691 0.04404947916666666 0.02365467625899281
