1 0.7445978391356542 0.8206436420722135 0.028811524609843937 0.19309262166405022
1 0.7439975990396158 0.5937990580847724 0.030012004801920768 0.19309262166405022
1 0.1644657863145258 0.12519623233908947 0.027611044417767107 0.13736263736263737
1 0.16716686674669867 0.3559654631083202 0.02460984393757503 0.07378335949764521
1 0.16566626650660263 0.4686028257456829 0.0234093637454982 0.06828885400313972
1 0.16926770708283315 0.6507064364207221 0.01800720288115246 0.1043956043956044
0 0.40906362545018005 0.46938775510204084 0.05102040816326531 0.058084772370486655
0 0.4084633853541417 0.3304552590266876 0.05402160864345738 0.061224489795918366
0 0.3118247298919568 0.3324175824175824 0.04981992797118848 0.05729984301412873
0 0.2884153661464586 0.24803767660910517 0.04801920768307323 0.07535321821036106
0 0.4249699879951981 0.24607535321821036 0.04921968787515006 0.07378335949764521
0 0.5165066026410564 0.24803767660910517 0.05102040816326531 0.06985871271585557
0 0.7671068427370948 0.33516483516483514 0.07142857142857142 0.0706436420722135
0 0.764405762304922 0.4521193092621664 0.0744297719087635 0.07927786499215071
