0 0.7697368421052632 0.8784648187633263 0.08881578947368421 0.05970149253731343
0 0.47368421052631576 0.12686567164179105 0.10197368421052631 0.053304904051172705
0 0.5016447368421053 0.208955223880597 0.09868421052631579 0.0767590618336887
0 0.20065789473684212 0.44562899786780386 0.08223684210526316 0.05543710021321962
0 0.34539473684210525 0.43283582089552236 0.09868421052631579 0.06183368869936034
0 0.5 0.3411513859275053 0.09539473684210527 0.07462686567164178
0 0.5838815789473685 0.4349680170575693 0.09210526315789473 0.05543710021321962
0 0.6759868421052632 0.5170575692963753 0.07236842105263158 0.04477611940298507
0 0.5904605263157895 0.5213219616204691 0.08881578947368421 0.057569296375266525
0 0.7467105263157895 0.6833688699360341 0.0756578947368421 0.0511727078891258
0 0.6677631578947368 0.746268656716418 0.10197368421052631 0.05970149253731343
0 0.4309210526315789 0.8827292110874201 0.10526315789473684 0.06183368869936034
1 0.7138157894736842 0.2345415778251599 0.18092105263157895 0.0255863539445629
1 0.21710526315789475 0.23667377398720682 0.1611842105263158 0.0255863539445629
1 0.2582236842105263 0.8582089552238806 0.2138157894736842 0.019189765458422176
1 0.6118421052631579 0.8571428571428571 0.1611842105263158 0.021321961620469083
1 0.8355263157894737 0.8560767590618337 0.07236842105263158 0.021321961620469083
