0 0.29372950819672133 0.7238987043580684 0.061700819672131146 0.07926972909305065
0 0.4007991803278689 0.5437926972909305 0.05565573770491803 0.0723203769140165
0 0.2858657786885246 0.5424028268551236 0.05564549180327869 0.0723203769140165
0 0.19210040983606558 0.4805064782096584 0.061700819672131146 0.05703180212014135
1 0.6088934426229508 0.10081272084805654 0.14276639344262296 0.048669022379269726
1 0.8248514344262295 0.10081272084805654 0.1584938524590164 0.037550058892815076
1 0.8780891393442622 0.8365547703180212 0.13187500000000002 0.04590106007067138
1 0.6403534836065574 0.8393345111896348 0.169375 0.04868080094228504
1 0.14552254098360654 0.8372497055359247 0.15002049180327867 0.05007067137809187
0 0.705076844262295 0.07021201413427562 0.06654713114754099 0.07093050647820966
0 0.7026536885245901 0.12932273262661956 0.061700819672131146 0.09179034157832745
0 0.6439805327868854 0.40818021201413424 0.06775614754098361 0.05702002355712603
0 0.7044723360655738 0.4429564193168433 0.06775614754098361 0.07926972909305065
0 0.776454918032787 0.4415665488810365 0.061700819672131146 0.07926972909305065
0 0.8841342213114753 0.5750824499411072 0.06171106557377049 0.07094228504122496
0 0.7492366803278689 0.8629858657243815 0.06775614754098361 0.08484098939929328
0 0.7480276639344262 0.799004711425206 0.060502049180327866 0.09318021201413428
0 0.2955481557377049 0.8588103651354535 0.0725922131147541 0.09041224970553594
0 0.22416495901639344 0.6223733804475854 0.06533811475409837 0.07928150765606597
