0 0.305327868852459 0.2626619552414605 0.06864754098360656 0.0706713780918728
0 0.46209016393442626 0.38574793875147234 0.0625 0.0636042402826855
0 0.46311475409836067 0.25382803297997647 0.0625 0.0636042402826855
0 0.516905737704918 0.14605418138987045 0.04918032786885246 0.0706713780918728
1 0.8473360655737705 0.6254416961130742 0.042008196721311473 0.16372202591283863
1 0.8473360655737705 0.8733804475853946 0.03278688524590164 0.18256772673733804
1 0.2074795081967213 0.9293286219081273 0.039959016393442626 0.1413427561837456
1 0.20491803278688525 0.6613663133097762 0.042008196721311473 0.19434628975265017
1 0.20645491803278687 0.09246171967020024 0.04405737704918033 0.17196702002355713
0 0.8739754098360656 0.7355712603062426 0.06147540983606557 0.07656065959952886
0 0.8222336065573771 0.7332155477031802 0.07991803278688525 0.0706713780918728
0 0.5799180327868853 0.6654888103651354 0.04918032786885246 0.07773851590106007
0 0.5496926229508197 0.734982332155477 0.06864754098360656 0.07773851590106007
0 0.5507172131147541 0.8180212014134276 0.06864754098360656 0.0706713780918728
0 0.4349385245901639 0.941696113074205 0.06147540983606557 0.0706713780918728
0 0.18442622950819673 0.7868080094228505 0.07377049180327869 0.07773851590106007
0 0.23975409836065573 0.7850412249705536 0.08094262295081968 0.06949352179034157
0 0.1880122950819672 0.26501766784452296 0.07889344262295082 0.08362779740871613
0 0.39344262295081966 0.18315665488810365 0.06864754098360656 0.07538280329799764
