1 0.05573505654281099 0.7896174863387978 0.024232633279483037 0.15300546448087432
0 0.3602584814216478 0.1885245901639344 0.06946688206785137 0.07103825136612021
0 0.16720516962843296 0.20127504553734063 0.05654281098546042 0.08014571948998178
0 0.3949919224555735 0.1429872495446266 0.07431340872374798 0.09836065573770492
0 0.3949919224555735 0.06648451730418943 0.07108239095315025 0.0965391621129326
1 0.8093699515347335 0.819672131147541 0.029079159935379646 0.16029143897996356
1 0.8949919224555735 0.5036429872495446 0.027463651050080775 0.15846994535519127
1 0.05411954765751212 0.1930783242258652 0.025848142164781908 0.07468123861566485
0 0.425686591276252 0.49544626593806923 0.06946688206785137 0.07468123861566485
0 0.3602584814216478 0.29508196721311475 0.07431340872374798 0.0692167577413479
0 0.308562197092084 0.4371584699453552 0.06623586429725363 0.07468123861566485
0 0.30936995153473346 0.6985428051001822 0.07108239095315025 0.07103825136612021
0 0.39418416801292405 0.7176684881602914 0.06462035541195477 0.08014571948998178
0 0.8449111470113085 0.6967213114754098 0.09208400646203554 0.08561020036429873
1 0.05735056542810985 0.2896174863387978 0.024232633279483037 0.08196721311475409
1 0.05573505654281099 0.5264116575591985 0.027463651050080775 0.14571948998178508
