0 0.2606837606837607 0.3968978102189781 0.07977207977207977 0.10036496350364964
0 0.6723646723646723 0.6697080291970803 0.06125356125356125 0.072992700729927
0 0.6588319088319088 0.7709854014598541 0.08547008547008547 0.09671532846715329
0 0.7250712250712251 0.7673357664233577 0.0811965811965812 0.0948905109489051
1 0.2272079772079772 0.9142335766423357 0.02849002849002849 0.11313868613138686
1 0.22792022792022792 0.7381386861313869 0.019943019943019943 0.2208029197080292
1 0.22934472934472935 0.5346715328467153 0.018518518518518517 0.18613138686131386
1 0.13532763532763534 0.1551094890510949 0.019943019943019943 0.3102189781021898
0 0.2022792022792023 0.9808394160583942 0.07977207977207977 0.03832116788321168
0 0.19515669515669515 0.39507299270072993 0.07977207977207977 0.10218978102189781
0 0.561965811965812 0.37135036496350365 0.0754985754985755 0.08759124087591241
