0 0.7892561983471075 0.055299539170506916 0.05234159779614325 0.03225806451612903
0 0.7865013774104683 0.08640552995391705 0.05509641873278237 0.03686635944700461
0 0.7796143250688705 0.2857142857142857 0.06611570247933884 0.055299539170506916
0 0.4090909090909091 0.47580645161290325 0.06336088154269973 0.0576036866359447
0 0.3581267217630854 0.5184331797235023 0.05785123966942149 0.04377880184331797
0 0.4256198347107438 0.532258064516129 0.049586776859504134 0.03686635944700461
0 0.4256198347107438 0.6175115207373272 0.05234159779614325 0.04377880184331797
0 0.4090909090909091 0.6601382488479263 0.05509641873278237 0.052995391705069124
0 0.47107438016528924 0.7188940092165899 0.05234159779614325 0.04608294930875576
0 0.8415977961432507 0.6094470046082949 0.03856749311294766 0.04377880184331797
0 0.7837465564738292 0.6889400921658986 0.05234159779614325 0.052995391705069124
0 0.8429752066115702 0.7096774193548387 0.06611570247933884 0.055299539170506916
1 0.6639118457300276 0.3076036866359447 0.1184573002754821 0.018433179723502304
1 0.48484848484848486 0.3087557603686636 0.1322314049586777 0.016129032258064516
0 0.8539944903581267 0.8271889400921659 0.06060606060606061 0.059907834101382486
1 0.29338842975206614 0.3076036866359447 0.1184573002754821 0.02304147465437788
1 0.38980716253443526 0.8076036866359447 0.11570247933884298 0.020737327188940093
1 0.4972451790633609 0.8087557603686636 0.11294765840220386 0.020737327188940093
1 0.7699724517906336 0.8099078341013825 0.1184573002754821 0.018433179723502304
1 0.8663911845730028 0.8064516129032258 0.11019283746556474 0.016129032258064516
