1 0.06889352818371608 0.34365325077399383 0.020876826722338204 0.16408668730650156
1 0.8298538622129437 0.3591331269349845 0.022964509394572025 0.17647058823529413
1 0.826722338204593 0.718266253869969 0.018789144050104383 0.2724458204334365
0 0.34029227557411273 0.544891640866873 0.05010438413361169 0.06501547987616099
0 0.4290187891440501 0.5820433436532507 0.037578288100208766 0.06191950464396285
0 0.8475991649269311 0.5541795665634675 0.05636743215031315 0.06811145510835913
0 0.5803757828810021 0.37925696594427244 0.054279749478079335 0.06811145510835913
0 0.3736951983298539 0.40092879256965946 0.04175365344467641 0.05263157894736842
0 0.4352818371607516 0.2739938080495356 0.04175365344467641 0.05263157894736842
0 0.40292275574112735 0.24613003095975233 0.04592901878914405 0.08359133126934984
0 0.40501043841336115 0.18575851393188855 0.04175365344467641 0.08668730650154799
0 0.34342379958246344 0.3204334365325077 0.05219206680584551 0.06811145510835913
1 0.06680584551148225 0.6625386996904025 0.027139874739039668 0.23529411764705882
