0 0.10881006864988557 0.853244873341375 0.08048054919908468 0.09597104945717733
0 0.17081235697940506 0.563956574185766 0.07519450800915331 0.08762364294330519
0 0.11078947368421053 0.9339143546441496 0.08178489702517162 0.10153196622436671
0 0.31065217391304345 0.6856513872135103 0.07519450800915331 0.07788902291917972
0 0.41751144164759724 0.7649215922798552 0.08838672768878719 0.08344993968636913
0 0.6543077803203662 0.6703498190591074 0.08179633867276888 0.08622436670687576
0 0.7769908466819222 0.25936067551266584 0.08178489702517162 0.10986731001206272
1 0.21038901601830662 0.2948311218335344 0.12796338672768878 0.05284680337756333
1 0.44784897025171627 0.2962183353437877 0.14643020594965675 0.05841978287092883
1 0.6153832951945081 0.29622436670687574 0.14115560640732266 0.05563329312424608
1 0.9009954233409612 0.3657599517490953 0.055400457665903895 0.07231604342581424
1 0.9405720823798627 0.7343244873341375 0.05013729977116705 0.13629674306393244
