0 0.40331491712707185 0.16034482758620688 0.06906077348066299 0.04482758620689655
1 0.7983425414364641 0.8620689655172413 0.13259668508287292 0.034482758620689655
1 0.6367403314917127 0.8637931034482759 0.12154696132596685 0.02586206896551724
1 0.4088397790055249 0.5482758620689655 0.13812154696132597 0.02586206896551724
1 0.600828729281768 0.5508620689655173 0.06629834254143646 0.017241379310344827
1 0.6477900552486188 0.47155172413793106 0.04143646408839779 0.08103448275862069
1 0.7513812154696132 0.4241379310344828 0.20441988950276244 0.022413793103448276
0 0.7334254143646409 0.721551724137931 0.06629834254143646 0.04482758620689655
0 0.669889502762431 0.721551724137931 0.06629834254143646 0.04655172413793104
0 0.3494475138121547 0.8801724137931034 0.06906077348066299 0.05517241379310345
0 0.3494475138121547 0.843103448275862 0.07734806629834254 0.05
0 0.38950276243093923 0.7836206896551724 0.06353591160220995 0.03793103448275862
0 0.356353591160221 0.718103448275862 0.055248618784530384 0.041379310344827586
0 0.6049723756906077 0.628448275862069 0.049723756906077346 0.032758620689655175
0 0.5317679558011049 0.5293103448275862 0.0718232044198895 0.05344827586206897
0 0.5345303867403315 0.5948275862068966 0.07458563535911603 0.04310344827586207
