0 0.35244444444444445 0.9111111111111111 0.052444444444444446 0.06783625730994151
0 0.3537777777777778 0.9631578947368421 0.050666666666666665 0.06900584795321638
0 0.4222222222222222 0.5871345029239766 0.04888888888888889 0.05146198830409357
0 0.3506666666666667 0.12046783625730995 0.04888888888888889 0.06666666666666667
0 0.3497777777777778 0.07134502923976609 0.043555555555555556 0.06432748538011696
0 0.5502222222222222 0.5690058479532164 0.06133333333333333 0.07953216374269007
0 0.6684444444444444 0.3263157894736842 0.052444444444444446 0.07485380116959064
0 0.6684444444444444 0.37660818713450295 0.042666666666666665 0.06549707602339182
1 0.5142222222222222 0.0935672514619883 0.12088888888888889 0.02456140350877193
1 0.2871111111111111 0.09532163742690059 0.07644444444444444 0.02456140350877193
1 0.696 0.0935672514619883 0.08711111111111111 0.028070175438596492
1 0.45466666666666666 0.9345029239766082 0.07288888888888889 0.026900584795321637
0 0.7177777777777777 0.3847953216374269 0.034666666666666665 0.056140350877192984
1 0.25066666666666665 0.9368421052631579 0.06488888888888888 0.02456140350877193
