0 0.18766666666666668 0.306046783625731 0.05179555555555556 0.06954385964912281
0 0.1480311111111111 0.30743859649122807 0.052844444444444444 0.06676023391812866
0 0.43395555555555554 0.39783625730994154 0.03911111111111111 0.0639766081871345
0 0.7885866666666667 0.30326315789473685 0.05073777777777778 0.0639766081871345
0 0.8255822222222222 0.3025672514619883 0.048622222222222226 0.05701754385964912
0 0.44769777777777775 0.5661228070175439 0.06024888888888889 0.08066666666666666
0 0.6321466666666666 0.7218947368421053 0.05707555555555555 0.06954385964912281
0 0.5935688888888889 0.7219005847953217 0.04968 0.0556374269005848
1 0.8086711111111111 0.5188421052631579 0.01903111111111111 0.1585497076023392
1 0.8076133333333334 0.21981286549707602 0.01903111111111111 0.10014035087719299
1 0.8086711111111111 0.7580643274853801 0.021146666666666664 0.114046783625731
1 0.16970222222222223 0.4402573099415204 0.02008 0.09597660818713451
0 0.5877511111111111 0.7865730994152047 0.04227555555555556 0.045894736842105266
1 0.16811555555555555 0.17182456140350877 0.01902222222222222 0.0848421052631579
