0 0.6177856301531213 0.3131455399061033 0.071849234393404 0.05821596244131456
0 0.1413427561837456 0.4 0.061248527679623084 0.054460093896713614
0 0.25323910482921086 0.4539906103286385 0.06478209658421673 0.054460093896713614
0 0.196113074204947 0.5089201877934272 0.06595995288574794 0.046948356807511735
0 0.23027090694935218 0.6093896713615023 0.06478209658421673 0.05539906103286385
0 0.30094228504122494 0.6103286384976526 0.06949352179034157 0.05539906103286385
0 0.6283863368669023 0.7901408450704225 0.07538280329799764 0.06384976525821597
0 0.6283863368669023 0.8342723004694835 0.06478209658421673 0.06948356807511737
1 0.7932862190812721 0.26009389671361505 0.15665488810365136 0.030985915492957747
1 0.29917550058892817 0.25727699530516435 0.15665488810365136 0.03380281690140845
1 0.11366313309776208 0.2568075117370892 0.05771495877502945 0.03192488262910798
1 0.17255594817432274 0.8089201877934272 0.15901060070671377 0.03474178403755868
1 0.32626619552414604 0.8089201877934272 0.13780918727915195 0.02910798122065728
1 0.7084805653710248 0.812206572769953 0.10600706713780919 0.028169014084507043
1 0.8156654888103652 0.8107981220657277 0.12603062426383982 0.028169014084507043
0 0.6772673733804476 0.5089201877934272 0.071849234393404 0.04131455399061033
0 0.8121319199057715 0.5098591549295775 0.0624263839811543 0.03474178403755868
0 0.6124852767962309 0.19061032863849764 0.071849234393404 0.06103286384976526
0 0.6142520612485277 0.23380281690140844 0.07538280329799764 0.07230046948356808
0 0.6319199057714959 0.3901408450704225 0.06478209658421673 0.054460093896713614
