0 0.2916666666666667 0.29887482419127986 0.06972789115646258 0.057665260196905765
0 0.17857142857142858 0.29957805907172996 0.07482993197278912 0.05907172995780591
0 0.10459183673469388 0.26933895921237694 0.04591836734693878 0.053445850914205346
0 0.047619047619047616 0.26933895921237694 0.04931972789115646 0.05625879043600562
0 0.013605442176870748 0.26863572433192684 0.027210884353741496 0.04781997187060478
0 0.4642857142857143 0.7025316455696202 0.0663265306122449 0.04922644163150492
0 0.46598639455782315 0.6476793248945147 0.0663265306122449 0.05625879043600562
1 0.7542517006802721 0.20956399437412096 0.025510204081632654 0.10548523206751055
1 0.7534013605442177 0.4057665260196906 0.023809523809523808 0.10970464135021098
1 0.7517006802721088 0.590014064697609 0.023809523809523808 0.09845288326300984
1 0.7525510204081632 0.789732770745429 0.025510204081632654 0.10689170182841069
1 0.1989795918367347 0.79957805907173 0.01870748299319728 0.07313642756680731
1 0.20238095238095238 0.6729957805907173 0.025510204081632654 0.07313642756680731
0 0.7840136054421769 0.3234880450070324 0.07312925170068027 0.053445850914205346
1 0.20408163265306123 0.4212376933895921 0.022108843537414966 0.07876230661040788
0 0.36904761904761907 0.6364275668073136 0.05272108843537415 0.05907172995780591
0 0.3869047619047619 0.7137834036568214 0.05612244897959184 0.057665260196905765
0 0.31462585034013607 0.7116736990154712 0.05612244897959184 0.05625879043600562
0 0.3078231292517007 0.3551336146272855 0.05782312925170068 0.05625879043600562
0 0.7780612244897959 0.7109704641350211 0.07142857142857142 0.05485232067510549
0 0.44982993197278914 0.2180028129395218 0.05952380952380952 0.06329113924050633
0 0.391156462585034 0.25035161744022505 0.05102040816326531 0.05485232067510549
