0 0.2569727891156463 0.6724613220815753 0.06894557823129252 0.0570182841068917
0 0.2578146258503402 0.7656399437412096 0.07062925170068027 0.06258790436005626
0 0.22081632653061226 0.8268424753867791 0.06391156462585033 0.03753867791842475
0 0.22081632653061226 0.8741350210970464 0.06727891156462586 0.04033755274261603
0 0.22081632653061226 0.914465541490858 0.057176870748299316 0.045893108298171593
0 0.7446853741496599 0.5292053445850915 0.05886054421768707 0.05424753867791843
0 0.6782568027210885 0.5278129395218003 0.06726190476190476 0.05424753867791843
1 0.14849489795918366 0.289985935302391 0.1278061224489796 0.020872011251758086
1 0.3864625850340136 0.29068213783403657 0.13285714285714287 0.019479606188466947
1 0.6084608843537416 0.29207454289732776 0.11940476190476189 0.019479606188466947
1 0.8506292517006803 0.2913783403656821 0.12948979591836735 0.020872011251758086
1 0.862406462585034 0.7489592123769341 0.08913265306122449 0.015302390998593532
1 0.7093622448979591 0.7461744022503516 0.08913265306122449 0.020872011251758086
0 0.2864030612244898 0.2649507735583685 0.06389455782312925 0.059803094233473984
1 0.40496598639455783 0.7447819971870604 0.09585034013605442 0.018087201125175808
0 0.6647959183673469 0.6084810126582278 0.07064625850340137 0.043122362869198315
0 0.7581377551020407 0.5931856540084388 0.0689625850340136 0.045893108298171593
0 0.7556122448979591 0.6529887482419128 0.06727891156462586 0.045893108298171593
0 0.32508503401360545 0.6592545710267229 0.06727891156462586 0.04728551336146272
0 0.7547704081632653 0.2698241912798875 0.0655952380952381 0.05841068917018284
0 0.15859693877551023 0.5417229254571027 0.0773639455782313 0.048677918424753865
0 0.19811224489795917 0.5897116736990154 0.06557823129251701 0.04172995780590717
