1 0.18733509234828497 0.5958721704394141 0.0316622691292876 0.11717709720372836
0 0.41160949868073876 0.5938748335552596 0.06992084432717678 0.07057256990679095
0 0.4076517150395778 0.24766977363515313 0.06728232189973615 0.0758988015978695
0 0.5230870712401056 0.24167776298268975 0.05408970976253298 0.05992010652463382
0 0.1550131926121372 0.2769640479360852 0.09102902374670185 0.07989347536617843
1 0.8726912928759895 0.12050599201065246 0.030343007915567283 0.13049267643142476
1 0.8707124010554089 0.5252996005326231 0.0395778364116095 0.24500665778961384
1 0.8021108179419525 0.7303595206391478 0.06596306068601583 0.03195739014647137
1 0.5488126649076517 0.7330226364846871 0.1266490765171504 0.03195739014647137
0 0.9003957783641161 0.3015978695073236 0.07651715039577836 0.07057256990679095
1 0.1879947229551451 0.12450066577896138 0.03562005277044855 0.06391478029294274
1 0.19063324538258575 0.41211717709720375 0.025065963060686015 0.11717709720372836
0 0.6503957783641161 0.2529960053262317 0.06992084432717678 0.0758988015978695
0 0.6992084432717678 0.23302263648468707 0.030343007915567283 0.03861517976031957
0 0.3997361477572559 0.3588548601864181 0.0633245382585752 0.07057256990679095
