1 0.5165016501650165 0.7269372693726938 0.019801980198019802 0.06457564575645756
1 0.9686468646864687 0.7896678966789668 0.02145214521452145 0.20848708487084872
1 0.5165016501650165 0.8459409594095941 0.02145214521452145 0.11992619926199262
1 0.6031353135313532 0.6208487084870848 0.04455445544554455 0.023985239852398525
1 0.740924092409241 0.6226937269372693 0.033003300330033 0.02214022140221402
1 0.019801980198019802 0.8680811808118081 0.0231023102310231 0.06642066420664207
1 0.283003300330033 0.6208487084870848 0.13366336633663367 0.025830258302583026
1 0.43234323432343236 0.6199261992619927 0.066006600660066 0.025830258302583026
1 0.21204620462046206 0.4077490774907749 0.0231023102310231 0.07564575645756458
1 0.48432343234323433 0.13284132841328414 0.09570957095709572 0.03136531365313653
1 0.6922442244224423 0.2988929889298893 0.0231023102310231 0.06088560885608856
1 0.693069306930693 0.19280442804428044 0.0231023102310231 0.05904059040590406
0 0.7244224422442245 0.7149446494464945 0.037953795379537955 0.055350553505535055
0 0.655940594059406 0.6632841328413284 0.056105610561056105 0.06457564575645756
0 0.665016501650165 0.5996309963099631 0.056105610561056105 0.06457564575645756
0 0.1782178217821782 0.9132841328413284 0.054455445544554455 0.05350553505535055
0 0.10231023102310231 0.8994464944649446 0.052805280528052806 0.055350553505535055
0 0.05858085808580858 0.9022140221402214 0.054455445544554455 0.05166051660516605
0 0.1782178217821782 0.7103321033210332 0.056105610561056105 0.055350553505535055
0 0.16336633663366337 0.6439114391143912 0.057755775577557754 0.06457564575645756
0 0.1617161716171617 0.5922509225092251 0.06435643564356436 0.06088560885608856
0 0.4735973597359736 0.39391143911439114 0.0627062706270627 0.06642066420664207
0 0.35313531353135313 0.39114391143911437 0.0627062706270627 0.07011070110701106
0 0.3250825082508251 0.43634686346863466 0.056105610561056105 0.05719557195571956
0 0.32838283828382836 0.2952029520295203 0.06435643564356436 0.06088560885608856
0 0.3572607260726073 0.19833948339483395 0.057755775577557754 0.05904059040590406
0 0.5057755775577558 0.29704797047970477 0.057755775577557754 0.05719557195571956
0 0.6056105610561056 0.26845018450184505 0.04950495049504951 0.055350553505535055
0 0.3415841584158416 0.10608856088560886 0.06105610561056106 0.07564575645756458
