0 0.6459810874704491 0.9560546875 0.07210401891252956 0.087890625
0 0.6950354609929078 0.94140625 0.08037825059101655 0.1171875
0 0.7570921985815603 0.9404296875 0.08156028368794327 0.119140625
0 0.6052009456264775 0.810546875 0.06855791962174941 0.115234375
0 0.3835697399527187 0.822265625 0.07328605200945626 0.111328125
0 0.4231678486997636 0.3720703125 0.06973995271867613 0.111328125
1 0.23049645390070922 0.8662109375 0.041371158392434985 0.13671875
1 0.2281323877068558 0.6630859375 0.034278959810874705 0.095703125
1 0.225177304964539 0.365234375 0.031914893617021274 0.08984375
1 0.34929078014184395 0.0078125 0.10047281323877069 0.015625
