0 0.5559633027522936 0.2619718309859155 0.07706422018348624 0.11830985915492957
0 0.4706422018348624 0.4084507042253521 0.06972477064220184 0.09577464788732394
0 0.3055045871559633 0.4140845070422535 0.06788990825688074 0.09577464788732394
0 0.11009174311926606 0.6084507042253521 0.08073394495412844 0.12112676056338029
0 0.4798165137614679 0.23943661971830985 0.05504587155963303 0.07887323943661972
0 0.1743119266055046 0.6084507042253521 0.08073394495412844 0.11549295774647887
0 0.5541284403669725 0.1619718309859155 0.07339449541284404 0.12112676056338029
0 0.634862385321101 0.35352112676056335 0.07339449541284404 0.10140845070422536
1 0.9568807339449541 0.3352112676056338 0.02018348623853211 0.19154929577464788
1 0.14311926605504588 0.7267605633802817 0.02018348623853211 0.1352112676056338
1 0.03394495412844037 0.23661971830985915 0.01834862385321101 0.17746478873239438
1 0.955045871559633 0.6732394366197183 0.022018348623853212 0.15211267605633802
0 0.6321100917431193 0.5943661971830986 0.07889908256880734 0.10422535211267606
