0 0.6826923076923077 0.47836538461538464 0.11538461538461539 0.0673076923076923
0 0.7139423076923077 0.4230769230769231 0.11538461538461539 0.09134615384615384
0 0.9038461538461539 0.4543269230769231 0.15384615384615385 0.08653846153846154
0 0.7115384615384616 0.6610576923076923 0.11057692307692307 0.09134615384615384
1 0.2608173076923077 0.8305288461538461 0.06009615384615385 0.22355769230769232
0 0.2620192307692308 0.6826923076923077 0.2403846153846154 0.07692307692307693
0 0.20552884615384615 0.6826923076923077 0.11778846153846154 0.07692307692307693
1 0.06129807692307692 0.4831730769230769 0.06490384615384616 0.15384615384615385
1 0.0625 0.2620192307692308 0.07211538461538461 0.23557692307692307
0 0.31490384615384615 0.6802884615384616 0.11538461538461539 0.08173076923076923
