0 0.5216346153846154 0.6832932692307693 0.0673076923076923 0.11658653846153846
0 0.5763221153846154 0.7145432692307693 0.09014423076923077 0.11658653846153846
0 0.5450721153846154 0.9038461538461539 0.08533653846153846 0.15384615384615385
0 0.3395432692307692 0.7121394230769231 0.09254807692307693 0.11177884615384616
1 0.16947115384615385 0.2608173076923077 0.22355769230769232 0.06009615384615385
0 0.3173076923076923 0.2614182692307692 0.07692307692307693 0.23918269230769232
0 0.3167067307692308 0.20552884615384615 0.07572115384615384 0.11778846153846154
1 0.5162259615384616 0.06129807692307692 0.15264423076923078 0.06490384615384616
1 0.7379807692307693 0.0625 0.23557692307692307 0.07211538461538461
0 0.31971153846153844 0.31430288461538464 0.08173076923076923 0.1141826923076923
