1 0.4675480769230769 0.44711538461538464 0.07451923076923077 0.04326923076923077
1 0.5841346153846154 0.44711538461538464 0.0625 0.028846153846153848
1 0.6514423076923077 0.4855769230769231 0.02403846153846154 0.038461538461538464
0 0.46875 0.6658653846153846 0.038461538461538464 0.04807692307692308
0 0.3737980769230769 0.7103365384615384 0.036057692307692304 0.055288461538461536
1 0.6442307692307693 0.6826923076923077 0.02403846153846154 0.052884615384615384
0 0.5865384615384616 0.6634615384615384 0.03365384615384615 0.038461538461538464
0 0.53125 0.43509615384615385 0.03365384615384615 0.057692307692307696
0 0.37259615384615385 0.7524038461538461 0.03365384615384615 0.057692307692307696
0 0.3713942307692308 0.7331730769230769 0.036057692307692304 0.10576923076923077
