0 0.38461538461538464 0.7043269230769231 0.11057692307692307 0.052884615384615384
0 0.5697115384615384 0.7692307692307693 0.10576923076923077 0.08173076923076923
1 0.30528846153846156 0.2764423076923077 0.15384615384615385 0.0673076923076923
1 0.78125 0.28365384615384615 0.1875 0.04807692307692308
1 0.8942307692307693 0.6298076923076923 0.07692307692307693 0.11057692307692307
1 0.8942307692307693 0.3557692307692308 0.07692307692307693 0.125
0 0.4110576923076923 0.9399038461538461 0.1346153846153846 0.09134615384615384
0 0.4014423076923077 0.8677884615384616 0.11057692307692307 0.07692307692307693
0 0.4074519230769231 0.9086538461538461 0.10336538461538461 0.15384615384615385
0 0.6586538461538461 0.2548076923076923 0.1201923076923077 0.11057692307692307
1 0.8966346153846154 0.8028846153846154 0.07692307692307693 0.11057692307692307
