1 0.38341346153846156 0.27884615384615385 0.11298076923076923 0.04326923076923077
1 0.6213942307692307 0.28125 0.14182692307692307 0.038461538461538464
1 0.6526442307692307 0.7704326923076923 0.11778846153846154 0.03125
1 0.39663461538461536 0.7728365384615384 0.04326923076923077 0.03125
1 0.3125 0.7740384615384616 0.11057692307692307 0.038461538461538464
0 0.5192307692307693 0.2620192307692308 0.08173076923076923 0.08173076923076923
0 0.6129807692307693 0.6057692307692307 0.09615384615384616 0.0625
0 0.4891826923076923 0.609375 0.07932692307692307 0.07451923076923077
0 0.5048076923076923 0.7956730769230769 0.08653846153846154 0.08173076923076923
0 0.4951923076923077 0.6826923076923077 0.08173076923076923 0.07211538461538461
0 0.4807692307692308 0.6850961538461539 0.0673076923076923 0.04326923076923077
0 0.3449519230769231 0.6346153846153846 0.06971153846153846 0.057692307692307696
