0 0.18869209809264306 0.46959459459459457 0.047683923705722074 0.06756756756756757
1 0.31471389645776565 0.8536036036036037 0.10899182561307902 0.02252252252252252
1 0.4877384196185286 0.8558558558558559 0.09264305177111716 0.02927927927927928
1 0.6525885558583107 0.8153153153153153 0.035422343324250684 0.02252252252252252
1 0.7643051771117166 0.8569819819819819 0.07356948228882834 0.03153153153153153
1 0.9673024523160763 0.5518018018018018 0.01634877384196185 0.12837837837837837
0 0.4816076294277929 0.17342342342342343 0.04223433242506812 0.06981981981981981
0 0.4114441416893733 0.23986486486486486 0.04223433242506812 0.06306306306306306
0 0.3276566757493188 0.24774774774774774 0.043596730245231606 0.060810810810810814
0 0.23365122615803816 0.4583333333333333 0.04087193460490463 0.05630630630630631
0 0.494550408719346 0.5608108108108109 0.043596730245231606 0.05855855855855856
0 0.5456403269754768 0.6193693693693694 0.04087193460490463 0.07882882882882883
0 0.6028610354223434 0.8457207207207207 0.04904632152588556 0.08333333333333333
0 0.6021798365122616 0.6711711711711712 0.04632152588555858 0.09009009009009009
0 0.6430517711171662 0.6813063063063063 0.02861035422343324 0.06531531531531531
0 0.8051771117166212 0.6407657657657657 0.04223433242506812 0.07657657657657657
0 0.8044959128065395 0.46283783783783783 0.043596730245231606 0.07432432432432433
0 0.8474114441416893 0.5259009009009009 0.04632152588555858 0.06531531531531531
0 0.8153950953678474 0.8243243243243243 0.04223433242506812 0.05855855855855856
0 0.944141689373297 0.6756756756756757 0.03678474114441417 0.06756756756756757
1 0.8719346049046321 0.20382882882882883 0.09264305177111716 0.02702702702702703
1 0.6934604904632152 0.20608108108108109 0.07629427792915532 0.03153153153153153
1 0.6192098092643051 0.20608108108108109 0.08583106267029973 0.02702702702702703
1 0.4359673024523161 0.20157657657657657 0.05313351498637602 0.02702702702702703
1 0.2452316076294278 0.5788288288288288 0.01634877384196185 0.05855855855855856
1 0.2438692098092643 0.6936936936936937 0.01634877384196185 0.06981981981981981
