1 0.4795673076923077 0.8798076923076923 0.0889423076923077 0.0673076923076923
1 0.7524038461538461 0.7055288461538461 0.038461538461538464 0.15144230769230768
1 0.25240384615384615 0.4855769230769231 0.038461538461538464 0.16826923076923078
1 0.2536057692307692 0.7548076923076923 0.040865384615384616 0.16826923076923078
0 0.7680288461538461 0.12860576923076922 0.06009615384615385 0.0985576923076923
0 0.23317307692307693 0.6394230769230769 0.07692307692307693 0.10576923076923077
0 0.5348557692307693 0.5456730769230769 0.06490384615384616 0.10576923076923077
0 0.6514423076923077 0.43990384615384615 0.07211538461538461 0.08653846153846154
0 0.7151442307692307 0.3389423076923077 0.08413461538461539 0.10576923076923077
0 0.5745192307692307 0.6454326923076923 0.0673076923076923 0.11298076923076923
