1 0.5204326923076923 0.12079326923076923 0.0889423076923077 0.06850961538461539
1 0.24699519230769232 0.29447115384615385 0.037259615384615384 0.15144230769230768
1 0.7469951923076923 0.5150240384615384 0.037259615384615384 0.16947115384615385
1 0.7463942307692307 0.24459134615384615 0.040865384615384616 0.16706730769230768
0 0.23197115384615385 0.8713942307692307 0.06009615384615385 0.0985576923076923
0 0.7662259615384616 0.35997596153846156 0.07572115384615384 0.1045673076923077
0 0.4651442307692308 0.4543269230769231 0.06490384615384616 0.10576923076923077
0 0.34915865384615385 0.5594951923076923 0.0733173076923077 0.08533653846153846
0 0.2848557692307692 0.6604567307692307 0.08413461538461539 0.1045673076923077
0 0.4248798076923077 0.3545673076923077 0.06610576923076923 0.11298076923076923
