1 0.28104575163398693 0.13357142857142856 0.008403361344537815 0.21857142857142858
1 0.6741363211951448 0.14357142857142857 0.01680672268907563 0.2357142857142857
1 0.6750700280112045 0.3871428571428571 0.0196078431372549 0.15857142857142856
0 0.6465919701213819 0.7664285714285715 0.0392156862745098 0.06571428571428571
0 0.5289449112978525 0.715 0.0392156862745098 0.05714285714285714
0 0.41363211951447243 0.9942857142857143 0.04295051353874883 0.011428571428571429
0 0.41409897292250236 0.9478571428571428 0.040149393090569564 0.05285714285714286
0 0.4449112978524743 0.7678571428571429 0.03081232492997199 0.06
0 0.32446311858076565 0.2814285714285714 0.0392156862745098 0.055714285714285716
0 0.2684407096171802 0.2807142857142857 0.04201680672268908 0.05142857142857143
0 0.40149393090569563 0.06 0.04388422035480859 0.054285714285714284
0 0.3996265172735761 0.008571428571428572 0.035480859010270774 0.017142857142857144
0 0.434640522875817 0.0064285714285714285 0.03454715219421102 0.012857142857142857
0 0.5121381886087768 0.009285714285714286 0.04388422035480859 0.018571428571428572
0 0.6876750700280112 0.28285714285714286 0.03828197945845005 0.055714285714285716
1 0.28104575163398693 0.6485714285714286 0.015873015873015872 0.20285714285714285
1 0.2819794584500467 0.8607142857142858 0.015873015873015872 0.2042857142857143
1 0.6760037348272643 0.6485714285714286 0.014939309056956116 0.17857142857142858
1 0.6778711484593838 0.8571428571428571 0.013071895424836602 0.21
1 0.2819794584500467 0.39785714285714285 0.012138188608776844 0.14
