0 0.8341346153846154 0.6875 0.09615384615384616 0.10096153846153846
0 0.2620192307692308 0.7007211538461539 0.07692307692307693 0.07932692307692307
0 0.2644230769230769 0.47596153846153844 0.07211538461538461 0.08173076923076923
0 0.3317307692307692 0.25240384615384615 0.0625 0.10096153846153846
0 0.21394230769230768 0.3233173076923077 0.07211538461538461 0.07932692307692307
0 0.15384615384615385 0.19471153846153846 0.07692307692307693 0.08173076923076923
1 0.07692307692307693 0.7259615384615384 0.04807692307692308 0.14903846153846154
1 0.7980769230769231 0.7908653846153846 0.052884615384615384 0.1346153846153846
1 0.7980769230769231 0.6033653846153846 0.0625 0.0673076923076923
1 0.08413461538461539 0.12740384615384615 0.04807692307692308 0.0673076923076923
1 0.08653846153846154 0.3485576923076923 0.052884615384615384 0.0625
1 0.07932692307692307 0.49038461538461536 0.052884615384615384 0.125
