1 0.47115384615384615 0.06971153846153846 0.07692307692307693 0.0625
1 0.9050480769230769 0.15264423076923078 0.03125 0.10576923076923077
1 0.23317307692307693 0.07692307692307693 0.0673076923076923 0.08173076923076923
1 0.21875 0.9314903846153846 0.14903846153846154 0.08413461538461539
1 0.04807692307692308 0.3473557692307692 0.057692307692307696 0.21394230769230768
1 0.7403846153846154 0.6826923076923077 0.038461538461538464 0.2980769230769231
1 0.6081730769230769 0.9375 0.14903846153846154 0.0889423076923077
0 0.7475961538461539 0.1875 0.11538461538461539 0.12980769230769232
0 0.7716346153846154 0.29447115384615385 0.07692307692307693 0.14182692307692307
0 0.7764423076923077 0.43149038461538464 0.09615384615384616 0.11298076923076923
0 0.2620192307692308 0.5985576923076923 0.09134615384615384 0.125
