0 0.6995192307692307 0.6634615384615384 0.12980769230769232 0.10576923076923077
1 0.2608173076923077 0.7740384615384616 0.06971153846153846 0.1971153846153846
1 0.265625 0.5192307692307693 0.055288461538461536 0.1201923076923077
1 0.2620192307692308 0.1971153846153846 0.0625 0.1875
0 0.7139423076923077 0.8365384615384616 0.10576923076923077 0.08173076923076923
0 0.8509615384615384 0.5504807692307693 0.14903846153846154 0.10576923076923077
0 0.40024038461538464 0.3798076923076923 0.12740384615384615 0.10096153846153846
0 0.265625 0.3293269230769231 0.24278846153846154 0.08653846153846154
0 0.20432692307692307 0.328125 0.11538461538461539 0.08413461538461539
0 0.32091346153846156 0.33413461538461536 0.11778846153846154 0.10096153846153846
