0 0.2800480769230769 0.4483173076923077 0.07932692307692307 0.09375
0 0.7740384615384616 0.3088942307692308 0.14423076923076922 0.09375
0 0.23557692307692307 0.4519230769230769 0.15384615384615385 0.09134615384615384
0 0.8100961538461539 0.3076923076923077 0.07692307692307693 0.08653846153846154
0 0.7439903846153846 0.31009615384615385 0.07932692307692307 0.09134615384615384
0 0.3870192307692308 0.7716346153846154 0.0625 0.07692307692307693
1 0.038461538461538464 0.15985576923076922 0.0673076923076923 0.15865384615384615
0 0.47836538461538464 0.7860576923076923 0.07692307692307693 0.08173076923076923
0 0.4795673076923077 0.6971153846153846 0.07932692307692307 0.08653846153846154
0 0.4230769230769231 0.8052884615384616 0.052884615384615384 0.0673076923076923
0 0.3329326923076923 0.7139423076923077 0.05048076923076923 0.07211538461538461
1 0.4723557692307692 0.06850961538461539 0.06971153846153846 0.07451923076923077
1 0.32091346153846156 0.06610576923076923 0.12740384615384615 0.08173076923076923
1 0.7788461538461539 0.17307692307692307 0.04326923076923077 0.1346153846153846
1 0.7788461538461539 0.42908653846153844 0.04807692307692308 0.1658653846153846
1 0.7788461538461539 0.6322115384615384 0.052884615384615384 0.14423076923076922
1 0.78125 0.8341346153846154 0.04807692307692308 0.14423076923076922
0 0.20192307692307693 0.4483173076923077 0.07211538461538461 0.0985576923076923
