1 0.1259765625 0.08236658932714618 0.033203125 0.04408352668213457
1 0.0869140625 0.08120649651972157 0.03173828125 0.03596287703016241
1 0.42333984375 0.62877030162413 0.033203125 0.03596287703016241
1 0.38330078125 0.62877030162413 0.03173828125 0.037122969837587005
1 0.33935546875 0.6276102088167054 0.03466796875 0.037122969837587005
1 0.2880859375 0.6531322505800464 0.033203125 0.03248259860788863
1 0.0302734375 0.3248259860788863 0.02001953125 0.07540603248259861
1 0.0380859375 0.23665893271461716 0.0234375 0.08236658932714618
1 0.04638671875 0.14965197215777262 0.0185546875 0.07888631090487239
0 0.216796875 0.29350348027842227 0.0234375 0.048723897911832945
0 0.21728515625 0.33410672853828305 0.0224609375 0.052204176334106726
0 0.31201171875 0.20185614849187936 0.01806640625 0.04756380510440835
1 0.380859375 0.07424593967517401 0.03369140625 0.04756380510440835
0 0.35888671875 0.39675174013921116 0.0205078125 0.04524361948955916
0 0.25048828125 0.3990719257540603 0.02734375 0.042923433874709975
0 0.162109375 0.382830626450116 0.0234375 0.05104408352668213
0 0.14892578125 0.3990719257540603 0.02734375 0.052204176334106726
0 0.48291015625 0.39327146171693733 0.02294921875 0.04408352668213457
0 0.57080078125 0.39211136890951276 0.01806640625 0.042923433874709975
0 0.6357421875 0.2900232018561485 0.01708984375 0.04524361948955916
0 0.6806640625 0.3329466357308585 0.01220703125 0.042923433874709975
0 0.6923828125 0.33642691415313225 0.01416015625 0.042923433874709975
0 0.7177734375 0.4617169373549884 0.0166015625 0.03248259860788863
0 0.71875 0.525522041763341 0.02001953125 0.04060324825986079
0 0.78076171875 0.5916473317865429 0.0205078125 0.054524361948955914
0 0.779296875 0.7320185614849188 0.02001953125 0.060324825986078884
0 0.47509765625 0.6218097447795824 0.0166015625 0.048723897911832945
0 0.4609375 0.6206496519721578 0.0166015625 0.04756380510440835
0 0.32373046875 0.35266821345707655 0.01708984375 0.042923433874709975
1 0.3388671875 0.07308584686774942 0.03173828125 0.042923433874709975
1 0.5546875 0.07308584686774942 0.0361328125 0.03596287703016241
1 0.51220703125 0.07424593967517401 0.0380859375 0.04060324825986079
1 0.46923828125 0.07308584686774942 0.03173828125 0.03944315545243619
1 0.4248046875 0.07308584686774942 0.03173828125 0.03596287703016241
1 0.2783203125 0.08004640371229699 0.0322265625 0.03596287703016241
1 0.2421875 0.07888631090487239 0.03173828125 0.037122969837587005
1 0.20361328125 0.08120649651972157 0.03466796875 0.033642691415313224
1 0.16455078125 0.08004640371229699 0.03125 0.03596287703016241
1 0.59619140625 0.07308584686774942 0.02978515625 0.03596287703016241
1 0.64013671875 0.07308584686774942 0.0283203125 0.03248259860788863
1 0.69873046875 0.08120649651972157 0.03466796875 0.03596287703016241
1 0.7373046875 0.08236658932714618 0.0283203125 0.037122969837587005
1 0.7744140625 0.08120649651972157 0.03125 0.042923433874709975
1 0.8154296875 0.08352668213457076 0.0322265625 0.03944315545243619
1 0.853515625 0.08352668213457076 0.03125 0.033642691415313224
1 0.8935546875 0.08352668213457076 0.0361328125 0.03596287703016241
1 0.92236328125 0.16009280742459397 0.015625 0.07424593967517401
1 0.92333984375 0.2633410672853828 0.015625 0.07540603248259861
1 0.92333984375 0.36078886310904873 0.01416015625 0.07888631090487239
1 0.92333984375 0.4582366589327146 0.01513671875 0.07192575406032482
1 0.92333984375 0.5498839907192575 0.01416015625 0.0765661252900232
1 0.92333984375 0.6496519721577726 0.0166015625 0.06496519721577726
1 0.92431640625 0.7494199535962877 0.01513671875 0.07192575406032482
1 0.671875 0.8097447795823666 0.01708984375 0.0765661252900232
1 0.6728515625 0.7006960556844548 0.01416015625 0.07888631090487239
1 0.6416015625 0.6322505800464037 0.03515625 0.03248259860788863
1 0.59765625 0.6322505800464037 0.03369140625 0.03596287703016241
1 0.5537109375 0.6310904872389791 0.033203125 0.037122969837587005
1 0.51123046875 0.6310904872389791 0.03466796875 0.033642691415313224
