1 0.55419921875 0.6821345707656613 0.01513671875 0.07888631090487239
1 0.55419921875 0.777262180974478 0.015625 0.07540603248259861
1 0.5537109375 0.8816705336426914 0.015625 0.08236658932714618
1 0.564453125 0.9820185614849188 0.013671875 0.03596287703016241
0 0.37451171875 0.9466357308584686 0.02001953125 0.042923433874709975
1 0.32080078125 0.7830626450116009 0.02001953125 0.08004640371229699
0 0.45654296875 0.8352668213457076 0.01904296875 0.048723897911832945
0 0.455078125 0.5406032482598608 0.0185546875 0.054524361948955914
0 0.45458984375 0.33178654292343385 0.01806640625 0.042923433874709975
0 0.41162109375 0.17749419953596288 0.01904296875 0.04060324825986079
0 0.4296875 0.07076566125290024 0.01806640625 0.029002320185614848
0 0.43115234375 0.042923433874709975 0.01806640625 0.033642691415313224
0 0.55126953125 0.5591647331786543 0.0205078125 0.03944315545243619
0 0.55078125 0.5928074245939675 0.02001953125 0.03944315545243619
0 0.43798828125 0.9187935034802784 0.01806640625 0.04060324825986079
1 0.3203125 0.882830626450116 0.01806640625 0.07540603248259861
1 0.3203125 0.3700696055684455 0.01513671875 0.08584686774941995
1 0.32080078125 0.4709976798143852 0.01708984375 0.09048723897911833
1 0.3203125 0.5730858468677494 0.0166015625 0.07540603248259861
1 0.3203125 0.6786542923433875 0.01513671875 0.07540603248259861
1 0.3203125 0.271461716937355 0.01513671875 0.07076566125290024
1 0.3203125 0.16705336426914152 0.013671875 0.06728538283062645
1 0.323486328125 0.034222737819025524 0.01513671875 0.06844547563805105
1 0.63037109375 0.09164733178654293 0.0322265625 0.04060324825986079
1 0.58447265625 0.08932714617169374 0.033203125 0.033642691415313224
1 0.5556640625 0.16357308584686775 0.013671875 0.08352668213457076
1 0.5556640625 0.2679814385150812 0.01513671875 0.08004640371229699
1 0.55517578125 0.3723897911832947 0.015625 0.07888631090487239
1 0.55517578125 0.4733178654292343 0.01416015625 0.08236658932714618
