1 0.5024038461538461 0.18028846153846154 0.019230769230769232 0.10096153846153846
0 0.31490384615384615 0.3485576923076923 0.028846153846153848 0.038461538461538464
0 0.32211538461538464 0.22596153846153846 0.028846153846153848 0.04326923076923077
0 0.2932692307692308 0.2668269230769231 0.028846153846153848 0.038461538461538464
0 0.33653846153846156 0.27884615384615385 0.02403846153846154 0.04326923076923077
0 0.3762019230769231 0.2848557692307692 0.021634615384615384 0.03125
1 0.3858173076923077 0.1045673076923077 0.04567307692307692 0.021634615384615384
0 0.41225961538461536 0.36538461538461536 0.021634615384615384 0.028846153846153848
0 0.4206730769230769 0.31009615384615385 0.02403846153846154 0.038461538461538464
1 0.5024038461538461 0.33653846153846156 0.019230769230769232 0.0673076923076923
1 0.2548076923076923 0.17548076923076922 0.019230769230769232 0.0625
1 0.2548076923076923 0.34375 0.014423076923076924 0.028846153846153848
0 0.24278846153846154 0.2644230769230769 0.03365384615384615 0.04326923076923077
0 0.5120192307692307 0.2704326923076923 0.028846153846153848 0.04567307692307692
