1 0.1796875 0.4969951923076923 0.09975961538461539 0.018028846153846152
0 0.3479567307692308 0.6850961538461539 0.037259615384615384 0.028846153846153848
0 0.22536057692307693 0.6772836538461539 0.042067307692307696 0.027644230769230768
0 0.26742788461538464 0.7073317307692307 0.039663461538461536 0.030048076923076924
0 0.27944711538461536 0.6640625 0.04447115384615385 0.025240384615384616
0 0.2848557692307692 0.6237980769230769 0.03125 0.021634615384615384
1 0.1045673076923077 0.6141826923076923 0.021634615384615384 0.04567307692307692
0 0.3659855769230769 0.5877403846153846 0.030048076923076924 0.021634615384615384
0 0.31069711538461536 0.5799278846153846 0.039663461538461536 0.025240384615384616
1 0.33653846153846156 0.4969951923076923 0.0673076923076923 0.018028846153846152
1 0.17608173076923078 0.7451923076923077 0.06370192307692307 0.019230769230769232
1 0.34435096153846156 0.7457932692307693 0.030048076923076924 0.015625
0 0.2644230769230769 0.7566105769230769 0.04326923076923077 0.03245192307692308
0 0.2704326923076923 0.4885817307692308 0.04567307692307692 0.030048076923076924
