1 0.8413461538461539 0.4879807692307692 0.03365384615384615 0.08653846153846154
0 0.43028846153846156 0.8653846153846154 0.08173076923076923 0.0625
0 0.6778846153846154 0.7403846153846154 0.07211538461538461 0.052884615384615384
0 0.5504807692307693 0.7403846153846154 0.07211538461538461 0.057692307692307696
0 0.4254807692307692 0.7043269230769231 0.07211538461538461 0.052884615384615384
0 0.3918269230769231 0.6490384615384616 0.07692307692307693 0.057692307692307696
0 0.8617788461538461 0.6382211538461539 0.07932692307692307 0.06009615384615385
0 0.24759615384615385 0.24759615384615385 0.0673076923076923 0.0673076923076923
0 0.3245192307692308 0.24639423076923078 0.07211538461538461 0.06009615384615385
0 0.4951923076923077 0.3401442307692308 0.09134615384615384 0.055288461538461536
0 0.5913461538461539 0.2932692307692308 0.07211538461538461 0.07692307692307693
1 0.21754807692307693 0.7403846153846154 0.040865384615384616 0.04326923076923077
1 0.9122596153846154 0.8197115384615384 0.04567307692307692 0.11057692307692307
1 0.8173076923076923 0.3557692307692308 0.08173076923076923 0.08173076923076923
1 0.5528846153846154 0.1346153846153846 0.038461538461538464 0.09134615384615384
1 0.4375 0.0625 0.10576923076923077 0.02403846153846154
1 0.16826923076923078 0.06490384615384616 0.10576923076923077 0.038461538461538464
1 0.5504807692307693 0.2668269230769231 0.03365384615384615 0.038461538461538464
1 0.03245192307692308 0.16947115384615385 0.04567307692307692 0.0625
1 0.21634615384615385 0.65625 0.04326923076923077 0.04807692307692308
