0 0.4807692307692308 0.5492788461538461 0.052884615384615384 0.13701923076923078
0 0.44711538461538464 0.21995192307692307 0.057692307692307696 0.13701923076923078
0 0.2956730769230769 0.43149038461538464 0.0625 0.13701923076923078
0 0.3701923076923077 0.4362980769230769 0.0625 0.13701923076923078
0 0.7668269230769231 0.5072115384615384 0.0625 0.1346153846153846
0 0.5096153846153846 0.3389423076923077 0.057692307692307696 0.125
1 0.75 0.7043269230769231 0.038461538461538464 0.25
1 0.0673076923076923 0.3004807692307692 0.019230769230769232 0.08173076923076923
1 0.32211538461538464 0.18990384615384615 0.038461538461538464 0.08653846153846154
1 0.31971153846153844 0.6598557692307693 0.03365384615384615 0.2668269230769231
1 0.7487980769230769 0.27884615384615385 0.03125 0.2548076923076923
1 0.07932692307692307 0.3485576923076923 0.03365384615384615 0.0625
0 0.20432692307692307 0.25841346153846156 0.057692307692307696 0.1346153846153846
