0 0.5492788461538461 0.5198317307692307 0.13701923076923078 0.054086538461538464
0 0.21995192307692307 0.5522836538461539 0.13701923076923078 0.056490384615384616
0 0.43149038461538464 0.7043269230769231 0.13701923076923078 0.0625
0 0.4362980769230769 0.6292067307692307 0.13701923076923078 0.06129807692307692
0 0.5066105769230769 0.23317307692307693 0.13341346153846154 0.0625
0 0.3389423076923077 0.49038461538461536 0.125 0.057692307692307696
1 0.7049278846153846 0.25 0.2512019230769231 0.038461538461538464
1 0.3010817307692308 0.9332932692307693 0.0829326923076923 0.020432692307692308
1 0.18990384615384615 0.6778846153846154 0.08653846153846154 0.038461538461538464
1 0.6598557692307693 0.6808894230769231 0.2668269230769231 0.03485576923076923
1 0.27884615384615385 0.2512019230769231 0.2548076923076923 0.03125
1 0.3485576923076923 0.9212740384615384 0.0625 0.03485576923076923
0 0.2590144230769231 0.7962740384615384 0.13341346153846154 0.05889423076923077
