0 0.5063559322033898 0.2514792899408284 0.1271186440677966 0.06903353057199212
0 0.7415254237288136 0.5641025641025641 0.13559322033898305 0.055226824457593686
0 0.6377118644067796 0.6587771203155819 0.11864406779661017 0.05325443786982249
0 0.5169491525423728 0.6005917159763313 0.1059322033898305 0.05325443786982249
0 0.4322033898305085 0.6923076923076923 0.1440677966101695 0.05917159763313609
0 0.2648305084745763 0.6834319526627219 0.11864406779661017 0.04930966469428008
0 0.7415254237288136 0.7682445759368837 0.1059322033898305 0.04930966469428008
0 0.5444915254237288 0.8106508875739645 0.13135593220338984 0.0631163708086785
0 0.5444915254237288 0.9122287968441815 0.13135593220338984 0.0670611439842209
1 0.7542372881355932 0.27613412228796846 0.17372881355932204 0.02564102564102564
1 0.3644067796610169 0.27712031558185407 0.17796610169491525 0.03747534516765286
1 0.3432203389830508 0.888560157790927 0.19491525423728814 0.03353057199211045
1 0.7838983050847458 0.8905325443786982 0.11864406779661017 0.029585798816568046
