0 0.4014423076923077 0.6965144230769231 0.07211538461538461 0.09975961538461539
0 0.8082932692307693 0.6862980769230769 0.06850961538461539 0.08413461538461539
0 0.8106971153846154 0.3173076923076923 0.06850961538461539 0.08653846153846154
0 0.5582932692307693 0.3545673076923077 0.054086538461538464 0.07932692307692307
0 0.5054086538461539 0.3467548076923077 0.05889423076923077 0.0733173076923077
0 0.4098557692307692 0.3389423076923077 0.04567307692307692 0.0673076923076923
0 0.49819711538461536 0.19831730769230768 0.054086538461538464 0.06009615384615385
0 0.33834134615384615 0.4891826923076923 0.07091346153846154 0.06971153846153846
0 0.3347355769230769 0.3563701923076923 0.06850961538461539 0.0733173076923077
1 0.16466346153846154 0.5799278846153846 0.040865384615384616 0.15504807692307693
1 0.16646634615384615 0.3311298076923077 0.039663461538461536 0.14302884615384615
