0 0.30288461538461536 0.5985576923076923 0.10096153846153846 0.07211538461538461
0 0.3137019230769231 0.19230769230769232 0.08413461538461539 0.0673076923076923
0 0.6826923076923077 0.18990384615384615 0.08653846153846154 0.0673076923076923
0 0.6454326923076923 0.4423076923076923 0.07932692307692307 0.052884615384615384
0 0.6538461538461539 0.4951923076923077 0.07211538461538461 0.057692307692307696
0 0.6610576923076923 0.5901442307692307 0.0673076923076923 0.04567307692307692
0 0.8016826923076923 0.5024038461538461 0.06009615384615385 0.052884615384615384
0 0.5108173076923077 0.6610576923076923 0.06971153846153846 0.07211538461538461
0 0.6442307692307693 0.6658653846153846 0.07211538461538461 0.0673076923076923
1 0.4206730769230769 0.8353365384615384 0.15384615384615385 0.040865384615384616
1 0.6682692307692307 0.8341346153846154 0.14423076923076922 0.038461538461538464
