0 0.24396135265700483 0.5123674911660777 0.1143317230273752 0.04770318021201413
1 0.177938808373591 0.5940812720848057 0.043478260869565216 0.14575971731448764
1 0.2809983896940419 0.4372791519434629 0.04508856682769726 0.0892226148409894
0 0.2222222222222222 0.4792402826855124 0.09178743961352658 0.060954063604240286
0 0.6892109500805152 0.5026501766784452 0.07568438003220612 0.04770318021201413
0 0.7190016103059581 0.41519434628975266 0.07568438003220612 0.04151943462897526
0 0.8172302737520128 0.5061837455830389 0.06280193236714976 0.045936395759717315
0 0.9758454106280193 0.4752650176678445 0.04830917874396135 0.05123674911660778
0 0.9605475040257649 0.573321554770318 0.07890499194847021 0.053003533568904596
0 0.8743961352657005 0.6682862190812721 0.09178743961352658 0.04151943462897526
