0 0.515625 0.14302884615384615 0.1658653846153846 0.0985576923076923
1 0.7626201923076923 0.18269230769230768 0.2512019230769231 0.057692307692307696
0 0.5973557692307693 0.6153846153846154 0.17067307692307693 0.08173076923076923
1 0.2127403846153846 0.8293269230769231 0.12259615384615384 0.04326923076923077
1 0.7019230769230769 0.8293269230769231 0.25961538461538464 0.04326923076923077
0 0.5246394230769231 0.18088942307692307 0.15985576923076922 0.16947115384615385
0 0.22295673076923078 0.9242788461538461 0.14302884615384615 0.07932692307692307
0 0.35877403846153844 0.8617788461538461 0.14543269230769232 0.0985576923076923
0 0.3557692307692308 0.7205528846153846 0.14903846153846154 0.08533653846153846
0 0.4723557692307692 0.5372596153846154 0.12259615384615384 0.06009615384615385
0 0.5252403846153846 0.21754807692307693 0.15144230769230768 0.08413461538461539
0 0.8203125 0.5973557692307693 0.140625 0.07932692307692307
0 0.3191105769230769 0.6129807692307693 0.14302884615384615 0.0673076923076923
1 0.29747596153846156 0.17728365384615385 0.296875 0.046875
