0 0.484375 0.8569711538461539 0.1658653846153846 0.0985576923076923
1 0.23798076923076922 0.8173076923076923 0.25 0.057692307692307696
0 0.4026442307692308 0.38461538461538464 0.17067307692307693 0.08173076923076923
1 0.7872596153846154 0.17067307692307693 0.12259615384615384 0.04326923076923077
1 0.2980769230769231 0.17067307692307693 0.25961538461538464 0.04326923076923077
0 0.47596153846153844 0.8197115384615384 0.15865384615384615 0.16826923076923078
0 0.7764423076923077 0.07572115384615384 0.14423076923076922 0.07932692307692307
0 0.6418269230769231 0.13822115384615385 0.14423076923076922 0.0985576923076923
0 0.6442307692307693 0.27884615384615385 0.14903846153846154 0.08653846153846154
0 0.5276442307692307 0.46274038461538464 0.12259615384615384 0.06009615384615385
0 0.47475961538461536 0.7824519230769231 0.15144230769230768 0.08413461538461539
0 0.18028846153846154 0.4026442307692308 0.13942307692307693 0.07932692307692307
0 0.6802884615384616 0.3870192307692308 0.14423076923076922 0.0673076923076923
1 0.7019230769230769 0.8221153846153846 0.2980769230769231 0.04807692307692308
