0 0.33052884615384615 0.9044471153846154 0.06971153846153846 0.04927884615384615
0 0.34915865384615385 0.7560096153846154 0.0733173076923077 0.06009615384615385
0 0.2920673076923077 0.7169471153846154 0.06009615384615385 0.04927884615384615
0 0.3473557692307692 0.6712740384615384 0.055288461538461536 0.04927884615384615
0 0.38521634615384615 0.2848557692307692 0.0829326923076923 0.06971153846153846
0 0.3425480769230769 0.5955528846153846 0.055288461538461536 0.046875
0 0.6472355769230769 0.6045673076923077 0.06370192307692307 0.05048076923076923
0 0.5306490384615384 0.5667067307692307 0.06610576923076923 0.051682692307692304
1 0.6868990384615384 0.8311298076923077 0.13341346153846154 0.042067307692307696
1 0.4933894230769231 0.8305288461538461 0.1502403846153846 0.036057692307692304
1 0.6959134615384616 0.25841346153846156 0.1466346153846154 0.036057692307692304
1 0.5096153846153846 0.2566105769230769 0.125 0.046875
1 0.28064903846153844 0.2590144230769231 0.15745192307692307 0.042067307692307696
0 0.6358173076923077 0.5306490384615384 0.07932692307692307 0.051682692307692304
0 0.6364182692307693 0.6598557692307693 0.08052884615384616 0.06490384615384616
0 0.4495192307692308 0.7013221153846154 0.08653846153846154 0.06129807692307692
0 0.35216346153846156 0.8605769230769231 0.07932692307692307 0.057692307692307696
