0 0.09615384615384616 0.6694711538461539 0.04807692307692308 0.06971153846153846
0 0.2439903846153846 0.6514423076923077 0.06009615384615385 0.07211538461538461
0 0.28365384615384615 0.7079326923076923 0.04807692307692308 0.06009615384615385
0 0.3293269230769231 0.6526442307692307 0.04807692307692308 0.055288461538461536
0 0.7151442307692307 0.6153846153846154 0.06971153846153846 0.08173076923076923
0 0.40384615384615385 0.6574519230769231 0.04807692307692308 0.055288461538461536
0 0.3954326923076923 0.35336538461538464 0.05048076923076923 0.0625
0 0.4326923076923077 0.46875 0.052884615384615384 0.0673076923076923
1 0.16826923076923078 0.3125 0.04326923076923077 0.1346153846153846
1 0.16947115384615385 0.5072115384615384 0.036057692307692304 0.14903846153846154
1 0.7415865384615384 0.30408653846153844 0.036057692307692304 0.1466346153846154
1 0.7427884615384616 0.49038461538461536 0.04807692307692308 0.125
1 0.7403846153846154 0.71875 0.04326923076923077 0.15865384615384615
0 0.46875 0.3641826923076923 0.052884615384615384 0.07932692307692307
0 0.3401442307692308 0.3629807692307692 0.06490384615384616 0.08173076923076923
0 0.2980769230769231 0.5504807692307693 0.0625 0.08653846153846154
0 0.13942307692307693 0.6478365384615384 0.057692307692307696 0.07932692307692307
