1 0.6442307692307693 0.6995192307692307 0.35096153846153844 0.03365384615384615
0 0.5649038461538461 0.17548076923076922 0.09134615384615384 0.052884615384615384
0 0.6478365384615384 0.30288461538461536 0.0889423076923077 0.057692307692307696
0 0.5552884615384616 0.23076923076923078 0.07692307692307693 0.04807692307692308
0 0.6490384615384616 0.3954326923076923 0.09615384615384616 0.06009615384615385
0 0.46634615384615385 0.4050480769230769 0.07692307692307693 0.055288461538461536
0 0.3641826923076923 0.31971153846153844 0.0889423076923077 0.07692307692307693
0 0.3605769230769231 0.3581730769230769 0.07692307692307693 0.057692307692307696
0 0.3112980769230769 0.43028846153846156 0.09375 0.052884615384615384
0 0.4170673076923077 0.71875 0.14182692307692307 0.07211538461538461
1 0.8221153846153846 0.40625 0.04326923076923077 0.10096153846153846
1 0.8269230769230769 0.26322115384615385 0.04326923076923077 0.0985576923076923
1 0.8269230769230769 0.07692307692307693 0.04807692307692308 0.052884615384615384
1 0.8233173076923077 0.546875 0.040865384615384616 0.0985576923076923
1 0.8257211538461539 0.6502403846153846 0.040865384615384616 0.10817307692307693
1 0.8269230769230769 0.6057692307692307 0.04807692307692308 0.22115384615384615
1 0.7596153846153846 0.7019230769230769 0.125 0.03365384615384615
1 0.6442307692307693 0.7019230769230769 0.11538461538461539 0.028846153846153848
1 0.5288461538461539 0.7019230769230769 0.1201923076923077 0.019230769230769232
1 0.28125 0.8413461538461539 0.11538461538461539 0.03365384615384615
1 0.16346153846153846 0.8365384615384616 0.125 0.03365384615384615
1 0.22235576923076922 0.8389423076923077 0.25240384615384615 0.04807692307692308
