0 0.41346153846153844 0.6466346153846154 0.04807692307692308 0.09134615384615384
0 0.40865384615384615 0.49759615384615385 0.038461538461538464 0.07211538461538461
0 0.44711538461538464 0.31971153846153844 0.03365384615384615 0.09615384615384616
0 0.3581730769230769 0.4326923076923077 0.04807692307692308 0.09134615384615384
1 0.25721153846153844 0.6923076923076923 0.028846153846153848 0.14423076923076922
0 0.20192307692307693 0.7379807692307693 0.04807692307692308 0.09375
0 0.23557692307692307 0.5168269230769231 0.052884615384615384 0.08653846153846154
0 0.32211538461538464 0.5216346153846154 0.04807692307692308 0.09615384615384616
0 0.7307692307692307 0.42788461538461536 0.057692307692307696 0.09134615384615384
0 0.4879807692307692 0.49278846153846156 0.04326923076923077 0.08173076923076923
1 0.4230769230769231 0.171875 0.052884615384615384 0.05048076923076923
1 0.7139423076923077 0.3233173076923077 0.028846153846153848 0.13701923076923078
1 0.7115384615384616 0.6923076923076923 0.028846153846153848 0.16346153846153846
1 0.25721153846153844 0.2860576923076923 0.028846153846153848 0.15384615384615385
1 0.49759615384615385 0.16826923076923078 0.04807692307692308 0.04807692307692308
