0 0.3527644230769231 0.5859375 0.09014423076923077 0.046875
0 0.5024038461538461 0.5919471153846154 0.07211538461538461 0.039663461538461536
0 0.6796875 0.5528846153846154 0.09495192307692307 0.03365384615384615
0 0.5679086538461539 0.6412259615384616 0.09254807692307693 0.046875
1 0.3082932692307692 0.7421875 0.14543269230769232 0.027644230769230768
0 0.2626201923076923 0.7974759615384616 0.09254807692307693 0.046875
0 0.48377403846153844 0.7644230769230769 0.08774038461538461 0.052884615384615384
0 0.4777644230769231 0.6778846153846154 0.09495192307692307 0.04807692307692308
0 0.5715144230769231 0.2698317307692308 0.09014423076923077 0.05889423076923077
0 0.5072115384615384 0.5120192307692307 0.08173076923076923 0.04326923076923077
1 0.828125 0.5763221153846154 0.05048076923076923 0.051682692307692304
1 0.6766826923076923 0.2854567307692308 0.13701923076923078 0.027644230769230768
1 0.3076923076923077 0.28846153846153844 0.16346153846153846 0.028846153846153848
1 0.7139423076923077 0.7421875 0.15384615384615385 0.027644230769230768
1 0.8317307692307693 0.5024038461538461 0.04807692307692308 0.04807692307692308
