0 0.8088942307692307 0.5048076923076923 0.12259615384615384 0.1201923076923077
0 0.84375 0.4951923076923077 0.0625 0.1201923076923077
0 0.7860576923076923 0.5 0.0673076923076923 0.12980769230769232
0 0.4074519230769231 0.4254807692307692 0.06490384615384616 0.11538461538461539
0 0.41947115384615385 0.5649038461538461 0.07451923076923077 0.13942307692307693
1 0.78125 0.14543269230769232 0.038461538461538464 0.0889423076923077
1 0.44711538461538464 0.890625 0.10096153846153846 0.07451923076923077
1 0.21875 0.8810096153846154 0.09615384615384616 0.07932692307692307
0 0.10336538461538461 0.4182692307692308 0.11538461538461539 0.1201923076923077
0 0.13581730769230768 0.4026442307692308 0.06490384615384616 0.13221153846153846
0 0.07692307692307693 0.41466346153846156 0.0625 0.11298076923076923
1 0.8125 0.6947115384615384 0.04807692307692308 0.23557692307692307
0 0.19951923076923078 0.37740384615384615 0.0673076923076923 0.10576923076923077
0 0.23076923076923078 0.5600961538461539 0.07211538461538461 0.14423076923076922
0 0.2932692307692308 0.5637019230769231 0.0673076923076923 0.13221153846153846
1 0.3137019230769231 0.8870192307692307 0.0985576923076923 0.0673076923076923
1 0.7620192307692307 0.8774038461538461 0.0673076923076923 0.0625
1 0.8125 0.27283653846153844 0.04807692307692308 0.19230769230769232
