0 0.38822115384615385 0.22175480769230768 0.07451923076923077 0.0733173076923077
0 0.6346153846153846 0.3058894230769231 0.08173076923076923 0.06370192307692307
0 0.37740384615384615 0.5306490384615384 0.07692307692307693 0.056490384615384616
0 0.42007211538461536 0.5474759615384616 0.07091346153846154 0.06129807692307692
0 0.33413461538461536 0.6183894230769231 0.08173076923076923 0.06370192307692307
0 0.40384615384615385 0.7986778846153846 0.08653846153846154 0.0733173076923077
0 0.4206730769230769 0.6189903846153846 0.07211538461538461 0.06971153846153846
0 0.6051682692307693 0.6045673076923077 0.08052884615384616 0.07451923076923077
0 0.7493990384615384 0.6087740384615384 0.08052884615384616 0.0733173076923077
1 0.14002403846153846 0.7397836538461539 0.04927884615384615 0.06129807692307692
1 0.2722355769230769 0.24098557692307693 0.12620192307692307 0.039663461538461536
1 0.515625 0.2439903846153846 0.17067307692307693 0.036057692307692304
1 0.6989182692307693 0.24278846153846154 0.13822115384615385 0.038461538461538464
1 0.1424278846153846 0.3389423076923077 0.03485576923076923 0.04326923076923077
1 0.1424278846153846 0.5246394230769231 0.04927884615384615 0.04447115384615385
1 0.20432692307692307 0.7752403846153846 0.1201923076923077 0.03125
