0 0.6117788461538461 0.22115384615384615 0.07451923076923077 0.07211538461538461
0 0.36538461538461536 0.30528846153846156 0.08173076923076923 0.0625
0 0.6225961538461539 0.53125 0.07692307692307693 0.057692307692307696
0 0.5793269230769231 0.5480769230769231 0.07211538461538461 0.0625
0 0.6658653846153846 0.6177884615384616 0.08173076923076923 0.0625
0 0.5961538461538461 0.7980769230769231 0.08653846153846154 0.07211538461538461
0 0.5793269230769231 0.6189903846153846 0.07211538461538461 0.06971153846153846
0 0.3942307692307692 0.6045673076923077 0.08173076923076923 0.07451923076923077
0 0.25 0.6081730769230769 0.08173076923076923 0.07211538461538461
1 0.8605769230769231 0.7403846153846154 0.04807692307692308 0.0625
1 0.7283653846153846 0.2403846153846154 0.125 0.038461538461538464
1 0.484375 0.2439903846153846 0.17067307692307693 0.036057692307692304
1 0.3004807692307692 0.24278846153846154 0.13942307692307693 0.038461538461538464
1 0.8581730769230769 0.3389423076923077 0.03365384615384615 0.04326923076923077
1 0.8581730769230769 0.5240384615384616 0.04807692307692308 0.04326923076923077
1 0.7956730769230769 0.7752403846153846 0.1201923076923077 0.03125
