0 0.7139423076923077 0.21153846153846154 0.10576923076923077 0.0673076923076923
0 0.7884615384615384 0.28365384615384615 0.09134615384615384 0.08173076923076923
1 0.25 0.8942307692307693 0.20192307692307693 0.052884615384615384
1 0.27403846153846156 0.15384615384615385 0.22115384615384615 0.057692307692307696
0 0.453125 0.8689903846153846 0.12740384615384615 0.07932692307692307
0 0.6225961538461539 0.7055288461538461 0.11057692307692307 0.07932692307692307
1 0.8125 0.078125 0.125 0.040865384615384616
1 0.6394230769230769 0.07932692307692307 0.1875 0.04326923076923077
1 0.6802884615384616 0.8461538461538461 0.20673076923076922 0.04326923076923077
0 0.625 0.5300480769230769 0.10576923076923077 0.06971153846153846
0 0.6033653846153846 0.4675480769230769 0.12980769230769232 0.08413461538461539
0 0.7932692307692307 0.39663461538461536 0.10576923076923077 0.07211538461538461
0 0.23557692307692307 0.6153846153846154 0.09615384615384616 0.0673076923076923
0 0.4495192307692308 0.7728365384615384 0.10576923076923077 0.07932692307692307
0 0.4206730769230769 0.15384615384615385 0.11538461538461539 0.1346153846153846
