1 0.8082932692307693 0.2439903846153846 0.1310096153846154 0.05048076923076923
1 0.6370192307692307 0.24639423076923078 0.14423076923076922 0.05048076923076923
1 0.47415865384615385 0.24338942307692307 0.12139423076923077 0.04927884615384615
1 0.23016826923076922 0.24459134615384615 0.06610576923076923 0.046875
0 0.8329326923076923 0.5733173076923077 0.07451923076923077 0.0889423076923077
0 0.296875 0.5817307692307693 0.07932692307692307 0.08653846153846154
0 0.3485576923076923 0.20192307692307693 0.08653846153846154 0.11057692307692307
0 0.4128605769230769 0.7674278846153846 0.09014423076923077 0.12620192307692307
0 0.4176682692307692 0.6790865384615384 0.1045673076923077 0.12259615384615384
0 0.4176682692307692 0.7259615384615384 0.09014423076923077 0.22596153846153846
