1 0.7560096153846154 0.19230769230769232 0.05048076923076923 0.12980769230769232
1 0.7536057692307693 0.3629807692307692 0.05048076923076923 0.14423076923076922
1 0.7572115384615384 0.5264423076923077 0.04807692307692308 0.1201923076923077
1 0.7548076923076923 0.7692307692307693 0.04807692307692308 0.0673076923076923
0 0.4266826923076923 0.16706730769230768 0.0889423076923077 0.07451923076923077
0 0.4182692307692308 0.703125 0.08653846153846154 0.07932692307692307
0 0.7980769230769231 0.6514423076923077 0.11057692307692307 0.08653846153846154
0 0.23317307692307693 0.5865384615384616 0.125 0.09134615384615384
0 0.32091346153846156 0.5817307692307693 0.12259615384615384 0.10576923076923077
0 0.27403846153846156 0.5817307692307693 0.22596153846153846 0.09134615384615384
