1 0.7403846153846154 0.07572115384615384 0.17307692307692307 0.055288461538461536
1 0.5144230769230769 0.07091346153846154 0.10096153846153846 0.06009615384615385
1 0.25 0.0733173076923077 0.10576923076923077 0.057692307692307696
1 0.8317307692307693 0.7788461538461539 0.07211538461538461 0.125
1 0.609375 0.9447115384615384 0.27163461538461536 0.052884615384615384
0 0.6490384615384616 0.17307692307692307 0.07211538461538461 0.07211538461538461
1 0.21394230769230768 0.9387019230769231 0.2403846153846154 0.055288461538461536
0 0.38221153846153844 0.3701923076923077 0.0673076923076923 0.07211538461538461
0 0.10096153846153846 0.359375 0.08173076923076923 0.0889423076923077
0 0.6730769230769231 0.5649038461538461 0.11057692307692307 0.04807692307692308
0 0.20192307692307693 0.2403846153846154 0.09615384615384616 0.04326923076923077
1 0.8774038461538461 0.41346153846153844 0.08173076923076923 0.21634615384615385
