0 0.14182692307692307 0.9026442307692307 0.09134615384615384 0.10817307692307693
0 0.20673076923076922 0.7668269230769231 0.08173076923076923 0.09134615384615384
0 0.4074519230769231 0.7355769230769231 0.09375 0.08653846153846154
0 0.5865384615384616 0.5853365384615384 0.08173076923076923 0.0889423076923077
0 0.49278846153846156 0.1971153846153846 0.10096153846153846 0.11538461538461539
1 0.18028846153846154 0.23076923076923078 0.10576923076923077 0.0673076923076923
1 0.3293269230769231 0.23317307692307693 0.15384615384615385 0.057692307692307696
1 0.6634615384615384 0.23317307692307693 0.11538461538461539 0.057692307692307696
1 0.7824519230769231 0.47836538461538464 0.04567307692307692 0.07211538461538461
1 0.78125 0.6730769230769231 0.057692307692307696 0.16346153846153846
