0 0.14122596153846154 0.9026442307692307 0.09014423076923077 0.10817307692307693
0 0.20673076923076922 0.7662259615384616 0.08173076923076923 0.09014423076923077
0 0.4074519230769231 0.7355769230769231 0.09375 0.08653846153846154
0 0.5859375 0.5853365384615384 0.08052884615384616 0.0889423076923077
0 0.4921875 0.19771634615384615 0.09975961538461539 0.11658653846153846
1 0.18088942307692307 0.23016826923076922 0.10697115384615384 0.06610576923076923
1 0.32992788461538464 0.23377403846153846 0.15504807692307693 0.05889423076923077
1 0.6628605769230769 0.23317307692307693 0.1141826923076923 0.057692307692307696
1 0.7824519230769231 0.4777644230769231 0.04567307692307692 0.07091346153846154
1 0.7806490384615384 0.6736778846153846 0.056490384615384616 0.16466346153846154
