0 0.3641826923076923 0.49399038461538464 0.055288461538461536 0.0985576923076923
0 0.3125 0.7548076923076923 0.07211538461538461 0.11057692307692307
0 0.2536057692307692 0.25 0.07451923076923077 0.125
1 0.046875 0.17427884615384615 0.04567307692307692 0.15625
0 0.4543269230769231 0.6778846153846154 0.0625 0.11538461538461539
0 0.8918269230769231 0.6129807692307693 0.07211538461538461 0.10096153846153846
1 0.8677884615384616 0.7896634615384616 0.04807692307692308 0.2860576923076923
1 0.04807692307692308 0.5096153846153846 0.052884615384615384 0.23557692307692307
1 0.04326923076923077 0.84375 0.04326923076923077 0.17307692307692307
0 0.2536057692307692 0.5865384615384616 0.07451923076923077 0.11538461538461539
0 0.3317307692307692 0.13942307692307693 0.0673076923076923 0.1201923076923077
