1 0.16706730769230768 0.7115384615384616 0.10336538461538461 0.07692307692307693
0 0.3004807692307692 0.7620192307692307 0.07692307692307693 0.14903846153846154
0 0.2439903846153846 0.23317307692307693 0.16105769230769232 0.1346153846153846
0 0.28365384615384615 0.23317307692307693 0.09134615384615384 0.125
0 0.20793269230769232 0.23677884615384615 0.0985576923076923 0.12980769230769232
0 0.5060096153846154 0.24639423076923078 0.07932692307692307 0.11298076923076923
0 0.7680288461538461 0.24759615384615385 0.07451923076923077 0.11538461538461539
0 0.765625 0.34375 0.07451923076923077 0.09615384615384616
1 0.8822115384615384 0.7067307692307693 0.0625 0.07211538461538461
1 0.7980769230769231 0.7091346153846154 0.09615384615384616 0.07692307692307693
1 0.5961538461538461 0.7139423076923077 0.1778846153846154 0.07692307692307693
1 0.41947115384615385 0.7115384615384616 0.12259615384615384 0.07211538461538461
1 0.07451923076923077 0.7151442307692307 0.0625 0.06971153846153846
1 0.9338942307692307 0.41947115384615385 0.06490384615384616 0.08413461538461539
1 0.9302884615384616 0.20552884615384615 0.0673076923076923 0.07932692307692307
