1 0.28846153846153844 0.8329326923076923 0.07692307692307693 0.10336538461538461
0 0.23858173076923078 0.6995192307692307 0.1502403846153846 0.07692307692307693
0 0.7662259615384616 0.7560096153846154 0.13341346153846154 0.16105769230769232
0 0.7668269230769231 0.7163461538461539 0.125 0.09134615384615384
0 0.7626201923076923 0.7920673076923077 0.1310096153846154 0.0985576923076923
0 0.7536057692307693 0.49399038461538464 0.11298076923076923 0.07932692307692307
0 0.7524038461538461 0.23197115384615385 0.11538461538461539 0.07451923076923077
0 0.65625 0.234375 0.09615384615384616 0.07451923076923077
1 0.2932692307692308 0.11778846153846154 0.07211538461538461 0.0625
1 0.29086538461538464 0.20252403846153846 0.07692307692307693 0.09735576923076923
1 0.2860576923076923 0.4032451923076923 0.07692307692307693 0.17668269230769232
1 0.28846153846153844 0.5805288461538461 0.07211538461538461 0.12259615384615384
1 0.2848557692307692 0.9248798076923077 0.06971153846153846 0.06129807692307692
1 0.5805288461538461 0.06610576923076923 0.08413461538461539 0.06490384615384616
1 0.7944711538461539 0.0703125 0.07932692307692307 0.06850961538461539
