0 0.5117117117117117 0.317762399077278 0.04144144144144144 0.02883506343713956
0 0.8081081081081081 0.7975778546712803 0.05225225225225225 0.02883506343713956
0 0.6918918918918919 0.7993079584775087 0.05945945945945946 0.03229527104959631
0 0.5756756756756757 0.7975778546712803 0.055855855855855854 0.03229527104959631
0 0.518918918918919 0.7975778546712803 0.04504504504504504 0.03229527104959631
0 0.35765765765765767 0.7970011534025375 0.05405405405405406 0.03344867358708189
0 0.281981981981982 0.7935409457900807 0.05405405405405406 0.02883506343713956
0 0.2972972972972973 0.6891580161476355 0.04504504504504504 0.03460207612456748
0 0.36126126126126124 0.6856978085351788 0.043243243243243246 0.031141868512110725
0 0.5900900900900901 0.6043829296424452 0.05405405405405406 0.03806228373702422
0 0.8594594594594595 0.49192618223760093 0.07207207207207207 0.05420991926182238
0 0.7855855855855856 0.4942329873125721 0.08108108108108109 0.05651672433679354
0 0.5954954954954955 0.40542099192618225 0.043243243243243246 0.03229527104959631
0 0.5540540540540541 0.395040369088812 0.025225225225225224 0.025374855824682813
0 0.5558558558558558 0.3477508650519031 0.02882882882882883 0.0196078431372549
0 0.5828828828828829 0.12283737024221453 0.06126126126126126 0.03806228373702422
0 0.17387387387387387 0.19319492502883506 0.055855855855855854 0.0392156862745098
0 0.2801801801801802 0.3108419838523645 0.055855855855855854 0.02883506343713956
0 0.24504504504504504 0.3477508650519031 0.04504504504504504 0.0392156862745098
0 0.4 0.31949250288350634 0.04864864864864865 0.02883506343713956
0 0.5954954954954955 0.35870818915801617 0.05225225225225225 0.03575547866205306
1 0.5351351351351351 0.4359861591695502 0.03063063063063063 0.07612456747404844
1 0.6720720720720721 0.618800461361015 0.12252252252252252 0.01384083044982699
1 0.7783783783783784 0.6176470588235294 0.11351351351351352 0.0196078431372549
1 0.09549549549549549 0.7202998846597463 0.025225225225225224 0.0530565167243368
1 0.16576576576576577 0.5449826989619377 0.12252252252252252 0.0196078431372549
1 0.2711711711711712 0.5449826989619377 0.12432432432432433 0.0196078431372549
1 0.3801801801801802 0.5461361014994233 0.10810810810810811 0.014994232987312572
1 0.48558558558558557 0.5467128027681661 0.11531531531531532 0.02191464821222607
1 0.3963963963963964 0.3961937716262976 0.11171171171171171 0.02191464821222607
1 0.18828828828828828 0.3973471741637832 0.13333333333333333 0.014994232987312572
1 0.09279279279279279 0.23875432525951557 0.036036036036036036 0.05651672433679354
1 0.15135135135135136 0.0651672433679354 0.13333333333333333 0.016147635524798153
1 0.26216216216216215 0.0651672433679354 0.11891891891891893 0.016147635524798153
1 0.36666666666666664 0.06286043829296424 0.11531531531531532 0.0196078431372549
1 0.47297297297297297 0.06170703575547866 0.11891891891891893 0.020761245674740483
1 0.6585585585585586 0.13725490196078433 0.12612612612612611 0.01845444059976932
1 0.7684684684684685 0.13610149942329874 0.11531531531531532 0.0196078431372549
0 0.8117117117117117 0.8823529411764706 0.04504504504504504 0.03229527104959631
