1 0.6490384615384616 0.8605769230769231 0.1346153846153846 0.019230769230769232
1 0.46634615384615385 0.8629807692307693 0.04807692307692308 0.014423076923076924
1 0.8040865384615384 0.640625 0.036057692307692304 0.09375
0 0.5997596153846154 0.2644230769230769 0.06490384615384616 0.08173076923076923
0 0.6634615384615384 0.6634615384615384 0.0625 0.04807692307692308
0 0.5420673076923077 0.5048076923076923 0.05048076923076923 0.04807692307692308
0 0.6045673076923077 0.7007211538461539 0.06009615384615385 0.055288461538461536
0 0.5384615384615384 0.5516826923076923 0.057692307692307696 0.05048076923076923
0 0.5480769230769231 0.7043269230769231 0.052884615384615384 0.04807692307692308
0 0.4579326923076923 0.6778846153846154 0.05048076923076923 0.038461538461538464
0 0.375 0.6875 0.0625 0.04807692307692308
0 0.5072115384615384 0.7764423076923077 0.052884615384615384 0.04326923076923077
0 0.49278846153846156 0.6887019230769231 0.0625 0.06009615384615385
1 0.4879807692307692 0.2620192307692308 0.11538461538461539 0.019230769230769232
1 0.7043269230769231 0.2644230769230769 0.13942307692307693 0.019230769230769232
