0 0.6245210727969349 0.07313109425785481 0.04885057471264368 0.047670639219934995
0 0.44588122605363983 0.6440953412784398 0.040229885057471264 0.03791982665222102
0 0.4434865900383142 0.6863488624052004 0.038314176245210725 0.047670639219934995
0 0.40086206896551724 0.747020585048754 0.044061302681992334 0.0628385698808234
0 0.4109195402298851 0.5937161430119177 0.05651340996168582 0.0628385698808234
0 0.34339080459770116 0.6733477789815818 0.05363984674329502 0.05742145178764897
0 0.34339080459770116 0.45882990249187433 0.05363984674329502 0.05200433369447454
0 0.1824712643678161 0.3179848320693391 0.05747126436781609 0.06392199349945829
0 0.6518199233716475 0.8748645720476707 0.05172413793103448 0.059588299024918745
1 0.6077586206896551 0.261646803900325 0.014367816091954023 0.08775731310942579
1 0.6087164750957854 0.3391115926327194 0.020114942528735632 0.08450704225352113
1 0.6077586206896551 0.41495124593716143 0.020114942528735632 0.08342361863488625
1 0.5459770114942529 0.9198266522210184 0.06417624521072797 0.01950162513542795
1 0.49377394636015326 0.9214517876489707 0.0603448275862069 0.024918743228602384
1 0.38266283524904215 0.919284940411701 0.044061302681992334 0.023835319609967497
1 0.20593869731800765 0.8266522210184182 0.018199233716475097 0.08342361863488625
1 0.20545977011494254 0.6695557963163596 0.022030651340996167 0.04983748645720477
1 0.20545977011494254 0.5 0.020114942528735632 0.08884073672806067
1 0.2049808429118774 0.14301191765980498 0.016283524904214558 0.08450704225352113
1 0.3160919540229885 0.02275189599133261 0.04693486590038314 0.02275189599133261
1 0.46264367816091956 0.023835319609967497 0.05938697318007663 0.020585048754062838
1 0.5090996168582376 0.022210184182015168 0.05363984674329502 0.023835319609967497
0 0.6235632183908046 0.12026002166847237 0.04885057471264368 0.05308775731310943
0 0.6460727969348659 0.4869989165763814 0.05268199233716475 0.06500541711809317
0 0.7662835249042146 0.6988082340195017 0.04693486590038314 0.05850487540628386
0 0.5756704980842912 0.6029252437703142 0.05172413793103448 0.06067172264355363
