0 0.39002403846153844 0.7734375 0.078125 0.08052884615384616
0 0.3317307692307692 0.5066105769230769 0.09134615384615384 0.08533653846153846
0 0.6304086538461539 0.5811298076923077 0.09254807692307693 0.08533653846153846
1 0.15625 0.8365384615384616 0.052884615384615384 0.052884615384615384
0 0.4332932692307692 0.8467548076923077 0.11177884615384616 0.17908653846153846
1 0.7752403846153846 0.20673076923076922 0.12259615384615384 0.0625
1 0.8846153846153846 0.3894230769230769 0.052884615384615384 0.12980769230769232
1 0.1580528846153846 0.6634615384615384 0.051682692307692304 0.0625
1 0.8894230769230769 0.5943509615384616 0.0625 0.10216346153846154
1 0.5228365384615384 0.2109375 0.13701923076923078 0.051682692307692304
1 0.25180288461538464 0.20432692307692307 0.08533653846153846 0.052884615384615384
1 0.15925480769230768 0.4188701923076923 0.05889423076923077 0.12139423076923077
0 0.6201923076923077 0.21334134615384615 0.07692307692307693 0.15745192307692307
0 0.4501201923076923 0.6844951923076923 0.09735576923076923 0.08052884615384616
