0 0.6201923076923077 0.6574519230769231 0.052884615384615384 0.12740384615384615
0 0.4543269230769231 0.5480769230769231 0.0673076923076923 0.12980769230769232
0 0.3798076923076923 0.8112980769230769 0.057692307692307696 0.13701923076923078
0 0.5673076923076923 0.8293269230769231 0.04807692307692308 0.10096153846153846
0 0.6959134615384616 0.6610576923076923 0.040865384615384616 0.10096153846153846
0 0.7548076923076923 0.8822115384615384 0.04326923076923077 0.09134615384615384
0 0.7596153846153846 0.6430288461538461 0.04807692307692308 0.10817307692307693
0 0.7596153846153846 0.5216346153846154 0.04807692307692308 0.11057692307692307
0 0.9375 0.17427884615384615 0.0673076923076923 0.13701923076923078
1 0.9158653846153846 0.4987980769230769 0.02403846153846154 0.15625
1 0.9158653846153846 0.6778846153846154 0.019230769230769232 0.17548076923076922
1 0.4735576923076923 0.2764423076923077 0.02403846153846154 0.2644230769230769
1 0.4723557692307692 0.8365384615384616 0.026442307692307692 0.16346153846153846
