0 0.703125 0.6262019230769231 0.10336538461538461 0.11778846153846154
0 0.9230769230769231 0.6418269230769231 0.10096153846153846 0.11057692307692307
0 0.8269230769230769 0.6262019230769231 0.10576923076923077 0.12259615384615384
1 0.7908653846153846 0.3293269230769231 0.028846153846153848 0.22596153846153846
0 0.09375 0.6370192307692307 0.08173076923076923 0.10096153846153846
0 0.3545673076923077 0.6237980769230769 0.10336538461538461 0.12740384615384615
0 0.5432692307692307 0.28365384615384615 0.08173076923076923 0.11538461538461539
0 0.6129807692307693 0.44471153846153844 0.08653846153846154 0.125
0 0.5324519230769231 0.7439903846153846 0.09375 0.12740384615384615
0 0.6177884615384616 0.7331730769230769 0.07211538461538461 0.11538461538461539
1 0.055288461538461536 0.8004807692307693 0.038461538461538464 0.21634615384615385
1 0.06129807692307692 0.4026442307692308 0.036057692307692304 0.38221153846153844
