1 0.16947115384615385 0.21754807692307693 0.040865384615384616 0.05048076923076923
1 0.16826923076923078 0.5096153846153846 0.03365384615384615 0.07692307692307693
1 0.16826923076923078 0.6129807692307693 0.028846153846153848 0.07692307692307693
1 0.44471153846153844 0.8581730769230769 0.028846153846153848 0.038461538461538464
1 0.5180288461538461 0.7115384615384616 0.04567307692307692 0.02403846153846154
0 0.2824519230769231 0.33533653846153844 0.04567307692307692 0.036057692307692304
0 0.4182692307692308 0.5504807692307693 0.04807692307692308 0.038461538461538464
0 0.4182692307692308 0.4230769230769231 0.052884615384615384 0.038461538461538464
0 0.5865384615384616 0.6165865384615384 0.0625 0.055288461538461536
0 0.6177884615384616 0.5757211538461539 0.057692307692307696 0.040865384615384616
0 0.7391826923076923 0.5745192307692307 0.055288461538461536 0.038461538461538464
0 0.6658653846153846 0.40384615384615385 0.057692307692307696 0.04807692307692308
0 0.7175480769230769 0.3317307692307692 0.055288461538461536 0.08173076923076923
0 0.5528846153846154 0.17067307692307693 0.07692307692307693 0.04807692307692308
0 0.15144230769230768 0.7548076923076923 0.0625 0.038461538461538464
0 0.38221153846153844 0.6129807692307693 0.0625 0.04807692307692308
0 0.328125 0.5889423076923077 0.06009615384615385 0.057692307692307696
0 0.3245192307692308 0.5336538461538461 0.0625 0.04807692307692308
0 0.15144230769230768 0.37259615384615385 0.0673076923076923 0.038461538461538464
0 0.2403846153846154 0.375 0.0625 0.04326923076923077
0 0.06971153846153846 0.8762019230769231 0.08653846153846154 0.11298076923076923
0 0.5745192307692307 0.4639423076923077 0.04807692307692308 0.038461538461538464
1 0.34134615384615385 0.9591346153846154 0.04807692307692308 0.028846153846153848
1 0.20673076923076922 0.9591346153846154 0.04807692307692308 0.019230769230769232
1 0.8846153846153846 0.34134615384615385 0.03365384615384615 0.038461538461538464
1 0.8100961538461539 0.5985576923076923 0.04326923076923077 0.02403846153846154
1 0.6586538461538461 0.6009615384615384 0.038461538461538464 0.02403846153846154
1 0.7980769230769231 0.2620192307692308 0.0625 0.02403846153846154
1 0.23317307692307693 0.16346153846153846 0.0625 0.02403846153846154
