0 0.523224043715847 0.6652631578947369 0.04781420765027322 0.07578947368421053
0 0.5136612021857924 0.5589473684210526 0.04371584699453552 0.08842105263157894
0 0.4713114754098361 0.2873684210526316 0.04918032786885246 0.06947368421052631
0 0.305327868852459 0.11157894736842106 0.04644808743169399 0.07578947368421053
0 0.226775956284153 0.16210526315789472 0.0546448087431694 0.07578947368421053
0 0.34084699453551914 0.7894736842105263 0.04918032786885246 0.07157894736842105
0 0.26844262295081966 0.7936842105263158 0.0546448087431694 0.06526315789473684
1 0.6666666666666666 0.14421052631578948 0.025956284153005466 0.08421052631578947
1 0.7540983606557377 0.48105263157894734 0.023224043715846996 0.16842105263157894
1 0.7520491803278688 0.6568421052631579 0.020491803278688523 0.11157894736842106
1 0.7527322404371585 0.8389473684210527 0.02459016393442623 0.17473684210526316
1 0.2459016393442623 0.5221052631578947 0.028688524590163935 0.1705263157894737
0 0.6379781420765027 0.02 0.04371584699453552 0.04
0 0.703551912568306 0.1031578947368421 0.04644808743169399 0.09263157894736843
0 0.6919398907103825 0.26105263157894737 0.04781420765027322 0.06947368421052631
0 0.680327868852459 0.5621052631578948 0.04918032786885246 0.07578947368421053
0 0.5245901639344263 0.7736842105263158 0.050546448087431695 0.08
