0 0.7890625 0.5282451923076923 0.05889423076923077 0.1141826923076923
0 0.765625 0.33052884615384615 0.055288461538461536 0.07932692307692307
0 0.7620192307692307 0.1971153846153846 0.052884615384615384 0.07211538461538461
0 0.6965144230769231 0.39783653846153844 0.07572115384615384 0.06971153846153846
0 0.3683894230769231 0.49158653846153844 0.06370192307692307 0.07932692307692307
0 0.3671875 0.19050480769230768 0.06129807692307692 0.0829326923076923
0 0.1544471153846154 0.1875 0.0733173076923077 0.08653846153846154
1 0.5270432692307693 0.09254807692307693 0.08774038461538461 0.04567307692307692
1 0.8245192307692307 0.0967548076923077 0.08653846153846154 0.04447115384615385
1 0.8155048076923077 0.7325721153846154 0.08774038461538461 0.03245192307692308
1 0.9128605769230769 0.5637019230769231 0.02283653846153846 0.06009615384615385
1 0.9158653846153846 0.2704326923076923 0.02403846153846154 0.06009615384615385
1 0.45132211538461536 0.7265625 0.08533653846153846 0.03485576923076923
1 0.5486778846153846 0.7229567307692307 0.08774038461538461 0.037259615384615384
1 0.28125 0.7229567307692307 0.09134615384615384 0.03245192307692308
1 0.17247596153846154 0.5174278846153846 0.027644230769230768 0.05889423076923077
1 0.17548076923076922 0.32091346153846156 0.02403846153846154 0.06009615384615385
1 0.3112980769230769 0.09014423076923077 0.0889423076923077 0.040865384615384616
0 0.7103365384615384 0.7650240384615384 0.06490384615384616 0.09735576923076923
