0 0.21153846153846154 0.47115384615384615 0.057692307692307696 0.11538461538461539
0 0.234375 0.6694711538461539 0.055288461538461536 0.07932692307692307
0 0.23798076923076922 0.8028846153846154 0.052884615384615384 0.07211538461538461
0 0.30288461538461536 0.6021634615384616 0.07692307692307693 0.06971153846153846
0 0.6322115384615384 0.5084134615384616 0.0625 0.07932692307692307
0 0.6322115384615384 0.8100961538461539 0.0625 0.08173076923076923
0 0.8461538461538461 0.8125 0.07211538461538461 0.08653846153846154
1 0.4735576923076923 0.9074519230769231 0.08653846153846154 0.04567307692307692
1 0.17548076923076922 0.9038461538461539 0.08653846153846154 0.04326923076923077
1 0.18509615384615385 0.2668269230769231 0.08653846153846154 0.03365384615384615
1 0.08653846153846154 0.4362980769230769 0.02403846153846154 0.06009615384615385
1 0.08413461538461539 0.7295673076923077 0.02403846153846154 0.06009615384615385
1 0.5480769230769231 0.27403846153846156 0.08653846153846154 0.03365384615384615
1 0.4519230769230769 0.2764423076923077 0.08653846153846154 0.038461538461538464
1 0.71875 0.2764423076923077 0.09134615384615384 0.03365384615384615
1 0.8269230769230769 0.4831730769230769 0.028846153846153848 0.057692307692307696
1 0.8245192307692307 0.6790865384615384 0.02403846153846154 0.06009615384615385
1 0.6887019230769231 0.9098557692307693 0.0889423076923077 0.040865384615384616
0 0.28966346153846156 0.23557692307692307 0.06490384615384616 0.09615384615384616
