0 0.39447731755424065 0.8442622950819673 0.0650887573964497 0.06967213114754098
0 0.47830374753451677 0.7725409836065574 0.07692307692307693 0.07581967213114754
0 0.6834319526627219 0.48668032786885246 0.07495069033530571 0.06967213114754098
0 0.40433925049309666 0.47848360655737704 0.06903353057199212 0.07991803278688525
0 0.4072978303747535 0.3473360655737705 0.0631163708086785 0.08196721311475409
0 0.5108481262327417 0.42418032786885246 0.05719921104536489 0.05942622950819672
0 0.6242603550295858 0.4088114754098361 0.07297830374753451 0.0778688524590164
0 0.8067061143984221 0.38524590163934425 0.07495069033530571 0.07172131147540983
0 0.7396449704142012 0.14344262295081966 0.07495069033530571 0.07172131147540983
1 0.868836291913215 0.8165983606557377 0.11637080867850098 0.03278688524590164
1 0.7613412228796844 0.8155737704918032 0.10650887573964497 0.03278688524590164
1 0.6341222879684418 0.8165983606557377 0.11045364891518737 0.030737704918032786
1 0.16765285996055226 0.8165983606557377 0.07297830374753451 0.03278688524590164
1 0.3905325443786982 0.18032786885245902 0.05128205128205128 0.036885245901639344
1 0.5611439842209073 0.17930327868852458 0.11637080867850098 0.030737704918032786
1 0.8530571992110454 0.1721311475409836 0.09270216962524655 0.045081967213114756
1 0.9684418145956607 0.5512295081967213 0.04339250493096647 0.0389344262295082
1 0.965483234714004 0.40061475409836067 0.03944773175542406 0.040983606557377046
0 0.5404339250493096 0.8432377049180327 0.0650887573964497 0.08196721311475409
0 0.24260355029585798 0.6137295081967213 0.07100591715976332 0.07377049180327869
