1 0.4675480769230769 0.14182692307692307 0.1466346153846154 0.03365384615384615
1 0.640625 0.13942307692307693 0.13221153846153846 0.03365384615384615
1 0.8173076923076923 0.140625 0.1346153846153846 0.03125
0 0.6826923076923077 0.8701923076923077 0.07211538461538461 0.12259615384615384
0 0.3918269230769231 0.4182692307692308 0.0673076923076923 0.0625
0 0.5600961538461539 0.4639423076923077 0.057692307692307696 0.052884615384615384
0 0.5853365384615384 0.36177884615384615 0.06971153846153846 0.07451923076923077
0 0.8052884615384616 0.44711538461538464 0.07692307692307693 0.057692307692307696
0 0.7860576923076923 0.3557692307692308 0.07692307692307693 0.0673076923076923
0 0.34975961538461536 0.4182692307692308 0.1658653846153846 0.07211538461538461
0 0.5120192307692307 0.359375 0.07211538461538461 0.06490384615384616
