0 0.6717827626918536 0.1031434184675835 0.030696576151121605 0.04911591355599214
1 0.5926800472255017 0.6051080550098232 0.03541912632821724 0.019646365422396856
1 0.5076741440377804 0.5039292730844793 0.06965761511216056 0.0275049115913556
1 0.45218417945690675 0.5039292730844793 0.02715466351829988 0.019646365422396856
1 0.1652892561983471 0.07072691552062868 0.025974025974025976 0.019646365422396856
1 0.14285714285714285 0.07170923379174853 0.024793388429752067 0.01768172888015717
1 0.04427390791027155 0.3113948919449902 0.011806375442739079 0.04911591355599214
1 0.04427390791027155 0.25147347740667975 0.012987012987012988 0.0550098231827112
1 0.13754427390791027 0.44204322200392926 0.0295159386068477 0.023575638506876228
1 0.7367178276269185 0.07269155206286837 0.04014167650531287 0.015717092337917484
1 0.6959858323494688 0.07072691552062868 0.02715466351829988 0.021611001964636542
1 0.6304604486422668 0.068762278978389 0.09327036599763873 0.021611001964636542
1 0.5802833530106257 0.25147347740667975 0.01652892561983471 0.04911591355599214
1 0.5785123966942148 0.3113948919449902 0.009445100354191263 0.04911591355599214
1 0.666469893742621 0.44106090373280943 0.04132231404958678 0.025540275049115914
1 0.8736717827626919 0.44204322200392926 0.0295159386068477 0.023575638506876228
1 0.9752066115702479 0.25638506876227896 0.015348288075560802 0.11591355599214145
1 0.44155844155844154 0.28487229862475444 0.012987012987012988 0.05697445972495088
1 0.6871310507674144 0.6051080550098232 0.031877213695395513 0.015717092337917484
1 0.7284533648170012 0.6031434184675835 0.03541912632821724 0.021611001964636542
1 0.7626918536009445 0.7023575638506876 0.009445100354191263 0.0412573673870334
1 0.7615112160566706 0.7632612966601179 0.011806375442739079 0.05893909626719057
0 0.9155844155844156 0.3968565815324165 0.031877213695395513 0.0412573673870334
0 0.9344746162927982 0.46463654223968565 0.031877213695395513 0.060903732809430254
0 0.7857142857142857 0.13359528487229863 0.03305785123966942 0.0412573673870334
0 0.5667060212514758 0.3555992141453831 0.03541912632821724 0.04518664047151277
0 0.2255017709563164 0.30844793713163066 0.030696576151121605 0.04518664047151277
0 0.20365997638724911 0.2632612966601179 0.030696576151121605 0.04911591355599214
0 0.1204250295159386 0.2632612966601179 0.031877213695395513 0.04911591355599214
0 0.16056670602125148 0.37229862475442044 0.02715466351829988 0.04911591355599214
0 0.053128689492325853 0.36345776031434185 0.02715466351829988 0.03732809430255403
0 0.4002361275088548 0.6994106090373281 0.0295159386068477 0.04518664047151277
0 0.4539551357733176 0.5510805500982319 0.031877213695395513 0.04518664047151277
0 0.5696576151121606 0.5677799607072691 0.03305785123966942 0.04518664047151277
0 0.5472255017709563 0.6522593320235757 0.03305785123966942 0.05304518664047151
0 0.5365997638724912 0.6984282907662083 0.024793388429752067 0.04518664047151277
0 0.5997638724911453 0.7396856581532416 0.02833530106257379 0.04911591355599214
0 0.6558441558441559 0.6699410609037328 0.0295159386068477 0.04518664047151277
0 0.706021251475797 0.7396856581532416 0.0295159386068477 0.0550098231827112
0 0.7727272727272727 0.6620825147347741 0.03541912632821724 0.04518664047151277
1 0.6286894923258559 0.6051080550098232 0.0295159386068477 0.025540275049115914
