0 0.6550480769230769 0.3125 0.06009615384615385 0.03365384615384615
0 0.32091346153846156 0.4026442307692308 0.07451923076923077 0.06971153846153846
0 0.6225961538461539 0.7427884615384616 0.0625 0.03365384615384615
0 0.8293269230769231 0.7427884615384616 0.0673076923076923 0.03365384615384615
0 0.6081730769230769 0.5096153846153846 0.0673076923076923 0.07211538461538461
0 0.5048076923076923 0.3581730769230769 0.07692307692307693 0.04326923076923077
0 0.6875 0.41346153846153844 0.07692307692307693 0.04326923076923077
0 0.6105769230769231 0.35697115384615385 0.0673076923076923 0.036057692307692304
1 0.7836538461538461 0.46153846153846156 0.03365384615384615 0.019230769230769232
1 0.78125 0.4206730769230769 0.028846153846153848 0.02403846153846154
1 0.0829326923076923 0.2247596153846154 0.04567307692307692 0.052884615384615384
1 0.20673076923076922 0.4014423076923077 0.17307692307692307 0.02403846153846154
1 0.36177884615384615 0.44471153846153844 0.040865384615384616 0.07692307692307693
1 0.7848557692307693 0.3942307692307692 0.03125 0.02403846153846154
1 0.7836538461538461 0.3317307692307692 0.02403846153846154 0.028846153846153848
1 0.7908653846153846 0.0985576923076923 0.038461538461538464 0.07211538461538461
1 0.7908653846153846 0.17427884615384615 0.04326923076923077 0.06009615384615385
1 0.08413461538461539 0.109375 0.03365384615384615 0.07932692307692307
0 0.453125 0.11298076923076923 0.055288461538461536 0.038461538461538464
0 0.5096153846153846 0.11899038461538461 0.07692307692307693 0.036057692307692304
0 0.3473557692307692 0.12980769230769232 0.07451923076923077 0.04326923076923077
0 0.4579326923076923 0.21394230769230768 0.06971153846153846 0.038461538461538464
0 0.6971153846153846 0.27403846153846156 0.07692307692307693 0.03365384615384615
0 0.8100961538461539 0.27403846153846156 0.07692307692307693 0.038461538461538464
