0 0.32572115384615385 0.6826923076923077 0.055288461538461536 0.07211538461538461
1 0.15264423076923078 0.1971153846153846 0.11778846153846154 0.04326923076923077
1 0.36778846153846156 0.20432692307692307 0.10096153846153846 0.038461538461538464
1 0.6466346153846154 0.20673076923076922 0.1778846153846154 0.038461538461538464
1 0.8629807692307693 0.20673076923076922 0.10096153846153846 0.04326923076923077
1 0.8894230769230769 0.7944711538461539 0.10576923076923077 0.05048076923076923
1 0.5889423076923077 0.7908653846153846 0.09134615384615384 0.038461538461538464
1 0.4014423076923077 0.7956730769230769 0.09615384615384616 0.04326923076923077
0 0.2283653846153846 0.4567307692307692 0.057692307692307696 0.07692307692307693
0 0.25240384615384615 0.6899038461538461 0.0625 0.0673076923076923
0 0.44471153846153844 0.3317307692307692 0.057692307692307696 0.07211538461538461
0 0.45913461538461536 0.6911057692307693 0.057692307692307696 0.06971153846153846
0 0.5336538461538461 0.18389423076923078 0.0673076923076923 0.0889423076923077
0 0.7872596153846154 0.4326923076923077 0.055288461538461536 0.07692307692307693
0 0.7956730769230769 0.5216346153846154 0.057692307692307696 0.0673076923076923
0 0.9338942307692307 0.4375 0.040865384615384616 0.057692307692307696
0 0.84375 0.5985576923076923 0.052884615384615384 0.0625
0 0.7548076923076923 0.6971153846153846 0.057692307692307696 0.07692307692307693
0 0.7548076923076923 0.828125 0.057692307692307696 0.08413461538461539
0 0.3605769230769231 0.4855769230769231 0.04807692307692308 0.057692307692307696
