0 0.34975961538461536 0.6033653846153846 0.06490384615384616 0.0625
0 0.6670673076923077 0.41466346153846156 0.05048076923076923 0.055288461538461536
0 0.5336538461538461 0.4495192307692308 0.057692307692307696 0.052884615384615384
0 0.5264423076923077 0.38461538461538464 0.057692307692307696 0.052884615384615384
0 0.4230769230769231 0.6394230769230769 0.057692307692307696 0.07211538461538461
0 0.6730769230769231 0.28125 0.0673076923076923 0.0673076923076923
0 0.6298076923076923 0.20432692307692307 0.07211538461538461 0.0673076923076923
1 0.1814903846153846 0.8305288461538461 0.05048076923076923 0.10336538461538461
1 0.5552884615384616 0.9278846153846154 0.09134615384615384 0.04807692307692308
1 0.9266826923076923 0.546875 0.04567307692307692 0.13221153846153846
1 0.9326923076923077 0.36538461538461536 0.03365384615384615 0.08173076923076923
1 0.4651442307692308 0.30288461538461536 0.07451923076923077 0.03365384615384615
1 0.18269230769230768 0.4014423076923077 0.038461538461538464 0.10576923076923077
0 0.42427884615384615 0.7295673076923077 0.06971153846153846 0.055288461538461536
0 0.34134615384615385 0.6550480769230769 0.07692307692307693 0.06490384615384616
0 0.23076923076923078 0.6550480769230769 0.08653846153846154 0.06490384615384616
