0 0.3972355769230769 0.6502403846153846 0.06370192307692307 0.06490384615384616
0 0.5853365384615384 0.3329326923076923 0.055288461538461536 0.05048076923076923
0 0.5498798076923077 0.46634615384615385 0.051682692307692304 0.057692307692307696
0 0.6153846153846154 0.4729567307692308 0.052884615384615384 0.056490384615384616
0 0.3605769230769231 0.5775240384615384 0.07211538461538461 0.05889423076923077
0 0.71875 0.3269230769230769 0.0673076923076923 0.0673076923076923
0 0.7956730769230769 0.36959134615384615 0.0673076923076923 0.07091346153846154
1 0.16947115384615385 0.8185096153846154 0.10336538461538461 0.05048076923076923
1 0.07211538461538461 0.44471153846153844 0.04807692307692308 0.09134615384615384
1 0.453125 0.0733173076923077 0.13221153846153846 0.04567307692307692
1 0.6352163461538461 0.06670673076923077 0.0829326923076923 0.03245192307692308
1 0.6977163461538461 0.5348557692307693 0.03485576923076923 0.07451923076923077
1 0.5991586538461539 0.8179086538461539 0.10697115384615384 0.039663461538461536
0 0.2704326923076923 0.5757211538461539 0.055288461538461536 0.06971153846153846
0 0.3449519230769231 0.6580528846153846 0.06490384615384616 0.07572115384615384
0 0.3449519230769231 0.7686298076923077 0.06490384615384616 0.08533653846153846
