0 0.6237980769230769 0.5192307692307693 0.05048076923076923 0.08653846153846154
1 0.2668269230769231 0.9242788461538461 0.07211538461538461 0.06490384615384616
1 0.53125 0.9254807692307693 0.09134615384615384 0.0625
0 0.18269230769230768 0.5793269230769231 0.057692307692307696 0.14903846153846154
1 0.8653846153846154 0.9230769230769231 0.12980769230769232 0.0673076923076923
1 0.7103365384615384 0.9230769230769231 0.11298076923076923 0.0673076923076923
0 0.7524038461538461 0.18870192307692307 0.04326923076923077 0.06490384615384616
0 0.8076923076923077 0.41225961538461536 0.052884615384615384 0.0889423076923077
0 0.7980769230769231 0.6322115384615384 0.057692307692307696 0.10096153846153846
0 0.7427884615384616 0.6334134615384616 0.057692307692307696 0.0985576923076923
0 0.8064903846153846 0.21634615384615385 0.055288461538461536 0.07692307692307693
0 0.7932692307692307 0.0985576923076923 0.057692307692307696 0.17307692307692307
