0 0.6237980769230769 0.4801682692307692 0.05048076923076923 0.08533653846153846
1 0.2668269230769231 0.07572115384615384 0.07211538461538461 0.06490384615384616
1 0.53125 0.0751201923076923 0.09134615384615384 0.06370192307692307
0 0.18329326923076922 0.42127403846153844 0.05889423076923077 0.1502403846153846
1 0.8647836538461539 0.07632211538461539 0.12860576923076922 0.06610576923076923
1 0.7103365384615384 0.07632211538461539 0.11298076923076923 0.06610576923076923
0 0.7518028846153846 0.8112980769230769 0.042067307692307696 0.06490384615384616
0 0.8076923076923077 0.5877403846153846 0.052884615384615384 0.0889423076923077
0 0.7974759615384616 0.36778846153846156 0.056490384615384616 0.10096153846153846
0 0.7427884615384616 0.36658653846153844 0.057692307692307696 0.0985576923076923
0 0.8064903846153846 0.7830528846153846 0.055288461538461536 0.07572115384615384
0 0.7938701923076923 0.9014423076923077 0.05889423076923077 0.17307692307692307
