1 0.7235576923076923 0.28365384615384615 0.03365384615384615 0.16346153846153846
0 0.4519230769230769 0.78125 0.07211538461538461 0.08653846153846154
0 0.6021634615384616 0.5865384615384616 0.07932692307692307 0.09134615384615384
0 0.5925480769230769 0.6274038461538461 0.06971153846153846 0.07211538461538461
0 0.5913461538461539 0.38341346153846156 0.07692307692307693 0.0889423076923077
0 0.6802884615384616 0.5036057692307693 0.08173076923076923 0.12259615384615384
0 0.7596153846153846 0.49038461538461536 0.09134615384615384 0.09615384615384616
0 0.39903846153846156 0.22596153846153846 0.09134615384615384 0.07692307692307693
0 0.15384615384615385 0.5661057692307693 0.07692307692307693 0.1466346153846154
1 0.0985576923076923 0.3581730769230769 0.03365384615384615 0.3942307692307692
1 0.18990384615384615 0.7235576923076923 0.03365384615384615 0.2644230769230769
1 0.8173076923076923 0.7019230769230769 0.028846153846153848 0.15384615384615385
