0 0.7451923076923077 0.6490384615384616 0.057692307692307696 0.1201923076923077
0 0.8533653846153846 0.6466346153846154 0.057692307692307696 0.11538461538461539
0 0.9146634615384616 0.5576923076923077 0.06490384615384616 0.16346153846153846
0 0.6382211538461539 0.7475961538461539 0.07451923076923077 0.1201923076923077
1 0.04807692307692308 0.7403846153846154 0.04326923076923077 0.27163461538461536
1 0.12980769230769232 0.5649038461538461 0.1201923076923077 0.09134615384615384
1 0.375 0.30288461538461536 0.08173076923076923 0.10096153846153846
1 0.5240384615384616 0.21033653846153846 0.1201923076923077 0.15144230769230768
1 0.6586538461538461 0.15384615384615385 0.07692307692307693 0.1201923076923077
0 0.29927884615384615 0.6394230769230769 0.06971153846153846 0.12980769230769232
0 0.28725961538461536 0.47475961538461536 0.0889423076923077 0.1466346153846154
0 0.8076923076923077 0.3918269230769231 0.07211538461538461 0.14423076923076922
