0 0.3515625 0.7451923076923077 0.12139423076923077 0.057692307692307696
0 0.35336538461538464 0.8533653846153846 0.11538461538461539 0.057692307692307696
0 0.4417067307692308 0.9146634615384616 0.1622596153846154 0.06490384615384616
0 0.25180288461538464 0.6382211538461539 0.11899038461538461 0.07451923076923077
1 0.26021634615384615 0.04807692307692308 0.2704326923076923 0.04326923076923077
1 0.43509615384615385 0.12920673076923078 0.09134615384615384 0.11899038461538461
1 0.6977163461538461 0.37439903846153844 0.10216346153846154 0.08052884615384616
1 0.7896634615384616 0.5234375 0.15144230769230768 0.11899038461538461
1 0.8467548076923077 0.6580528846153846 0.12139423076923077 0.07572115384615384
0 0.3605769230769231 0.29927884615384615 0.12980769230769232 0.06971153846153846
0 0.5252403846153846 0.28725961538461536 0.1466346153846154 0.0889423076923077
0 0.6081730769230769 0.8070913461538461 0.14423076923076922 0.07091346153846154
