0 0.543859649122807 0.060759493670886074 0.07675438596491228 0.10126582278481013
1 0.8092105263157895 0.7493670886075949 0.22807017543859648 0.02531645569620253
1 0.49451754385964913 0.7493670886075949 0.12938596491228072 0.035443037974683546
1 0.2236842105263158 0.7506329113924051 0.19956140350877194 0.03291139240506329
0 0.6633771929824561 0.7936708860759494 0.08552631578947369 0.09620253164556962
0 0.6633771929824561 0.7113924050632912 0.08771929824561403 0.10379746835443038
0 0.3125 0.3278481012658228 0.08552631578947369 0.09113924050632911
0 0.29276315789473684 0.2189873417721519 0.07675438596491228 0.0759493670886076
0 0.543859649122807 0.2518987341772152 0.08333333333333333 0.09873417721518987
0 0.6271929824561403 0.21645569620253163 0.09649122807017543 0.09367088607594937
0 0.5394736842105263 0.14177215189873418 0.07675438596491228 0.09620253164556962
