0 0.4566776315789473 0.9394430379746835 0.07708333333333334 0.10151898734177216
1 0.19101973684210524 0.25029113924050633 0.22769736842105262 0.025037974683544306
1 0.5054714912280702 0.2509873417721519 0.12892543859649122 0.03478481012658228
1 0.7765460526315788 0.24959493670886077 0.19879385964912283 0.032
0 0.3368092105263158 0.20648101265822785 0.08554824561403508 0.09594936708860759
0 0.3367982456140351 0.28922784810126584 0.08793859649122808 0.10291139240506329
0 0.6873903508771929 0.6717088607594937 0.08552631578947369 0.09177215189873418
0 0.707280701754386 0.7815822784810126 0.07710526315789473 0.07511392405063291
0 0.45607456140350877 0.747506329113924 0.08311403508771929 0.09875949367088607
0 0.37293859649122807 0.7829746835443039 0.09758771929824561 0.09455696202531647
0 0.4602850877192982 0.8587721518987341 0.07710526315789473 0.09597468354430379
