0 0.6956928838951311 0.19978401727861772 0.05805243445692884 0.04319654427645788
0 0.7546816479400749 0.2019438444924406 0.06554307116104868 0.038876889848812095
0 0.6563670411985019 0.5502159827213823 0.08614232209737828 0.04859611231101512
0 0.4653558052434457 0.5890928725701944 0.08052434456928839 0.04535637149028078
0 0.3295880149812734 0.6587473002159827 0.09363295880149813 0.05183585313174946
0 0.07958801498127341 0.6565874730021598 0.09363295880149813 0.047516198704103674
0 0.22659176029962547 0.7051835853131749 0.07865168539325842 0.047516198704103674
0 0.24344569288389514 0.838012958963283 0.06928838951310862 0.03995680345572354
0 0.24719101123595505 0.8866090712742981 0.08614232209737828 0.04319654427645788
0 0.46254681647940077 0.8358531317494601 0.0599250936329588 0.038876889848812095
0 0.5252808988764045 0.8396328293736501 0.06928838951310862 0.03995680345572354
0 0.596441947565543 0.7095032397408207 0.09176029962546817 0.047516198704103674
1 0.37546816479400746 0.21058315334773217 0.15168539325842698 0.0183585313174946
1 0.6713483146067416 0.02591792656587473 0.250936329588015 0.020518358531317494
1 0.5468164794007491 0.06533477321814254 0.026217228464419477 0.07775377969762419
1 0.5468164794007491 0.13444924406047515 0.026217228464419477 0.07667386609071274
1 0.9213483146067416 0.2132829373650108 0.06554307116104868 0.0183585313174946
1 0.9634831460674157 0.3023758099352052 0.028089887640449437 0.1490280777537797
1 0.9176029962546817 0.5210583153347732 0.07303370786516854 0.0183585313174946
1 0.8773408239700374 0.4562634989200864 0.035580524344569285 0.09503239740820735
1 0.299625468164794 0.3002159827213823 0.033707865168539325 0.15334773218142547
1 0.2958801498127341 0.458963282937365 0.035580524344569285 0.14146868250539957
1 0.10955056179775281 0.5696544276457883 0.033707865168539325 0.08747300215982722
1 0.19756554307116106 0.5232181425485961 0.1704119850187266 0.02267818574514039
1 0.10112359550561797 0.7748380129589633 0.035580524344569285 0.08855291576673865
1 0.10299625468164794 0.8596112311015118 0.035580524344569285 0.091792656587473
1 0.35580524344569286 0.9557235421166307 0.1348314606741573 0.016198704103671708
1 0.49625468164794007 0.9562634989200864 0.14794007490636704 0.0183585313174946
1 0.8717228464419475 0.8671706263498921 0.033707865168539325 0.09611231101511879
1 0.8726591760299626 0.7586393088552916 0.031835205992509365 0.13174946004319654
1 0.9091760299625468 0.6900647948164147 0.08426966292134831 0.016198704103671708
