1 0.25240384615384615 0.3581730769230769 0.028846153846153848 0.16346153846153846
0 0.8064903846153846 0.43509615384615385 0.0985576923076923 0.07692307692307693
0 0.6033653846153846 0.4110576923076923 0.052884615384615384 0.0625
0 0.5661057692307693 0.3918269230769231 0.040865384615384616 0.057692307692307696
0 0.4951923076923077 0.3954326923076923 0.04326923076923077 0.06009615384615385
0 0.4182692307692308 0.43990384615384615 0.057692307692307696 0.07211538461538461
0 0.41947115384615385 0.5192307692307693 0.055288461538461536 0.07211538461538461
0 0.4807692307692308 0.7199519230769231 0.0625 0.15625
0 0.7860576923076923 0.4326923076923077 0.04807692307692308 0.08173076923076923
0 0.4807692307692308 0.7776442307692307 0.0625 0.07932692307692307
1 0.8112980769230769 0.32572115384615385 0.026442307692307692 0.16105769230769232
1 0.2512019230769231 0.59375 0.026442307692307692 0.15865384615384615
