0 0.2644230769230769 0.7908653846153846 0.09134615384615384 0.1201923076923077
0 0.4098557692307692 0.5649038461538461 0.0985576923076923 0.0625
0 0.8149038461538461 0.6201923076923077 0.11057692307692307 0.0673076923076923
0 0.14302884615384615 0.5072115384615384 0.07932692307692307 0.057692307692307696
1 0.28966346153846156 0.38461538461538464 0.15144230769230768 0.028846153846153848
1 0.11057692307692307 0.38822115384615385 0.11057692307692307 0.026442307692307692
1 0.7259615384615384 0.38461538461538464 0.04807692307692308 0.028846153846153848
1 0.7860576923076923 0.5276442307692307 0.052884615384615384 0.10336538461538461
1 0.7860576923076923 0.7175480769230769 0.057692307692307696 0.0985576923076923
0 0.22115384615384615 0.6237980769230769 0.09615384615384616 0.06490384615384616
