1 0.33052884615384615 0.71875 0.1466346153846154 0.04326923076923077
1 0.8605769230769231 0.6802884615384616 0.038461538461538464 0.08173076923076923
1 0.7860576923076923 0.7211538461538461 0.13942307692307693 0.038461538461538464
1 0.3317307692307692 0.11778846153846154 0.1346153846153846 0.04807692307692308
1 0.7836538461538461 0.12139423076923077 0.13942307692307693 0.05048076923076923
0 0.23317307692307693 0.39783653846153844 0.038461538461538464 0.036057692307692304
0 0.6057692307692307 0.6454326923076923 0.057692307692307696 0.05048076923076923
0 0.3125 0.42427884615384615 0.057692307692307696 0.06009615384615385
0 0.31971153846153844 0.49038461538461536 0.052884615384615384 0.0673076923076923
0 0.2247596153846154 0.7043269230769231 0.06490384615384616 0.08173076923076923
0 0.6766826923076923 0.7379807692307693 0.055288461538461536 0.08173076923076923
1 0.40384615384615385 0.22596153846153846 0.03365384615384615 0.09615384615384616
1 0.40625 0.5913461538461539 0.03365384615384615 0.08173076923076923
