1 0.10336538461538461 0.4266826923076923 0.04807692307692308 0.13701923076923078
1 0.10336538461538461 0.6790865384615384 0.04326923076923077 0.06971153846153846
0 0.6730769230769231 0.6466346153846154 0.08653846153846154 0.04326923076923077
1 0.2800480769230769 0.078125 0.1466346153846154 0.028846153846153848
1 0.7067307692307693 0.08052884615384616 0.2932692307692308 0.03365384615384615
1 0.9098557692307693 0.18990384615384615 0.05048076923076923 0.10096153846153846
0 0.7848557692307693 0.5961538461538461 0.055288461538461536 0.07692307692307693
1 0.9014423076923077 0.4326923076923077 0.038461538461538464 0.10576923076923077
1 0.9014423076923077 0.84375 0.038461538461538464 0.0673076923076923
1 0.90625 0.7139423076923077 0.03365384615384615 0.10336538461538461
1 0.3942307692307692 0.9182692307692307 0.09134615384615384 0.03125
1 0.5144230769230769 0.9194711538461539 0.0625 0.03125
1 0.5913461538461539 0.9182692307692307 0.0673076923076923 0.038461538461538464
0 0.9230769230769231 0.5985576923076923 0.0673076923076923 0.07692307692307693
0 0.4891826923076923 0.7692307692307693 0.10336538461538461 0.04326923076923077
0 0.7307692307692307 0.8221153846153846 0.057692307692307696 0.0625
0 0.8497596153846154 0.7836538461538461 0.08413461538461539 0.038461538461538464
