1 0.5733173076923077 0.10336538461538461 0.13701923076923078 0.04807692307692308
1 0.32091346153846156 0.10336538461538461 0.06971153846153846 0.04326923076923077
0 0.3527644230769231 0.6730769230769231 0.042067307692307696 0.08653846153846154
1 0.9212740384615384 0.2800480769230769 0.030048076923076924 0.1466346153846154
1 0.9200721153846154 0.7067307692307693 0.03245192307692308 0.2932692307692308
1 0.8100961538461539 0.9098557692307693 0.10096153846153846 0.05048076923076923
0 0.4032451923076923 0.7848557692307693 0.07572115384615384 0.055288461538461536
1 0.5679086538461539 0.9020432692307693 0.10697115384615384 0.039663461538461536
1 0.15564903846153846 0.9020432692307693 0.06610576923076923 0.039663461538461536
1 0.2854567307692308 0.9056490384615384 0.1045673076923077 0.03245192307692308
1 0.08233173076923077 0.3948317307692308 0.030048076923076924 0.09254807692307693
1 0.08052884615384616 0.5144230769230769 0.03125 0.0625
1 0.0811298076923077 0.5913461538461539 0.037259615384615384 0.0673076923076923
0 0.40084134615384615 0.9230769230769231 0.07572115384615384 0.0673076923076923
0 0.23137019230769232 0.4891826923076923 0.04447115384615385 0.10336538461538461
0 0.17848557692307693 0.7301682692307693 0.06370192307692307 0.056490384615384616
0 0.21634615384615385 0.8497596153846154 0.038461538461538464 0.08413461538461539
