1 0.6642375 0.5681291666666667 0.057374999999999995 0.020858333333333333
1 0.413996875 0.057695833333333335 0.10326874999999999 0.02364166666666667
1 0.586525 0.05421666666666667 0.121 0.02503333333333333
1 0.41180625 0.6995583333333334 0.117875 0.02781666666666667
0 0.461403125 0.3115208333333333 0.05434375 0.07510833333333333
0 0.555234375 0.310825 0.05424375000000001 0.07371666666666667
0 0.5793281250000001 0.4276541666666666 0.05841875 0.070925
0 0.622615625 0.5472625 0.04276875 0.05980833333333333
0 0.567803125 0.6154125 0.06060625 0.08205833333333333
0 0.567803125 0.7294625 0.06060625 0.08762500000000001
0 0.587621875 0.7864833333333333 0.058518749999999994 0.07093333333333333
