0 0.6616586538461539 0.46935096153846156 0.0733173076923077 0.10697115384615384
0 0.7145432692307693 0.2998798076923077 0.06850961538461539 0.1141826923076923
0 0.8227163461538461 0.4933894230769231 0.10216346153846154 0.10697115384615384
0 0.7524038461538461 0.6664663461538461 0.0673076923076923 0.09735576923076923
1 0.18810096153846154 0.28305288461538464 0.03485576923076923 0.20072115384615385
1 0.9308894230769231 0.22235576923076922 0.030048076923076924 0.17548076923076922
1 0.9302884615384616 0.7391826923076923 0.03365384615384615 0.20432692307692307
1 0.9308894230769231 0.46334134615384615 0.030048076923076924 0.14302884615384615
0 0.1893028846153846 0.4260817307692308 0.13822115384615385 0.10697115384615384
0 0.6352163461538461 0.8828125 0.06850961538461539 0.21754807692307693
