0 0.46875 0.6610576923076923 0.10576923076923077 0.07211538461538461
0 0.3004807692307692 0.7139423076923077 0.11538461538461539 0.0673076923076923
0 0.49278846153846156 0.8221153846153846 0.10576923076923077 0.10096153846153846
0 0.6658653846153846 0.7524038461538461 0.09615384615384616 0.0673076923076923
1 0.28365384615384615 0.1875 0.20192307692307693 0.03365384615384615
1 0.22235576923076922 0.9302884615384616 0.17548076923076922 0.03125
1 0.7391826923076923 0.9302884615384616 0.20432692307692307 0.03365384615384615
1 0.4639423076923077 0.9302884615384616 0.14423076923076922 0.028846153846153848
0 0.4254807692307692 0.18990384615384615 0.10576923076923077 0.13942307692307693
0 0.8822115384615384 0.6346153846153846 0.21634615384615385 0.0673076923076923
