0 0.39663461538461536 0.48197115384615385 0.15384615384615385 0.09375
0 0.5072115384615384 0.9375 0.16826923076923078 0.11538461538461539
0 0.5048076923076923 0.71875 0.16346153846153846 0.09615384615384616
0 0.2644230769230769 0.7355769230769231 0.125 0.07211538461538461
0 0.3317307692307692 0.7223557692307693 0.13942307692307693 0.09375
1 0.057692307692307696 0.20192307692307693 0.04807692307692308 0.057692307692307696
1 0.7920673076923077 0.27403846153846156 0.22355769230769232 0.04326923076923077
1 0.3401442307692308 0.2800480769230769 0.20432692307692307 0.05048076923076923
1 0.7668269230769231 0.9014423076923077 0.16346153846153846 0.04326923076923077
1 0.2403846153846154 0.8966346153846154 0.16826923076923078 0.038461538461538464
0 0.5552884615384616 0.24278846153846154 0.14423076923076922 0.11057692307692307
0 0.2644230769230769 0.2091346153846154 0.14903846153846154 0.07692307692307693
