1 0.41225961538461536 0.21213942307692307 0.12740384615384615 0.025240384615384616
1 0.19831730769230768 0.2109375 0.14182692307692307 0.027644230769230768
0 0.6478365384615384 0.6706730769230769 0.06009615384615385 0.052884615384615384
0 0.7974759615384616 0.5919471153846154 0.07572115384615384 0.06850961538461539
0 0.6706730769230769 0.5330528846153846 0.07692307692307693 0.051682692307692304
0 0.8215144230769231 0.48257211538461536 0.07091346153846154 0.056490384615384616
0 0.7644230769230769 0.42788461538461536 0.07211538461538461 0.07211538461538461
0 0.6887019230769231 0.43149038461538464 0.07932692307692307 0.07451923076923077
0 0.17548076923076922 0.9134615384615384 0.0673076923076923 0.0673076923076923
0 0.20612980769230768 0.8221153846153846 0.08533653846153846 0.07692307692307693
0 0.1856971153846154 0.7493990384615384 0.06370192307692307 0.06129807692307692
0 0.2013221153846154 0.6989182692307693 0.07572115384615384 0.07572115384615384
0 0.27884615384615385 0.6850961538461539 0.07692307692307693 0.0673076923076923
0 0.23557692307692307 0.6243990384615384 0.0673076923076923 0.056490384615384616
0 0.18028846153846154 0.5114182692307693 0.057692307692307696 0.06610576923076923
1 0.6418269230769231 0.8034855769230769 0.07692307692307693 0.039663461538461536
1 0.8251201923076923 0.8028846153846154 0.13581730769230768 0.028846153846153848
1 0.6334134615384616 0.21213942307692307 0.13221153846153846 0.025240384615384616
1 0.3858173076923077 0.7998798076923077 0.15144230769230768 0.037259615384615384
1 0.8533653846153846 0.21213942307692307 0.1201923076923077 0.025240384615384616
0 0.7752403846153846 0.7463942307692307 0.06009615384615385 0.055288461538461536
