1 0.21153846153846154 0.41225961538461536 0.02403846153846154 0.12740384615384615
1 0.21153846153846154 0.19831730769230768 0.028846153846153848 0.14182692307692307
0 0.6706730769230769 0.6478365384615384 0.052884615384615384 0.06009615384615385
0 0.5913461538461539 0.7980769230769231 0.0673076923076923 0.07692307692307693
0 0.5336538461538461 0.6706730769230769 0.052884615384615384 0.07692307692307693
0 0.4831730769230769 0.8221153846153846 0.057692307692307696 0.07211538461538461
0 0.42788461538461536 0.7644230769230769 0.07211538461538461 0.07211538461538461
0 0.43149038461538464 0.6887019230769231 0.07451923076923077 0.07932692307692307
0 0.9134615384615384 0.17548076923076922 0.0673076923076923 0.0673076923076923
0 0.8221153846153846 0.20673076923076922 0.07692307692307693 0.08653846153846154
0 0.75 0.18509615384615385 0.0625 0.0625
0 0.6995192307692307 0.20192307692307693 0.07692307692307693 0.07692307692307693
0 0.6850961538461539 0.27884615384615385 0.0673076923076923 0.07692307692307693
0 0.625 0.23557692307692307 0.057692307692307696 0.0673076923076923
0 0.5120192307692307 0.18028846153846154 0.0673076923076923 0.057692307692307696
1 0.8028846153846154 0.6418269230769231 0.038461538461538464 0.07692307692307693
1 0.8028846153846154 0.8245192307692307 0.028846153846153848 0.13701923076923078
1 0.21153846153846154 0.6334134615384616 0.02403846153846154 0.13221153846153846
1 0.8004807692307693 0.3858173076923077 0.038461538461538464 0.15144230769230768
1 0.21153846153846154 0.8533653846153846 0.02403846153846154 0.1201923076923077
0 0.7463942307692307 0.7752403846153846 0.055288461538461536 0.06009615384615385
