0 0.2512019230769231 0.3167067307692308 0.05048076923076923 0.07572115384615384
0 0.3563701923076923 0.24939903846153846 0.04447115384615385 0.07091346153846154
0 0.32752403846153844 0.4230769230769231 0.04927884615384615 0.08173076923076923
0 0.5162259615384616 0.35396634615384615 0.042067307692307696 0.078125
0 0.7289663461538461 0.3557692307692308 0.054086538461538464 0.08173076923076923
0 0.7758413461538461 0.3551682692307692 0.046875 0.07572115384615384
0 0.4639423076923077 0.5276442307692307 0.052884615384615384 0.07451923076923077
0 0.32091346153846156 0.5288461538461539 0.06009615384615385 0.07211538461538461
1 0.3161057692307692 0.4795673076923077 0.040865384615384616 0.04567307692307692
1 0.27283653846153844 0.48197115384615385 0.036057692307692304 0.040865384615384616
1 0.9242788461538461 0.19170673076923078 0.03125 0.09014423076923077
1 0.8131009615384616 0.12800480769230768 0.04927884615384615 0.04447115384615385
1 0.7734375 0.1219951923076923 0.037259615384615384 0.056490384615384616
1 0.7313701923076923 0.1268028846153846 0.030048076923076924 0.051682692307692304
1 0.6911057692307693 0.12379807692307693 0.055288461538461536 0.04567307692307692
1 0.5234375 0.12740384615384615 0.037259615384615384 0.04807692307692308
1 0.43930288461538464 0.12800480769230768 0.09495192307692307 0.04927884615384615
1 0.36177884615384615 0.12319711538461539 0.040865384615384616 0.05889423076923077
0 0.46274038461538464 0.7397836538461539 0.05048076923076923 0.07572115384615384
0 0.5084134615384616 0.8155048076923077 0.05048076923076923 0.09254807692307693
1 0.06971153846153846 0.19771634615384615 0.028846153846153848 0.078125
1 0.07091346153846154 0.35877403846153844 0.026442307692307692 0.0829326923076923
1 0.07271634615384616 0.28185096153846156 0.030048076923076924 0.06370192307692307
1 0.8419471153846154 0.7878605769230769 0.04447115384615385 0.051682692307692304
1 0.7848557692307693 0.7908653846153846 0.06971153846153846 0.052884615384615384
1 0.7103365384615384 0.7836538461538461 0.07932692307692307 0.04807692307692308
1 0.6394230769230769 0.7848557692307693 0.07692307692307693 0.040865384615384616
1 0.4014423076923077 0.7800480769230769 0.04807692307692308 0.04567307692307692
1 0.9224759615384616 0.6640625 0.02283653846153846 0.06370192307692307
1 0.921875 0.5751201923076923 0.03125 0.12620192307692307
1 0.9242788461538461 0.45132211538461536 0.026442307692307692 0.11899038461538461
