0 0.7487980769230769 0.3173076923076923 0.05048076923076923 0.07692307692307693
0 0.6442307692307693 0.25 0.04326923076923077 0.07211538461538461
0 0.6730769230769231 0.4230769230769231 0.04807692307692308 0.08173076923076923
0 0.4831730769230769 0.35336538461538464 0.04326923076923077 0.07692307692307693
0 0.27163461538461536 0.3557692307692308 0.052884615384615384 0.08173076923076923
0 0.22355769230769232 0.3557692307692308 0.04807692307692308 0.07692307692307693
0 0.5360576923076923 0.5276442307692307 0.052884615384615384 0.07451923076923077
0 0.6790865384615384 0.5288461538461539 0.06009615384615385 0.07211538461538461
1 0.6838942307692307 0.4795673076923077 0.040865384615384616 0.04567307692307692
1 0.7271634615384616 0.48197115384615385 0.036057692307692304 0.040865384615384616
1 0.07572115384615384 0.19230769230769232 0.03125 0.09134615384615384
1 0.1875 0.12740384615384615 0.04807692307692308 0.04326923076923077
1 0.22596153846153846 0.12259615384615384 0.038461538461538464 0.057692307692307696
1 0.2692307692307692 0.12740384615384615 0.028846153846153848 0.052884615384615384
1 0.3088942307692308 0.12379807692307693 0.055288461538461536 0.04567307692307692
1 0.47596153846153844 0.12740384615384615 0.038461538461538464 0.04807692307692308
1 0.5600961538461539 0.12740384615384615 0.09615384615384616 0.04807692307692308
1 0.6382211538461539 0.12259615384615384 0.040865384615384616 0.057692307692307696
0 0.5372596153846154 0.7403846153846154 0.05048076923076923 0.07692307692307693
0 0.49158653846153844 0.8149038461538461 0.05048076923076923 0.09134615384615384
1 0.9302884615384616 0.1971153846153846 0.028846153846153848 0.07692307692307693
1 0.9290865384615384 0.3581730769230769 0.026442307692307692 0.08173076923076923
1 0.9278846153846154 0.28125 0.028846153846153848 0.0625
1 0.15865384615384615 0.7884615384615384 0.04326923076923077 0.052884615384615384
1 0.21514423076923078 0.7908653846153846 0.06971153846153846 0.052884615384615384
1 0.28966346153846156 0.7836538461538461 0.07932692307692307 0.04807692307692308
1 0.3605769230769231 0.7848557692307693 0.07692307692307693 0.040865384615384616
1 0.5985576923076923 0.7800480769230769 0.04807692307692308 0.04567307692307692
1 0.07692307692307693 0.6634615384615384 0.02403846153846154 0.0625
1 0.078125 0.5745192307692307 0.03125 0.125
1 0.07572115384615384 0.4519230769230769 0.026442307692307692 0.1201923076923077
