1 0.90625 0.5576923076923077 0.03365384615384615 0.057692307692307696
1 0.9014423076923077 0.38461538461538464 0.038461538461538464 0.057692307692307696
1 0.9014423076923077 0.3269230769230769 0.028846153846153848 0.057692307692307696
1 0.765625 0.13341346153846154 0.040865384615384616 0.07692307692307693
1 0.5240384615384616 0.052884615384615384 0.04326923076923077 0.02403846153846154
1 0.39903846153846156 0.057692307692307696 0.04807692307692308 0.019230769230769232
1 0.23677884615384615 0.3557692307692308 0.036057692307692304 0.11538461538461539
1 0.23677884615384615 0.21514423076923078 0.040865384615384616 0.07451923076923077
1 0.23798076923076922 0.1310096153846154 0.03365384615384615 0.07692307692307693
0 0.6466346153846154 0.8413461538461539 0.11057692307692307 0.1201923076923077
0 0.2860576923076923 0.5528846153846154 0.07211538461538461 0.04807692307692308
0 0.3737980769230769 0.5913461538461539 0.06490384615384616 0.04807692307692308
0 0.42427884615384615 0.5637019230769231 0.06490384615384616 0.04567307692307692
0 0.8269230769230769 0.5096153846153846 0.0673076923076923 0.052884615384615384
0 0.7956730769230769 0.27283653846153844 0.08653846153846154 0.05048076923076923
0 0.6778846153846154 0.27283653846153844 0.125 0.055288461538461536
0 0.6129807692307693 0.19110576923076922 0.07692307692307693 0.04567307692307692
0 0.5360576923076923 0.13221153846153846 0.057692307692307696 0.04807692307692308
0 0.4543269230769231 0.19471153846153846 0.07692307692307693 0.04807692307692308
0 0.4519230769230769 0.14783653846153846 0.07211538461538461 0.04567307692307692
1 0.7644230769230769 0.6802884615384616 0.04326923076923077 0.04807692307692308
1 0.5216346153846154 0.9471153846153846 0.07692307692307693 0.02403846153846154
1 0.33653846153846156 0.9495192307692307 0.08173076923076923 0.028846153846153848
1 0.23918269230769232 0.6634615384615384 0.040865384615384616 0.052884615384615384
1 0.28966346153846156 0.6033653846153846 0.06490384615384616 0.04326923076923077
1 0.31971153846153844 0.5024038461538461 0.038461538461538464 0.04807692307692308
1 0.2860576923076923 0.4543269230769231 0.07692307692307693 0.03365384615384615
1 0.9026442307692307 0.4651442307692308 0.040865384615384616 0.06009615384615385
0 0.8269230769230769 0.6538461538461539 0.0673076923076923 0.052884615384615384
0 0.6418269230769231 0.5841346153846154 0.057692307692307696 0.038461538461538464
0 0.6418269230769231 0.6442307692307693 0.052884615384615384 0.04807692307692308
