0 0.6826923076923077 0.5865384615384616 0.08653846153846154 0.0673076923076923
1 0.18509615384615385 0.9194711538461539 0.14903846153846154 0.040865384615384616
1 0.7548076923076923 0.9110576923076923 0.15384615384615385 0.040865384615384616
1 0.6995192307692307 0.14423076923076922 0.16826923076923078 0.04326923076923077
0 0.6634615384615384 0.6658653846153846 0.09615384615384616 0.07692307692307693
0 0.2692307692307692 0.6646634615384616 0.09134615384615384 0.08413461538461539
0 0.5552884615384616 0.5048076923076923 0.09615384615384616 0.08173076923076923
1 0.46033653846153844 0.9158653846153846 0.1466346153846154 0.03365384615384615
0 0.0985576923076923 0.5913461538461539 0.10096153846153846 0.07211538461538461
0 0.37259615384615385 0.6646634615384616 0.09615384615384616 0.08413461538461539
0 0.5745192307692307 0.1658653846153846 0.10096153846153846 0.09134615384615384
