1 0.7506127450980392 0.5968402574605032 0.1053921568627451 0.016968987712112346
1 0.2420343137254902 0.13926272674078408 0.29411764705882354 0.022235225277940317
0 0.42830882352941174 0.155061439438268 0.0784313725490196 0.04564072557050907
0 0.41973039215686275 0.1211234640140433 0.08455882352941177 0.047396138092451724
1 0.7064950980392157 0.9049151550614395 0.1053921568627451 0.015213575190169689
1 0.2536764705882353 0.5939145699239321 0.24142156862745098 0.011117612638970159
1 0.6660539215686274 0.1398478642480983 0.24509803921568626 0.018139262726740785
0 0.5582107843137255 0.6126389701579871 0.11642156862745098 0.05441778818022235
0 0.6268382352941176 0.8171445289643066 0.10784313725490197 0.0403744880046811
0 0.5508578431372549 0.5231129315389117 0.09558823529411764 0.0526623756582797
0 0.44730392156862747 0.4575775307197191 0.11029411764705882 0.04154476301930954
0 0.664828431372549 0.4777647747220597 0.10784313725490197 0.0403744880046811
0 0.7475490196078431 0.46459918080748974 0.1053921568627451 0.04154476301930954
